1024 1
0
869
1
633
2
706
3
865
4
169
5
848
6
599
7
736
8
369
9
542
10
383
11
405
12
585
13
742
14
365
15
626
16
985
17
360
18
392
19
948
20
445
21
1019
22
132
23
112
24
433
25
301
26
764
27
722
28
777
29
347
30
599
31
941
32
1015
33
855
34
342
35
982
36
635
37
866
38
634
39
542
40
462
41
766
42
540
43
254
44
971
45
480
46
754
47
128
48
1011
49
819
50
638
51
694
52
507
53
80
54
649
55
950
56
834
57
430
58
226
59
734
60
210
61
179
62
648
63
813
64
767
65
418
66
796
67
911
68
592
69
299
70
429
68
71
72
435
73
424
74
532
75
890
76
165
77
842
78
649
79
531
80
422
81
285
82
983
83
957
84
620
85
860
86
1022
87
497
88
621
89
990
90
233
91
832
92
384
93
958
94
409
95
623
96
272
97
287
98
865
99
848
100
718
94
101
102
778
103
604
104
186
105
800
106
972
22
107
108
335
109
217
110
256
111
803
112
956
113
135
114
526
115
762
116
724
117
422
118
884
119
339
120
971
121
596
122
946
50
123
61
124
125
440
126
486
127
720
128
196
129
574
130
132
131
447
132
831
37
133
134
992
135
1000
23
136
137
827
138
592
139
342
140
213
141
570
77
142
143
732
144
246
145
900
146
625
147
584
148
346
149
481
150
515
151
475
114
152
153
341
154
910
155
432
156
172
157
674
158
272
159
466
25
160
1
161
162
489
128
163
125
164
165
444
84
166
17
167
168
638
169
753
170
769
171
615
172
896
173
866
16
174
85
175
176
593
177
784
178
792
179
1003
180
549
181
535
56
182
183
346
184
358
185
193
186
393
187
260
188
423
189
787
190
788
191
538
177
192
193
902
20
194
195
428
196
736
197
483
198
884
40
199
200
857
201
1007
202
251
203
251
204
974
205
754
206
297
207
906
208
829
209
673
210
713
211
280
212
660
213
233
214
735
172
215
216
432
217
218
218
366
219
901
220
500
221
292
222
510
173
223
224
756
47
225
226
477
227
812
227
228
229
513
230
551
231
764
232
868
233
637
234
974
212
235
225
236
237
276
238
855
239
460
240
385
241
444
242
323
243
342
244
408
245
1012
246
661
247
394
81
248
249
517
250
489
84
251
252
980
253
836
254
394
35
255
256
991
257
381
258
456
259
458
138
260
261
744
77
262
98
263
264
590
265
426
35
266
267
304
268
781
269
563
264
270
271
550
91
272
253
273
274
653
198
275
276
285
96
277
278
531
203
279
206
280
281
589
151
282
184
283
284
750
113
285
286
339
287
809
288
404
289
738
290
538
156
291
292
957
293
693
294
659
295
551
296
455
46
297
229
298
299
478
270
300
301
659
302
557
202
303
304
605
305
651
306
321
307
918
308
568
179
309
101
310
311
838
312
443
313
331
314
415
105
315
316
502
201
317
263
318
319
984
175
320
321
937
322
364
323
947
51
324
325
418
326
650
327
715
328
989
329
586
330
737
331
655
262
332
333
655
125
334
335
848
19
336
337
497
338
859
339
346
338
340
341
693
312
342
192
343
344
999
345
897
346
452
347
745
81
348
286
349
350
583
351
375
159
352
353
541
354
410
355
636
105
356
150
357
259
358
153
359
2
360
299
361
362
530
363
712
364
925
199
365
291
366
367
833
142
368
369
578
269
370
371
1007
313
372
373
1012
374
928
133
375
376
630
377
594
378
808
62
379
380
520
258
381
382
784
383
922
232
384
24
385
377
386
387
729
388
470
389
1006
281
390
342
391
351
392
393
715
394
971
395
404
396
608
129
397
23
398
339
399
324
400
146
401
402
572
403
924
404
827
405
659
406
1002
407
731
170
408
409
551
164
410
411
952
412
608
413
964
184
414
415
771
416
453
230
417
207
418
340
419
420
787
278
421
422
446
423
934
21
424
413
425
78
426
234
427
228
428
429
499
430
847
431
1018
432
865
368
433
434
435
196
435
436
517
236
437
44
438
422
439
440
582
441
704
442
679
219
443
444
922
130
445
446
850
447
878
448
753
449
808
450
731
393
451
452
803
96
453
441
454
455
908
136
456
457
523
458
790
93
459
31
460
461
877
462
812
463
873
464
642
260
465
466
727
397
467
468
897
469
990
287
470
471
909
472
671
411
473
220
474
392
475
191
476
303
477
478
592
479
684
165
480
332
481
482
693
483
582
40
484
485
770
267
486
387
487
488
666
489
656
68
490
491
594
289
492
53
493
494
977
495
864
224
496
497
715
498
728
71
499
395
500
8
501
502
755
79
503
504
761
505
743
506
644
507
957
458
508
509
824
326
510
312
511
497
512
513
915
514
584
6
515
277
516
517
684
30
518
519
1013
268
520
314
521
20
522
523
993
524
738
429
525
526
617
227
527
528
915
436
529
530
997
210
531
44
532
533
960
104
534
480
535
536
857
537
804
538
957
539
876
194
540
541
649
542
981
514
543
50
544
372
545
546
929
346
547
548
673
161
549
258
550
245
551
304
552
402
553
554
1010
91
555
556
940
557
935
558
645
384
559
202
560
56
561
344
562
116
563
57
564
554
565
566
662
318
567
28
568
77
569
570
866
119
571
312
572
66
573
428
574
575
881
576
919
577
1004
92
578
579
727
272
580
581
729
582
623
75
583
584
717
317
585
586
952
587
937
56
588
558
589
297
590
521
591
153
592
593
639
594
759
595
821
182
596
597
654
294
598
599
704
600
829
266
601
524
602
523
603
234
604
605
1019
304
606
533
607
608
838
32
609
574
610
368
611
331
612
613
830
614
783
165
615
41
616
617
898
618
721
619
908
587
620
36
621
15
622
623
925
624
648
625
738
626
679
442
627
628
713
629
743
630
827
631
717
479
632
243
633
634
905
190
635
636
988
181
637
591
638
633
639
640
829
478
641
642
793
223
643
210
644
173
645
646
1022
647
829
16
648
275
649
650
908
651
948
456
652
3
653
625
654
312
655
656
991
318
657
222
658
659
729
660
749
623
661
662
1017
457
663
664
695
488
665
648
666
667
988
344
668
348
669
436
670
374
671
585
672
673
928
674
679
284
675
38
676
505
677
25
678
297
679
541
680
335
681
585
682
478
683
684
1015
685
737
686
913
687
874
209
688
380
689
589
690
246
691
418
692
220
693
419
694
695
917
696
866
519
697
698
876
552
699
97
700
218
701
702
1018
109
703
704
773
705
793
271
706
127
707
708
996
144
709
491
710
458
711
712
802
713
952
501
714
715
1014
661
716
257
717
357
718
719
764
369
720
453
721
688
722
253
723
501
724
562
725
726
812
29
727
728
847
134
729
652
730
291
731
732
869
430
733
734
846
449
735
62
736
676
737
497
738
739
1015
550
740
515
741
561
742
487
743
196
744
191
745
746
1016
747
803
489
748
550
749
136
750
505
751
108
752
381
753
553
754
731
755
756
779
624
757
596
758
606
759
591
760
179
761
762
868
517
763
512
764
423
765
695
766
767
971
635
768
769
912
770
938
771
820
472
772
162
773
563
774
775
859
738
776
777
823
284
778
779
820
582
780
200
781
259
782
783
832
784
968
681
785
576
786
787
791
592
788
689
789
790
902
631
791
106
792
793
824
540
794
698
795
665
796
390
797
617
798
41
799
317
800
705
801
802
926
472
803
219
804
161
805
684
806
807
897
374
808
217
809
498
810
698
811
562
812
615
813
281
814
330
815
722
816
31
817
571
818
756
819
552
820
821
948
822
965
172
823
824
931
825
928
826
1015
694
827
373
828
447
829
570
830
59
831
454
832
440
833
88
834
833
835
253
836
116
837
731
838
19
839
776
840
305
841
842
910
293
843
0
844
368
845
152
846
847
944
848
955
124
849
821
850
134
851
765
852
345
853
854
1022
584
855
55
856
857
1007
552
858
370
859
860
954
861
1018
180
862
285
863
830
864
595
865
754
866
406
867
19
868
79
869
617
870
91
871
287
872
199
873
225
874
758
875
876
954
877
965
390
878
618
879
271
880
107
881
10
882
360
883
349
884
464
885
96
886
879
887
400
888
262
889
548
890
577
891
892
950
893
989
383
894
753
895
896
970
175
897
812
898
124
899
42
900
119
901
843
902
359
903
904
995
241
905
180
906
861
907
320
908
540
909
455
910
576
911
912
999
462
913
583
914
249
915
476
916
42
917
526
918
886
919
753
920
111
921
120
922
508
923
716
924
140
925
4
926
543
927
928
971
133
929
6
930
328
931
264
932
933
1000
712
934
783
935
844
936
866
937
938
995
605
939
49
940
941
968
675
942
512
943
225
944
594
945
908
946
261
947
855
948
528
949
400
950
894
951
842
952
68
953
920
954
309
955
798
956
817
957
538
958
192
959
79
960
626
961
478
962
231
963
669
964
50
965
358
966
794
967
845
968
120
969
615
970
928
971
371
972
740
973
246
974
557
975
772
976
34
977
524
978
160
979
408
980
526
981
982
1014
270
983
958
984
365
985
656
986
45
987
467
988
772
989
15
990
963
991
945
992
578
993
830
994
546
995
170
996
873
997
830
998
437
999
786
1000
246
1001
715
1002
811
1003
674
1004
705
1005
116
1006
255
1007
617
1008
818
1009
334
1010
840
1011
472
1012
826
1013
799
1014
835
1015
478
1016
710
1017
212
1018
803
1019
828
1020
637
1021
579
1022
143
1023
0.295788
0.773631
0.354102
0.146325
0.155364
0.41538
0.078108
0.292312
0.095703
0.317108
0.119561
0.296671
0.884062
0.850461
0.393585
0.943444
0.167581
0.108452
0.984714
0.532307
0.90247
0.007551
0.415428
0.085822
0.902955
0.028732
0.888518
0.682659
0.866328
0.12829
0.360689
0.584875
0.679615
0.408961
0.321755
0.754761
0.070534
0.861757
0.806065
0.948043
0.67458
0.728864
0.438879
0.322677
0.340615
0.489715
0.625359
0.403432
0.914572
0.125925
0.032468
0.426308
0.808886
0.446055
0.612368
0.662441
0.746512
0.316363
0.382819
0.828303
0.729034
0.471432
0.720302
0.555973
0.891228
0.165257
0.161261
0.816852
0.336012
0.156225
0.892684
0.547419
0.7764
0.114496
0.629889
0.747354
0.070914
0.616958
0.529291
0.539221
0.180559
0.993983
0.493419
0.019782
0.18564
0.62044
0.606725
0.795048
0.27909
0.79945
0.2372
0.353004
0.158336
0.230634
0.656975
0.204435
0.847684
0.647459
0.17553
0.047335
0.43732
0.34431
0.104812
0.420967
0.868098
0.523216
0.021179
0.884234
0.991963
0.701393
0.425661
0.300071
0.267121
0.375367
0.247509
0.667
0.262112
0.311486
0.975716
0.050505
0.93996
0.298323
0.653589
0.405099
0.474114
0.987589
0.010375
0.260421
0.07094
0.733012
0.516273
0.557544
0.075924
0.19268
0.691382
0.289646
0.624002
0.490691
0.462539
0.751096
0.366351
0.883155
0.78628
0.053038
0.45364
0.088413
0.315171
0.431989
0.095381
0.811233
0.797073
0.258995
0.582424
0.220283
0.683425
0.873695
0.139005
0.08033
0.903208
0.48011
0.113938
0.181048
0.916596
0.93993
0.833655
0.488084
0.02803
0.508905
0.588905
0.640496
0.457237
0.882646
0.943453
0.974779
0.560109
0.593847
0.202066
0.321579
0.748452
0.518478
0.374295
0.604898
0.813809
0.881978
0.367381
0.933989
0.637965
0.325436
0.198196
0.747168
0.490827
0.651349
0.918918
0.593328
0.800223
0.734202
0.581706
0.824819
0.230732
0.215305
0.028977
0.059674
0.714613
0.292887
0.33058
0.181679
0.225881
0.340241
0.964008
0.19891
0.576095
0.614445
0.311363
0.571523
0.022292
0.376812
0.894811
0.419755
0.239425
0.613277
0.889691
0.679225
0.132616
0.995805
0.856849
0.72838
0.740487
0.173249
0.588961
0.382142
0.16863
0.619668
0.702629
0.772275
0.356006
0.335123
0.191728
0.442884
0.406074
0.428894
0.472433
0.948801
0.739434
0.506672
0.006797
0.709766
0.765217
0.838073
0.783609
0.331152
0.091154
0.317123
0.345197
0.858134
0.008909
0.206438
0.072173
0.810168
0.976211
0.77414
0.877075
0.633312
0.548137
0.496409
0.352268
0.042877
0.373201
0.316873
0.650164
0.558233
0.98431
0.674733
0.830584
0.995713
0.297945
0.022831
0.388032
0.805042
0.629026
0.56707
0.227614
0.463389
0.925801
0.306714
0.516257
0.628276
0.389792
0.901527
0.683409
0.564281
0.549254
0.693567
0.02896
0.787465
0.498883
0.775977
0.172246
0.853041
0.283845
0.523427
0.391681
0.504508
0.040065
0.232788
0.158348
0.825068
0.989395
0.751234
0.642606
0.755633
0.138504
0.853588
0.844826
0.340133
0.21105
0.138463
0.859836
0.364314
0.455036
0.940654
0.601249
0.928604
0.684894
0.354416
0.631496
0.794802
0.147488
0.645066
0.30696
0.815362
0.306336
0.592495
0.892318
0.497123
0.326557
0.037889
0.840632
0.160674
0.523248
0.528903
0.004471
0.194616
0.215728
0.477734
0.894779
0.233361
0.946033
0.088729
0.933132
0.696438
0.494236
0.126213
0.237913
0.594279
0.657373
0.815076
0.148023
0.448193
0.810437
0.600508
0.321841
0.948553
0.837327
0.685468
0.294289
0.967307
0.934765
0.052534
0.54493
0.525007
0.754922
0.105405
0.503302
0.580749
0.693506
0.549788
0.41571
0.418281
0.498273
0.023783
0.681126
0.733691
0.516596
0.571591
0.92808
0.714459
0.118418
0.44539
0.20834
0.102373
0.046976
0.872009
0.680499
0.108052
0.080109
0.508425
0.611141
0.124004
0.954175
0.997934
0.043099
0.459957
0.414177
0.895857
0.206661
0.051034
0.036381
0.532714
0.668594
0.249315
0.278065
0.461816
0.741081
0.757683
0.423929
0.015028
0.901589
0.029922
0.262371
0.493158
0.386854
0.979364
0.497893
0.932649
0.04698
0.021518
0.413952
0.917303
0.879936
0.288026
0.604063
0.226193
0.391274
0.937318
0.690081
0.268751
0.715821
0.776772
0.356064
0.692462
0.02857
0.461386
0.952112
0.762701
0.89762
0.64168
0.409598
0.966974
0.064171
0.602105
0.511533
0.406738
0.302845
0.099111
0.013974
0.903542
0.826349
0.919156
0.877541
0.418655
0.552552
0.462118
0.241761
0.434544
0.398887
0.356549
0.898335
0.458557
0.504123
0.634667
0.47865
0.055838
0.329379
0.429111
0.287919
0.046394
0.428694
0.168826
0.153096
0.498598
0.788723
0.093984
0.376939
0.569244
0.915926
0.111892
0.440602
0.79732
0.866555
0.547068
0.568799
0.706255
0.314112
0.551815
0.688175
0.080371
0.492433
0.701778
0.953167
0.841615
0.020493
0.940145
0.538591
0.419957
0.274905
0.614284
0.019628
0.306619
0.119527
0.480677
0.226274
0.181321
0.548067
0.721143
0.082699
0.469464
0.563283
0.795885
0.561761
0.154602
0.086354
0.672796
0.865803
0.842341
0.623657
0.297503
0.298868
0.785631
0.594295
0.81252
0.698667
0.839158
0.680156
0.595039
0.450572
0.9757
0.743448
0.500231
0.513651
0.240171
0.274084
0.270287
0.68814
0.586949
0.151129
0.113391
0.881515
0.560809
0.787532
0.318155
0.785798
0.089666
0.038932
0.314899
0.497297
0.332355
0.970471
0.796824
0.665339
0.839736
0.621632
0.034915
0.535414
0.169612
0.600761
0.332613
0.341472
0.13919
0.96503
0.901309
0.08499
0.080545
0.424741
0.278402
0.487407
0.43968
0.715998
0.792721
0.374143
0.94606
0.787064
0.07043
0.493665
0.764795
0.750058
0.216392
0.673671
0.022697
0.299746
0.322203
0.736033
0.01038
0.746304
0.85266
0.806023
0.768784
0.339115
0.978613
0.559144
0.030302
0.651276
0.910954
0.290917
0.221865
0.897013
0.374147
0.48022
0.929399
0.081157
0.68446
0.176245
0.307711
0.021268
0.637205
0.93224
0.203235
0.752579
0.476089
0.255249
0.395575
0.155129
0.234388
0.669233
0.607701
0.116045
0.903985
0.174805
0.020561
0.550282
0.858503
0.686554
0.559832
0.701368
0.998475
0.171173
0.152034
0.711643
0.843137
0.553566
0.331378
0.492303
0.990164
0.718751
0.252704
0.467321
0.71762
0.260309
0.968074
0.190591
0.871178
0.14312
0.213857
0.383672
0.053198
0.1596
0.056227
0.508573
0.613398
0.48215
0.444916
0.192961
0.49511
0.280215
0.779718
0.578185
0.0448
0.893624
0.647805
0.835506
0.838493
0.9583
0.800425
0.839175
0.44838
0.381792
0.459513
0.659098
0.100226
0.020009
0.772197
0.254064
0.837027
0.618968
0.775837
0.008866
0.344964
0.021285
0.534353
0.619187
0.847082
0.175599
0.477174
0.416342
0.645167
0.147031
0.349603
0.155694
0.294336
0.969633
0.734566
0.38937
0.06185
0.298071
0.641883
0.285761
0.851976
0.788121
0.108259
0.592574
0.632246
0.087793
0.719611
0.135201
0.241842
0.365697
0.313878
0.302679
0.43808
0.553376
0.356365
0.807985
0.386577
0.062015
0.616424
0.998998
0.393112
0.800672
0.842646
0.139252
0.944159
0.872881
0.622769
0.046748
0.287675
0.035947
0.629906
0.388735
0.796221
0.626135
0.449969
0.977442
0.178819
0.802347
0.663429
0.664328
0.886318
0.359298
0.842823
0.416192
0.381278
0.791498
0.44908
0.533664
0.647939
0.764352
0.575192
0.77969
0.187686
0.734997
0.869461
0.844765
0.127164
0.042582
0.182028
0.076602
0.645802
0.69736
0.469446
0.474157
0.233701
0.045606
0.076158
0.963282
0.087904
0.266726
0.507451
0.565029
0.769222
0.192732
0.096356
0.525355
0.116981
0.773651
0.858643
0.595405
0.469736
0.121022
0.683697
0.267959
0.520087
0.5287
0.923991
0.033769
0.818717
0.704496
0.595457
0.488271
0.434352
0.532896
0.26588
0.959996
0.421232
0.353816
0.731332
0.855115
0.111365
0.089905
0.763373
0.630297
0.589502
0.503431
0.036705
0.525238
0.156787
0.906208
0.968194
0.913126
0.120714
0.348688
0.322042
0.289208
0.339728
0.776301
0.020773
0.097728
0.164376
0.905303
0.343588
0.215275
0.685188
0.067753
0.781108
0.981736
0.543048
0.764931
0.527016
0.008873
0.829707
0.323362
0.537529
0.503133
0.739055
0.119898
0.173959
0.339464
0.064091
0.355499
0.575526
0.106222
0.743304
0.992406
0.334611
0.330973
0.235211
0.00842
0.602173
0.014637
0.956964
0.692116
0.461791
0.625949
0.551465
0.936581
0.672857
0.820835
0.651703
0.004832
0.299427
0.982971
0.364276
0.598335
0.304465
0.075051
0.7333
0.425895
0.749364
0.765466
0.030002
0.082748
0.036162
0.977967
0.329509
0.313351
0.461129
0.63792
0.290727
0.379642
0.41352
0.981925
0.554281
0.180802
0.318742
0.943954
0.466286
0.443485
0.507823
0.409679
0.508098
0.870135
0.930068
0.421297
0.910516
0.498497
0.653596
0.806957
0.563979
0.20126
0.876972
0.932827
0.696167
0.751209
0.945707
0.85758
0.759036
0.438674
0.831526
0.31555
0.297458
0.609401
0.295442
0.955082
0.630096
0.305459
0.194428
0.923126
0.330584
0.46456
0.782809
0.325749
0.70042
0.211329
0.670675
0.284518
0.57832
0.969673
0.751731
0.761705
0.173615
0.161264
0.034311
0.034808
0.050865
0.458666
0.077742
0.294052
0.173225
0.928133
0.639151
0.341132
0.546371
0.010484
0.910446
0.687412
0.021647
0.760027
0.836269
0.294774
0.753646
0.578035
0.793857
0.073845
0.124405
0.986652
0.543882
0.419469
0.581866
0.634796
0.520868
0.491015
0.552045
0.445985
0.303848
0.176852
0.533848
0.253337
0.055422
0.624537
0.614414
0.021364
0.584466
0.029931
0.690464
0.052761
0.104201
0.796624
0.368854
0.347268
0.374077
0.081907
0.48483
0.21064
0.560146
0.406899
0.116606
0.060236
0.658435
0.849503
0.531003
0.823101
0.450707
0.458362
0.159184
0.843283
0.305887
0.226258
0.88367
0.761143
0.013297
0.684657
0.238083
0.962651
0.088127
0.568144
0.191435
0.847757
0.494545
0.793869
0.738506
0.558287
0.6546
0.824029
0.532019
0.928125
0.062495
0.857569
0.888274
0.916434
0.628272
0.895562
0.208514
0.725436
0.214895
0.460686
0.890204
0.833364
0.88531
0.57436
0.192192
0.339225
0.458078
0.226719
0.655182
0.537547
0.609314
0.851465
0.791356
0.355806
0.393444
0.805748
0.436454
0.596673
0.313657
0.015771
0.259327
0.501617
0.600861
0.118615
0.786595
0.972681
0.304252
0.258574
0.427928
0.722704
0.452276
0.009241
0.238829
0.527549
0.471923
0.718868
0.085782
0.469996
0.214361
0.848531
0.526671
0.373325
0.335099
0.274174
0.883277
0.384628
0.876418
0.781979
0.345892
0.953136
0.223212
0.813004
0.396972
0.116054
0.50889
0.042233
0.473124
0.501063
0.259373
0.49607
0.188642
0.812205
0.015078
0.802243
0.732067
0.676705
0.072017
0.792687
0.608648
0.956506
0.932815
0.548211
0.209912
0.931343
0.892869
0.681705
0.807022
0.766207
0.122898
0.790581
0.415528
0.165191
0.997007
0.034272
0.559001
0.397877
0.486398
0.246566
0.367304
0.927119
0.497167
0.729411
0.726303
0.084431
0.1122
0.157979
0.877655
0.40521
0.367017
0.45386
0.995259
0.850153
0.277134
0.862137
0.262338
0.637317
0.473239
0.442781
0.834063
0.334062
0.707718
0.575307
0.389588
0.119323
0.672215
0.729377
0.065997
0.289365
0.346957
0.396595
0.151124
0.934321
0.861879
0.888255
0.701399
0.49031
0.01706
0.907629
0.481762
0.499472
0.423896
0.3209
0.36602
0.185726
0.035469
0.091607
0.905226
0.76476
0.281206
0.148503
0.945019
0.626948
0.848245
0.909091
0.354689
0.09292
0.936078
0.269548
0.575788
0.628801
0.164442
0.234726
0.5596
0.773289
0.649133
0.776968
0.736809
0.551918
0.724883
0.974532
0.486198
0.104609
0.340634
0.740487
0.276832
0.131504
0.402448
0.110901
0.386506
0.62081
0.698131
0.286137
0.418758
0.373605
0.050201
0.361879
0.071914
0.656949
0.219734
0.096803
0.90548
0.853191
0.93807
0.273132
0.409157
0.99466
0.007139
0.701078
0.384697
0.035216
0.118383
0.558336
0.715666
0.463147
0.92176
0.715109
0.613462
0.640806
0.433284
0.438036
0.76959
0.792829
0.885244
0.981515
0.620495
0.449485
0.296071
0.850215
0.767846
0.959885
0.747136
0.398483
0.817438
0.441272
0.531865
0.89108
0.415625
0.75152
0.330338
0.610642
0.315243
0.063313
0.461309
0.611867
0.498248
0.856621
0.177779
0.451869
0.314869
0.951373
0.011172
0.588057
0.005115
0.741691
0.940475
0.217381
0.555921
0.516554
0.207413
0.329138
0.036198
0.205665
0.289545
0.394671
0.413747
0.894246
0.917755
0.741126
0.553829
0.25466
0.25075
0.667017
0.4313
0.659339
0.47815
0.875428
0.975517
0.422593
0.455016
0.76492
0.517834
0.774326
0.599166
0.77645
0.74418
0.969839
0.441698
0.392507
0.601002
0.886235
0.79515
0.775836
0.696624
0.106518
0.468947
0.49078
0.10396
0.973816
0.447318
0.532414
0.020396
0.535753
0.305977
0.158253
0.996709
0.166298
0.548549
0.370002
0.603868
0.024109
0.749695
0.322625
0.271613
0.364834
0.999145
0.55752
0.615373
0.528272
0.8385
0.657114
0.012088
0.586164
0.250613
0.39688
0.948928
0.835134
0.447117
0.414422
0.636575
0.10009
0.901313
0.407337
0.623263
0.597821
0.216658
0.648461
0.310985
0.441207
0.197634
0.714961
0.172006
0.915897
0.258529
0.977855
0.145492
0.162301
0.940495
0.988382
0.12719
0.07101
0.01497
0.91559
0.72299
0.669693
0.917796
0.350693
0.038425
0.523082
0.389134
0.412422
0.761115
0.030155
0.229432
0.138178
0.174114
0.497354
0.131089
0.920825
0.496508
0.045023
0.158546
0.430281
0.462158
0.702235
0.665459
0.903205
0.836713
0.978393
0.442154
0.605704
0.638973
0.675611
0.524042
0.050323
0.343281
0.556845
0.772554
0.771622
0.559927
0.973784
0.691106
0.269389
0.8795
0.948171
0.555514
0.422456
0.299407
0.155212
0.51906
0.538818
0.625349
0.25227
0.73678
0.621842
0.740079
0.063716
0.75857
0.454858
0.906467
0.972745
0.284393
0.434069
0.120563
0.343684
0.886511
0.195725
0.452587
0.951464
0.745031
0.22992
0.800028
0.420361
0.379209
0.649782
0.793321
0.177034
0.310027
0.134989
0.712732
0.121013
0.196846
0.05904
0.210336
0.563761
0.359903
0.841813
0.698429
0.0179
0.362078
0.162953
0.970878
0.015842
0.383961
0.384567
0.06133
0.601646
0.023009
0.135828
0.276456
0.517576
0.059089
0.633117
0.838812
0.189589
0.010625
0.950043
0.649317
0.403165
0.880467
0.300482
0.794271
0.543473
0.141991
0.59054
0.099977
0.426296
0.933905
0.348457
0.016219
0.757016
0.264168
0.854705
0.695929
0.223133
0.862198
0.872815
0.68593
0.991933
0.969859
0.706713
0.92457
0.552707
0.335562
0.764037
0.939492
0.27165
0.795795
0.694592
0.256587
0.25058
0.89061
0.35956
0.216852
0.287659
0.804766
0.645805
0.405998
0.272982
0.90143
0.493679
0.038434
0.865455
0.053002
0.85801
0.851976
0.427423
0.890173
0.726116
0.689407
0.409029
0.002302
0.288007
0.788995
0.742518
0.021968
0.585559
0.721896
0.256443
0.097151
0.068881
0.488916
0.621883
0.58438
0.543332
0.849536
0.647963
0.274205
0.475764
0.853746
0.221462
0.216389
0.230287
0.58567
0.574255
0.983962
0.107883
0.600665
0.073052
0.742346
0.84267
0.933436
0.654871
0.31549
0.707949
0.10936
0.624388
0.234351
0.285071
0.463209
0.889381
0.144782
0.647001
0.688406
0.468626
0.526089
0.195975
0.910389
0.694877
0.592713
0.814339
0.904572
0.445505
0.197559
0.450848
0.382708
0.381197
0.807609
0.28537
0.200382
0.841966
0.915434
0.618198
0.289511
0.319437
0.067583
0.774432
0.309091
0.853257
0.1428
0.899077
0.103547
0.452189
0.048812
0.522519
0.099417
0.483606
0.766652
0.921103
0.208848
0.891709
0.800864
0.928388
0.439094
0.621075
0.927006
0.255533
0.845728
0.984337
0.051384
0.719701
0.14484
0.151864
0.143656
0.362504
0.987579
0.086559
0.250382
0.475759
0.091546
0.88518
0.518297
0.032428
0.976589
0.410043
0.762944
0.660184
0.01101
0.491953
0.530327
0.401154
0.244902
0.047361
0.648371
0.618163
0.724662
0.884575
0.181162
0.751577
0.143023
0.394457
0.78786
0.218295
0.900253
0.056769
0.758131
0.436316
0.565542
0.257373
0.067161
0.711247
0.479292
0.173819
0.748957
0.464525
0.593058
0.143522
0.667797
0.280995
0.028032
0.425079
0.47684
0.636212
0.431601
0.352322
0.447302
0.91029
0.559876
0.521436
0.919273
0.334222
0.517935
0.518002
0.915495
0.057862
0.980675
0.927541
0.990032
0.632133
0.367352
0.558001
0.432683
0.997186
0.135968
0.462386
0.478927
0.492744
0.929368
0.5637
0.879083
0.869692
0.745738
0.816077
0.714707
0.090171
0.600592
0.038013
0.23696
0.23308
0.077851
0.35971
0.822
0.321511
0.133936
0.663148
0.403553
0.291616
0.071928
0.243061
0.541624
0.561135
0.985172
0.541319
0.594853
0.78669
0.055737
0.08529
0.296723
0.629662
0.992745
0.746359
0.326141
0.869504
0.484474
0.364837
0.407372
0.563724
0.19912
0.344008
0.681084
0.681629
0.973376
0.619322
0.932619
0.387031
0.010537
0.840791
0.403736
0.263393
0.720169
0.441402
0.917328
0.277907
0.356867
0.607924
0.398506
0.844502
0.077384
0.843532
0.99763
0.888634
0.296558
0.297983
0.051842
0.305989
0.841055
0.717786
0.467509
0.722359
0.658843
0.612766
0.172958
0.363683
0.532042
0.092838
0.349772
0.994878
0.688127
0.513491
0.298894
0.072298
0.409624
0.327981
0.558306
0.52018
0.46207
0.536865
0.930929
0.713343
0.664075
0.066569
0.867625
0.557347
0.226189
0.405139
0.902436
0.553279
0.52326
0.215645
0.207668
0.176091
0.100777
0.523049
0.8276
0.893572
0.89639
0.166032
0.402891
0.732985
0.802507
0.345003
0.965904
0.434575
0.766235
0.226584
0.974446
0.38252
0.334213
0.106597
0.335366
0.929432
0.247033
0.895931
0.688829
0.518657
0.867877
0.793747
0.487841
0.346424
0.099228
0.219839
0.09893
0.999593
0.414162
0.181185
0.656268
0.655446
0.7411
0.485489
0.225784
0.400929
0.304392
0.910695
0.748521
0.437705
0.300147
0.463925
0.276066
0.079681
0.332449
0.795409
0.373297
0.278737
0.815147
0.775779
0.209367
0.407234
0.378474
0.002425
0.669244
0.461685
0.025757
0.431466
0.336158
0.737015
0.122441
0.480592
0.60534
0.604865
0.166601
0.136051
0.960171
0.423499
0.416267
0.28936
0.248677
0.365883
0.463883
0.561961
0.731623
0.056554
0.237351
0.863339
0.662895
0.660544
0.769147
0.858326
0.319205
0.072718
0.20704
0.636572
0.041662
0.777133
0.375158
0.188191
0.055991
0.441407
0.389624
0.759185
0.509404
0.836502
0.755422
0.130849
0.590795
0.876473
0.358665
0.147132
0.357045
0.572869
0.388317
0.285245
0.625289
0.028798
0.573892
0.177649
0.588617
0.698406
0.670109
0.910098
0.926697
0.005154
0.879029
0.924948
0.351186
0.346318
0.368569
0.604903
0.359023
0.913354
0.26399
0.27745
0.776448
0.467537
0.197058
0.510558
0.921418
0.893002
0.231298
0.595939
0.014408
0.056984
0.185057
0.53294
0.429899
0.739083
0.581653
0.198025
0.535051
0.375402
0.764142
0.456388
0.853129
0.338232
0.035191
0.859528
0.306168
0.465781
0.921857
0.827876
0.090371
0.879171
0.928951
0.322581
0.087417
0.318676
0.32689
0.945897
0.05825
0.992673
0.620282
0.93684
0.302048
0.106898
0.369668
0.150595
0.954995
0.709566
0.250825
0.573606
0.137975
0.345685
0.039371
0.269798
0.134549
0.161762
0.317873
0.670075
0.941636
0.313669
0.287109
0.467037
0.527298
0.801814
0.823287
0.547242
0.405914
0.176044
0.02772
0.9669
0.131987
0.309079
0.435483
0.618494
0.978682
0.014285
0.210306
0.617599
0.112903
0.883715
0.753034
0.466444
0.442856
0.780263
0.182326
0.340332
0.504466
0.634289
0.757181
0.119749
0.946302
0.073668
0.374871
0.849634
0.999737
0.426048
0.571037
0.651941
0.64763
0.751788
0.261474
0.527304
0.874333
0.843225
0.717996
0.600252
0.389148
0.71276
0.81959
0.029428
0.202325
0.744974
0.809348
0.116114
0.224531
0.310738
0.331338
0.468313
0.006823
0.443183
0.573705
0.113989
0.394446
0.909495
0.471772
0.065343
0.55062
0.143482
0.297053
0.457312
0.662453
0.203239
0.404398
0.97985
0.047107
0.514386
0.765804
0.656986
0.43779
0.698527
0.514391
0.540442
0.36778
0.698494
0.256481
0.691366
0.890848
0.411388
0.183361
0.954712
0.784381
0.149769
0.535742
0.211423
0.035045
0.256163
0.853638
0.57214
0.783674
0.605992
0.627016
0.103787
0.293405
0.525106
0.481936
0.482902
0.727581
0.785239
0.877081
0.793905
0.346957
0.969474
0.9719
0.925136
0.852167
0.806609
0.740177
0.329208
0.216017
0.320141
0.621559
0.321571
0.43728
0.2589
0.544757
0.302463
0.119738
0.585242
0.4463
0.376375
0.761056
0.49371
0.540534
0.57617
0.364816
0.818599
0.183759
0.894647
0.342898
0.738029
0.492431
0.357168
0.019822
0.903052
0.171256
0.624289
0.48381
0.845408
0.03378
0.497605
0.145188
0.377295
0.094485
0.941788
0.275177
0.868272
0.858668
0.768695
0.749573
0.273952
0.526436
0.964038
0.009792
0.836205
0.612525
0.043556
0.67221
0.238861
0.977107
0.638384
0.432144
0.607683
0.192704
0.842681
0.170978
0.127803
0.212886
0.156186
0.862669
0.114513
0.733299
0.889934
0.019486
0.197961
0.255984
0.97912
0.910078
0.115921
0.43826
0.455317
0.588148
0.407311
0.546401
0.614676
0.614946
0.969856
0.613389
0.716913
0.981241
0.491821
0.366334
0.046973
0.826167
0.114394
0.294655
0.419226
0.025277
0.301517
0.987399
0.683573
0.615811
0.340974
0.52635
0.718129
0.495589
0.300198
0.772139
0.416901
0.164161
0.212765
0.370966
0.201153
0.742906
0.966086
0.174002
0.940371
0.542769
0.932549
0.581716
0.299838
0.860881
0.848596
0.077814
0.256296
0.516593
0.834282
0.946244
0.197324
0.731324
0.170864
0.255147
0.718207
0.730023
0.557929
0.87683
0.132571
0.818525
0.624238
0.812561
0.316033
0.26297
0.804847
0.970173
0.011428
0.544645
0.13685
0.837043
0.923464
0.946703
0.343118
0.791123
0.325163
0.421426
0.056476
0.581841
0.850354
0.542121
0.183713
0.373376
0.720578
0.04078
0.072504
0.03302
0.684632
0.166418
0.426624
0.923683
0.360876
0.290453
0.415704
0.342207
0.73551
0.385522
0.534086
0.472728
0.140589
0.326294
0.368494
0.853175
0.768057
0.658263
0.624556
0.677264
0.665405
0.942059
0.313679
0.603321
0.066716
0.92241
0.590856
0.836308
0.049626
0.81271
0.667274
0.150863
0.62381
0.782681
0.180243
0.862184
0.865051
0.943593
0.738652
0.54417
0.145483
0.948832
0.215361
0.096587
0.296183
0.274258
0.460526
0.44212
0.873588
0.062479
0.818156
0.381785
0.700675
0.180008
0.210906
0.049994
0.789303
0.12036
0.356849
0.368104
0.22997
0.993266
0.450576
0.382378
0.133757
0.349149
0.977554
0.313137
0.451752
0.631271
0.009958
0.602785
0.610831
0.734467
0.417236
0.645582
0.572054
0.068598
0.362095
0.18803
0.983949
0.85059
0.333349
0.154652
0.147853
0.422574
0.416189
0.588243
0.78472
0.119662
0.200209
0.652192
0.033605
0.858564
0.455257
0.225685
0.492113
0.348042
0.945167
0.590856
0.515486
0.558369
0.928543
0.149375
0.020967
0.013342
0.594038
0.942788
0.910956
0.460912
0.663102
0.868169
0.034028
0.834667
0.077363
0.74246
0.782404
0.773827
0.044115
0.274199
0.104629
0.704153
0.848197
0.561466
0.841225
0.898637
0.994716
0.143078
0.213986
0.911463
0.380018
0.680285
0.706883
0.114692
0.755071
0.474827
0.801758
0.651813
0.672579
0.224841
0.003979
0.931763
0.948314
0.507907
0.550373
0.313364
0.595111
0.947392
0.586111
0.158988
0.303521
0.245889
0.481816
0.75531
0.469691
0.394282
0.520595
0.575594
0.328417
0.084312
0.457049
0.53246
0.630357
0.545714
0.239491
0.664291
0.213494
0.545747
0.426816
0.368887
0.63351
0.598617
0.424796
0.914876
0.534547
0.408574
0.009913
0.362101
0.350679
0.58963
0.053511
0.131655
0.186539
0.259473
0.742511
0.551558
0.953125
0.491815
0.927646
0.843506
0.030619
0.256767
0.72448
0.758738
0.815576
0.265256
0.965841
0.435715
0.685403
0.139714
0.354642
0.842369
0.749279
0.131825
0.064122
0.803524
0.722006
0.074983
0.231989
0.959474
0.602894
0.933622
0.013579
0.591735
0.913762
0.070268
0.863567
0.645413
0.374894
0.985294
0.24459
0.370468
0.468364
0.503811
0.289875
0.18116
0.885264
0.524949
0.052512
0.849934
0.848306
0.75361
0.195181
0.979275
0.826827
0.793052
0.914443
0.601963
0.069057
0.767993
0.849842
0.711078
0.19241
0.553334
0.21778
0.025491
0.613808
0.376473
0.697831
0.784467
0.298494
0.295763
0.172069
0.375984
0.528485
0.317792
0.935827
0.65311
0.941973
0.8335
0.803999
0.292706
0.478008
0.71424
0.164381
0.622118
0.23945
0.527374
0.193963
0.464009
0.386052
0.09697
0.028533
0.736214
0.638376
0.155293
0.319417
0.664441
0.962892
0.280961
0.777137
0.481
0.419241
0.962538
0.058165
0.663549
0.278408
0.443054
0.074619
0.830588
0.657641
0.832866
0.661315
0.616688
0.547477
0.780945
0.188012
0.652651
0.440412
0.845955
0.636217
0.159309
0.608095
0.867769
0.453055
0.661246
0.310332
0.849914
0.883764
0.660032
0.875313
0.809872
0.331817
0.021483
0.251945
0.573054
0.887098
0.118849
0.284455
0.05445
0.782836
0.797554
0.940609
0.734211
0.443855
0.096313
0.823418
0.741115
0.739116
0.854566
0.989425
0.104258
0.955239
0.7687
0.425432
0.439421
0.184414
0.067425
0.95693
0.156673
0.9569
0.003913
0.655885
0.03813
0.030454
0.976439
0.85864
0.897614
0.569711
0.259148
0.724119
0.205232
0.361263
0.70104
0.452313
0.964065
0.317634
0.725169
0.892537
0.686861
0.836425
0.720153
0.496849
0.464734
0.487617
0.946264
0.373422
0.739041
0.112316
0.965725
0.58843
0.324443
0.110115
0.580702
0.105482
0.936301
0.499474
0.609476
0.06148
0.727453
0.866017
0.520163
0.383459
0.357287
0.86067
0.511256
0.601636
0.715301
0.939945
0.949474
0.682504
0.835718
0.497125
0.297675
0.845878
0.854556
0.065638
0.754333
0.56239
0.280847
0.412216
0.423039
0.597971
0.30452
0.513647
0.246294
0.785746
0.551904
0.206417
0.322426
0.432584
0.590014
0.415207
0.869812
0.419304
0.106213
0.742853
0.869132
0.678816
0.103526
0.414374
0.461821
0.690823
0.892873
0.667534
0.673762
0.580189
0.876136
0.91811
0.226147
0.796005
0.172128
0.520253
0.648415
0.600286
0.844625
0.111501
0.436595
0.344056
0.032021
0.799506
0.1394
0.981505
0.17589
0.557662
0.355724
0.000161
0.298196
0.215394
0.990658
0.104848
0.821912
0.201145
0.708049
0.800027
0.91465
0.584807
0.417155
0.435713
0.58677
0.103334
0.739311
0.536048
0.431232
0.615532
0.762858
0.315465
0.638001
0.531468
0.595121
0.588658
0.432055
0.776357
0.101245
0.442135
0.791009
0.503621
0.592593
0.615243
0.58893
0.742549
0.048997
0.563475
0.581073
0.460762
0.824725
0.531092
0.659777
0.423047
0.567818
0.581243
0.358214
0.638006
0.232293
0.565866
0.891166
0.873216
0.52417
0.766828
0.030623
0.630357
0.907723
0.444986
0.161809
0.472511
0.426073
0.24634
0.071766
0.016687
0.734653
0.023091
0.293785
0.18142
0.14063
0.654485
0.148775
0.710279
0.471912
0.53642
0.650005
0.675503
0.763519
0.895779
0.036113
0.112288
0.062523
0.964684
0.814082
0.43166
0.750829
0.632958
0.241028
0.599177
0.660166
0.722118
0.665901
0.820614
0.631133
0.504854
0.193051
0.920555
0.957752
0.997239
0.424827
0.866704
0.147434
0.485785
0.661886
0.200764
0.421608
0.973071
0.71446
0.321606
0.534579
0.591983
0.881142
0.190369
0.225632
0.163276
0.621661
0.00586
0.837772
0.312846
0.189823
0.37581
0.910248
0.427625
0.385437
0.418597
0.094418
0.181214
0.530617
0.77378
0.064955
0.825562
0.083697
0.759692
0.245806
0.172609
0.751512
0.660746
0.207583
0.913877
0.379342
0.620609
0.654231
0.845264
0.304576
0.008668
0.617873
0.907782
0.086336
0.451378
0.662967
0.590252
0.79241
0.647229
0.309562
0.917732
0.986673
0.772095
0.897383
0.120156
0.299087
0.310163
0.322057
0.411132
0.069319
0.464323
0.9974
0.149097
0.597484
0.061721
0.437229
0.794943
0.408097
0.082469
0.067189
0.902172
0.016124
0.135416
0.537675
0.951145
0.577901
0.877651
0.708779
0.990902
0.623619
0.312787
0.953538
0.053557
0.924784
0.564132
0.406215
0.539001
0.581767
0.950329
0.445983
0.050288
0.076524
0.122924
0.993012
0.754309
0.121519
0.689816
0.086273
0.943155
0.445395
0.358374
0.065333
0.761605
0.182183
0.935848
0.456359
0.352125
0.566172
0.170012
0.104859
0.161488
0.96059
0.178141
0.105269
0.413846
0.789378
0.834121
0.704911
0.487091
0.620797
0.62501
0.599466
0.495599
0.784304
0.654501
0.794844
0.230156
0.807708
0.367301
0.087298
0.232317
0.162183
0.548741
0.892969
0.420901
0.839862
0.987697
0.722502
0.635891
0.922528
0.091643
0.575463
0.658789
0.128877
0.758592
0.181437
0.060077
0.556664
0.71764
0.47791
0.292669
0.121669
0.8945
0.914436
0.183328
0.712823
0.873756
0.74563
0.449477
0.323192
0.626011
0.855773
0.000535
0.078478
0.65304
0.005397
0.512328
0.385205
0.929698
0.564772
0.35803
0.483772
0.621412
0.30464
0.682498
0.820625
0.777249
0.701942
0.280886
0.688257
0.080039
0.396148
0.649439
0.355529
0.249136
0.563787
0.760103
0.060395
0.13256
0.193975
0.611933
0.961633
0.81371
0.037364
0.776349
0.842563
0.660536
0.636339
0.625552
0.199037
0.592383
0.675754
0.201002
0.428247
0.306242
0.381876
0.342042
0.471966
0.273762
0.81101
0.870765
0.316698
0.658603
0.876807
0.006304
0.898865
0.995853
0.372839
0.427529
0.516533
0.360663
0.409296
0.224048
0.064411
0.89667
0.924564
0.849173
0.291661
0.605003
0.568201
0.198664
0.634037
0.780437
0.281545
0.496717
0.616042
0.620196
0.941541
0.494837
0.751327
0.848447
0.083207
0.784825
0.840462
0.182168
0.632764
0.748882
0.541871
0.92559
0.914612
0.762826
0.109934
0.632861
0.444641
0.472015
0.67691
0.825838
0.934139
0.122465
0.57727
0.279314
0.741377
0.690522
0.035116
0.79499
0.521756
0.06894
0.036543
0.619756
0.031306
0.850646
0.956004
0.477182
0.524052
0.086291
0.350767
0.483289
0.137966
0.256759
0.416326
0.891888
0.094492
0.229407
0.263427
0.493524
0.509937
0.021062
0.109523
0.546676
0.734035
0.861206
0.273751
0.100889
0.532926
0.679859
0.046341
0.587713
0.190125
0.906639
0.422719
0.54822
0.1496
0.004825
0.6826
0.958268
0.344353
0.479735
0.450863
0.582675
0.647037
0.429448
0.985909
0.912762
0.794807
0.424112
0.996399
0.102076
0.481458
0.666721
0.674459
0.804984
0.12786
0.969301
0.313632
0.486878
0.396922
0.4725
0.775737
0.454822
0.432339
0.641516
0.1208
0.991018
0.067016
0.484888
0.59109
0.846479
0.793686
0.074689
0.935779
0.888783
0.448676
0.009427
0.822145
0.724432
0.662706
0.905576
0.355323
0.734443
0.707798
0.609241
0.165971
0.176278
0.92526
0.957874
0.447241
0.232812
0.639936
0.385803
0.584586
0.921174
0.801432
0.355586
0.524603
0.758917
0.194689
0.212868
0.196358
0.328434
0.849173
0.802256
0.131569
0.702074
0.758365
0.062198
0.376051
0.987491
0.151826
0.678373
0.651966
0.453866
0.071166
0.648391
0.982878
0.09232
0.041325
0.530563
0.497911
0.685864
0.198341
0.37676
0.7878
0.789435
0.998423
0.14694
0.662224
0.215709
0.958582
0.449131
0.593685
0.613722
0.061439
0.611588
0.698825
0.112971
0.960737
0.411302
0.763408
0.719627
0.890106
0.052186
0.247876
0.395463
0.487573
0.06636
0.474146
0.197892
0.405443
0.269548
0.375657
0.539718
0.561095
0.485203
0.489705
0.498968
0.382773
0.277917
0.676079
0.652639
0.454818
0.512856
0.660795
0.39889
0.855784
0.90872
0.519976
0.138162
0.710104
0.472648
0.143853
0.056413
0.62019
0.595088
0.717489
0.98301
0.688568
0.865949
0.093443
0.211285
0.833579
0.415413
0.973862
0.543385
0.614969
0.118078
0.716136
0.685235
0.931604
0.050525
0.091952
0.74059
0.953122
0.416568
0.996977
0.176973
0.022008
0.686693
0.101125
0.493936
0.491789
0.507543
0.143058
0.523433
0.295339
0.580126
0.288621
0.557375
0.461602
0.994214
0.157613
0.975068
0.991669
0.945102
0.579882
0.032877
0.531015
0.053609
0.102119
0.864336
0.308632
0.78603
0.514664
0.120787
0.625794
0.523944
0.463476
0.160478
0.688134
0.905307
0.140329
0.332005
0.727704
0.675109
0.242275
0.230421
0.794174
0.0974
0.615731
0.763527
0.895676
0.830178
0.282509
0.82901
0.896201
0.145378
0.05158
0.468298
0.536752
0.524997
0.752678
0.183252
0.839302
0.233865
0.948481
0.851608
0.364214
0.373336
0.542724
0.926494
0.671965
0.324213
0.910227
0.367519
0.376088
0.490664
0.492441
0.448087
0.217809
0.763361
0.610016
0.860759
0.78741
0.880189
0.437927
0.852623
0.519438
0.548184
0.829147
0.084766
0.114174
0.078228
0.393898
0.105578
0.023679
0.073132
0.961401
0.611042
0.449047
0.887608
0.171421
0.086977
0.894322
0.498318
0.113286
0.593993
0.231087
0.102695
0.380176
0.087445
0.822289
0.741512
0.263198
0.918077
0.527339
0.61656
0.283589
0.602419
0.615258
0.668655
0.8888
0.808266
0.696791
0.952072
0.033496
0.838398
0.762341
0.193102
0.577041
0.697394
0.046763
0.02673
0.750462
0.236655
0.062106
0.898396
0.446015
0.313257
0.659589
0.948338
0.413763
0.410638
0.259381
0.877478
0.760356
0.513133
0.629119
0.829055
0.206916
0.758468
0.312427
0.756293
0.55264
0.835832
0.859463
0.812131
0.326056
0.464802
0.538531
0.409655
0.668357
0.113882
0.503025
0.223422
0.102839
0.26709
0.635321
0.070513
0.766297
0.889161
0.874767
0.548552
0.13389
0.846163
0.520572
0.328244
0.899657
0.046995
0.818109
0.270265
0.973911
0.479712
0.111317
0.332099
0.328378
0.9553
0.164586
0.758313
0.300882
0.379764
0.387383
0.074719
0.699796
0.265201
0.971873
0.138739
0.572912
0.035808
0.275177
0.671289
0.11154
0.889925
0.683246
0.81521
0.950087
0.078681
0.481998
0.035211
0.767938
0.229788
0.805985
0.721063
0.165438
0.934885
0.497062
0.438896
0.998216
0.610857
0.814997
0.722263
0.376961
0.31878
0.46477
0.623628
0.584556
0.616758
0.217308
0.590957
0.371018
0.9886
0.515455
0.006151
0.565813
0.814963
0.176755
0.36719
0.224262
0.518025
0.103175
0.474177
0.023051
0.947197
0.718155
0.747309
0.524491
0.247186
0.65214
0.161201
0.419191
0.357481
0.088756
0.930844
0.388272
0.634783
0.206141
0.735961
0.953064
0.411588
0.170378
0.589846
0.070932
0.949035
0.265575
0.768049
0.055059
0.384312
0.123042
0.13665
0.939668
0.126111
0.25165
0.424357
0.32125
0.883658
0.825261
0.524166
0.150014
0.447755
0.883769
0.062262
0.809274
0.809665
0.707731
0.289415
0.343818
0.429749
0.721902
0.53492
0.451214
0.655222
0.507628
0.309492
0.145495
0.415846
0.435302
0.19165
0.958472
0.717957
0.122355
0.157449
0.264474
0.703607
0.174378
0.108943
0.77583
0.029964
0.206466
0.51629
0.932593
0.919137
0.961796
0.63172
0.724522
0.322853
0.349586
0.901014
0.837629
0.15967
0.152723
0.302035
0.947156
0.355959
0.812719
0.052287
0.051588
0.428398
0.951498
0.641579
0.67245
0.76892
0.20074
0.094989
0.338393
0.084442
0.055322
0.272064
0.155937
0.248999
0.741406
0.428996
0.484574
0.587428
0.541338
0.234008
0.127534
0.808066
0.190593
0.612553
0.662438
0.027429
0.924829
0.308486
0.403152
0.291235
0.20872
0.265231
0.585669
0.217434
0.536325
0.577516
0.807707
0.773111
0.903497
0.386019
0.025645
0.532816
0.319638
0.015727
0.259822
0.711377
0.571934
0.174983
0.056264
0.921817
0.748211
0.187133
0.999122
0.233442
0.605679
0.362448
0.896723
0.122758
0.328648
0.017504
0.293022
0.608029
0.802269
0.139356
0.543219
0.244801
0.309555
0.559079
0.760999
0.734235
0.86685
0.146908
0.330586
0.002982
0.152026
0.105255
0.778007
0.819326
0.633127
0.861215
0.00029
0.645697
0.671035
0.586572
0.567001
0.304813
0.773383
0.097352
0.066787
0.865999
0.399503
0.840813
0.295756
0.902811
0.775841
0.494354
0.040465
0.460036
0.01193
0.103849
0.140902
0.444575
0.516061
0.623188
0.169574
0.53389
0.169669
0.321109
0.991991
0.35605
0.342045
0.977047
0.419672
0.548734
0.064684
0.719994
0.903676
0.183347
0.856688
0.118559
0.969714
0.052635
0.852298
0.52934
0.572892
0.647871
0.012039
0.993965
0.001271
0.851158
0.226447
0.165999
0.518752
0.087205
0.294796
0.674442
0.017713
0.237443
0.321971
0.038332
0.278633
0.336627
0.882749
0.565296
0.499446
0.592532
0.806908
0.469777
0.557621
0.873003
0.179061
0.131251
0.773159
0.608948
0.291294
0.748744
0.347564
0.025331
0.650145
0.63389
0.840495
0.475231
0.343098
0.815471
0.617503
0.524459
0.561916
0.165992
0.120717
0.175347
0.871983
0.092027
0.81763
0.474889
0.566025
0.626227
0.477179
0.606424
0.55955
0.285844
0.406742
0.606735
0.813658
0.251925
0.72505
0.54939
0.860389
0.3963
0.941947
0.299673
0.565507
0.38514
0.28314
0.430614
0.334946
0.350398
0.14247
0.151108
0.546141
0.554763
0.824182
0.238764
0.972242
0.681774
0.095309
0.120957
0.612773
0.250584
0.899972
0.901315
0.155343
0.947706
0.065433
0.098246
0.620165
0.089624
0.757209
0.237929
0.531787
0.050911
0.72682
0.046456
0.513996
0.805572
0.960778
0.688718
0.425046
0.134052
0.556091
0.917404
0.152892
0.802401
0.464724
0.974723
0.531493
0.336221
0.88044
0.066511
0.482605
0.520701
0.563977
0.974122
0.754624
0.340882
0.799795
0.498146
0.388412
0.143184
0.192277
0.575933
0.480774
0.218506
0.572692
0.06188
0.020052
0.182474
0.430046
0.291174
0.369079
0.631775
0.852346
0.093678
0.944348
0.115971
0.373279
0.387152
0.815228
0.348126
0.685457
0.403045
0.680004
0.722797
0.847082
0.925584
0.380449
0.136063
0.468204
0.148438
0.604269
0.871029
0.51655
0.913255
0.601646
0.731968
0.947351
0.549505
0.654574
0.005301
0.973525
0.099312
0.835811
0.293625
0.839209
0.668914
0.66824
0.41202
0.163681
0.361202
0.393317
0.863102
0.125843
0.353588
0.430273
0.247794
0.562337
0.291141
0.524209
0.983893
0.746173
0.129024
0.814633
0.91262
0.717745
0.830448
0.110581
0.764424
0.747804
0.719358
0.085176
0.337882
0.188647
0.933947
0.081679
0.39701
0.307466
0.317545
0.760409
0.325632
0.186892
0.062142
0.898312
0.519819
0.450509
0.851461
0.379257
0.983037
0.122987
0.358731
0.216638
0.435458
0.808054
0.739462
0.337712
0.62239
0.812432
0.978597
0.834046
0.144053
0.65864
0.760178
0.384911
0.157021
0.174404
0.654408
0.977672
0.96139
0.948886
0.320988
0.469192
0.770684
0.52499
0.771703
0.524064
0.540215
0.701458
0.392752
0.158936
0.436608
0.312982
0.721526
0.426497
0.373646
0.366827
0.054409
0.529814
0.24647
0.605626
0.129745
0.4529
0.663444
0.55966
0.820031
0.13382
0.85269
0.965611
0.108214
0.821486
0.485793
0.255252
0.252227
0.578176
0.898244
0.778564
0.409595
0.364113
0.958151
0.503253
0.649291
0.466133
0.173161
0.727953
0.448557
0.726483
0.474684
0.077371
0.736958
0.047539
0.144673
0.373491
0.164809
0.289881
0.62958
0.31903
0.777303
0.94765
0.644763
0.561441
0.740103
0.158953
0.847786
0.674236
0.930912
0.47816
0.883569
0.386919
0.906357
0.954303
0.86383
0.067335
0.649764
0.312758
0.809171
0.753185
0.49048
0.151363
0.231097
0.686655
0.812176
0.309862
0.576589
0.394235
0.440916
0.898577
0.49268
0.456891
0.150501
0.978135
0.39485
0.061145
0.407937
0.191019
0.997706
0.319575
0.558163
0.592537
0.205652
0.813372
0.82142
0.125134
0.976019
0.351667
0.455331
0.813212
0.313572
0.493931
0.834968
0.149999
0.210658
0.642301
0.308903
0.858357
0.83979
0.200484
0.493949
0.720989
0.444987
0.190377
0.786883
0.564254
0.378575
0.031914
0.519145
0.369936
0.246865
0.810363
0.857495
0.495357
0.838462
0.129399
0.536319
0.934945
0.109743
0.515523
0.020719
0.64926
0.182911
0.018689
0.250515
0.566933
0.133498
0.725709
0.002687
0.532918
0.481382
0.080606
0.833317
0.570486
0.039258
0.321853
0.574202
0.519629