1024 1
0
652
1
630
2
514
3
109
4
414
5
39
6
41
7
198
8
216
9
1002
10
407
11
707
12
946
13
607
14
133
15
283
16
70
17
318
18
202
19
979
20
368
21
85
22
430
23
408
24
819
25
231
26
892
27
861
28
988
29
145
30
320
31
669
32
915
33
176
34
267
35
877
36
875
37
838
38
966
39
206
40
60
18
41
42
926
43
524
44
397
45
255
46
418
47
776
48
114
49
113
50
628
51
823
52
236
53
83
54
548
55
223
56
906
57
791
58
453
59
794
60
352
61
741
62
716
63
106
64
848
65
961
60
66
67
283
18
68
69
751
70
712
71
960
72
823
73
163
74
117
75
894
76
797
77
339
78
247
79
993
80
542
49
81
82
596
83
980
84
606
85
657
86
821
87
216
54
88
89
790
90
957
91
741
92
474
93
497
94
953
95
754
96
821
97
746
98
423
15
99
100
428
71
101
102
810
103
1000
104
409
105
288
106
669
107
252
108
836
33
109
2
110
111
322
112
506
106
113
114
567
115
315
116
966
117
685
118
188
119
1009
120
212
121
529
122
583
38
123
124
241
125
522
126
758
127
159
128
379
129
958
130
326
131
531
132
969
133
740
134
281
135
531
136
520
137
820
138
281
139
538
140
409
141
515
142
154
143
657
144
682
63
145
146
337
147
541
148
431
112
149
150
172
151
683
152
583
114
153
154
485
155
473
156
791
157
435
158
478
159
472
160
384
161
402
162
467
163
933
164
578
165
948
166
551
167
872
168
314
169
280
170
856
171
474
172
371
173
326
174
780
175
640
176
228
177
611
178
643
179
971
180
953
96
181
182
619
183
584
184
507
185
450
142
186
54
187
188
815
189
951
190
787
191
979
47
192
44
193
194
975
195
294
84
196
197
266
198
433
199
215
200
794
146
201
202
508
203
783
204
991
205
600
206
597
207
939
208
611
209
637
210
490
150
211
212
264
213
565
201
214
36
215
42
216
217
327
218
1010
219
745
220
950
221
682
222
423
223
685
224
284
201
225
226
868
227
739
228
346
208
229
192
230
231
543
232
619
233
674
234
278
235
900
236
318
42
237
23
238
239
390
240
280
241
978
242
274
243
398
244
320
208
245
65
246
247
298
248
278
249
463
250
693
251
523
158
252
253
986
254
426
255
663
256
494
19
257
258
883
259
264
230
260
261
601
262
405
263
297
264
921
0
265
266
602
34
267
268
834
262
269
270
849
271
875
89
272
147
273
274
975
275
1017
276
506
277
724
276
278
279
788
180
280
281
645
282
292
283
428
284
348
142
285
286
300
231
287
288
860
289
915
290
979
189
291
167
292
293
865
294
331
71
295
296
755
297
1007
175
298
272
299
52
300
148
301
302
733
303
806
304
716
305
377
284
306
307
867
305
308
309
599
310
885
311
729
312
495
313
377
45
314
208
315
316
478
317
647
318
366
118
319
320
514
321
966
322
740
8
323
98
324
37
325
326
403
327
396
251
328
75
329
330
506
331
596
332
584
58
333
139
334
335
710
336
660
92
337
338
832
339
522
80
340
341
401
342
411
343
370
131
344
345
1003
124
346
347
969
343
348
349
577
9
350
125
351
339
352
297
353
354
985
355
640
356
451
223
357
226
358
359
714
260
360
361
850
362
786
363
966
364
999
365
922
366
746
367
890
368
792
198
369
42
370
281
371
372
455
373
723
339
374
375
725
16
376
195
377
378
782
379
912
71
380
381
790
165
382
383
529
278
384
385
716
283
386
387
981
388
877
375
389
390
433
391
619
392
441
393
608
89
394
395
869
396
508
397
491
223
398
382
399
344
400
117
401
207
402
403
765
404
537
405
677
406
562
407
665
55
408
409
678
410
928
411
838
412
780
413
816
414
600
2
415
366
416
319
417
418
766
311
419
420
840
421
999
233
422
236
423
55
424
425
589
132
426
427
516
428
588
211
429
430
739
431
557
236
432
433
922
424
434
108
435
267
436
437
703
438
614
78
439
440
952
441
469
260
442
143
443
444
804
445
878
446
657
447
756
110
448
22
449
450
797
411
451
452
553
453
464
257
454
308
455
456
755
83
457
371
458
158
459
460
996
461
842
285
462
103
463
464
520
73
465
457
466
431
467
468
987
469
579
155
470
471
772
467
472
473
777
474
646
475
732
119
476
477
912
478
736
400
479
45
480
118
481
144
482
302
483
484
792
124
485
486
744
487
797
449
488
489
788
490
737
491
521
123
492
493
995
30
494
495
559
496
967
497
930
126
498
499
669
29
500
478
501
220
502
503
938
244
504
505
980
280
506
84
507
480
508
46
509
28
510
511
923
183
512
353
513
124
514
106
515
516
617
517
838
407
518
519
568
520
970
521
627
212
522
45
523
468
524
525
977
526
638
420
527
151
528
213
529
441
530
12
531
480
532
533
864
116
534
535
808
536
564
537
941
217
538
183
539
540
593
541
1001
542
550
537
543
145
544
173
545
546
847
481
547
548
868
376
549
266
550
367
551
552
826
553
893
183
554
108
555
414
556
557
623
37
558
543
559
435
560
561
847
562
801
563
917
544
564
201
565
386
566
567
964
568
748
569
782
254
570
442
571
572
917
201
573
432
574
575
690
61
576
191
577
578
885
579
865
38
580
581
868
345
582
583
912
221
584
585
643
491
586
162
587
588
904
589
881
547
590
591
986
542
592
351
593
594
814
192
595
596
1022
597
898
57
598
269
599
467
600
601
736
602
773
351
603
432
604
367
605
583
606
607
823
608
915
22
609
610
874
160
611
612
773
613
924
460
614
316
615
434
616
617
882
618
648
346
619
470
620
444
621
260
622
520
623
624
903
144
625
626
655
514
627
385
628
629
736
472
630
376
631
62
632
353
633
204
634
66
635
636
772
339
637
164
638
639
682
640
859
34
641
526
642
43
643
644
962
481
645
646
733
468
647
200
648
214
649
481
650
651
850
652
983
647
653
651
654
424
655
35
656
263
657
247
658
659
985
136
660
452
661
662
928
663
668
648
664
634
665
48
666
484
667
668
952
57
669
99
670
671
1012
314
672
404
673
186
674
675
943
671
676
677
914
404
678
578
679
680
1011
42
681
308
682
647
683
245
684
517
685
456
686
14
687
53
688
689
846
690
776
157
691
272
692
49
693
694
696
695
979
631
696
252
697
537
698
584
699
177
700
46
701
206
702
460
703
443
704
705
852
706
916
588
707
96
708
21
709
677
710
711
792
216
712
713
895
259
714
210
715
716
939
294
717
603
718
719
880
700
720
721
809
338
722
19
723
724
849
61
725
194
726
727
993
142
728
729
912
730
883
157
731
656
732
733
837
563
734
735
772
246
736
737
941
592
738
20
739
477
740
446
741
39
742
322
743
744
746
540
745
655
746
747
822
504
748
749
969
673
750
513
751
500
752
268
753
425
754
742
755
150
756
757
788
758
998
728
759
414
760
734
761
340
762
139
763
515
764
363
765
766
819
211
767
300
768
769
858
520
770
771
1020
123
772
429
773
60
774
517
775
166
776
423
777
637
778
779
980
99
780
781
872
272
782
253
783
265
784
349
785
786
998
705
787
788
857
668
789
233
790
784
791
206
792
534
793
388
794
766
795
598
796
780
797
756
798
799
906
746
800
801
861
744
802
761
803
220
804
187
805
529
806
295
807
427
808
809
919
498
810
636
811
812
969
738
813
670
814
695
815
675
816
522
817
114
818
94
819
820
833
72
821
181
822
284
823
824
993
382
825
826
1008
466
827
583
828
381
829
830
901
531
831
544
832
308
833
327
834
337
835
425
836
183
837
128
838
839
919
561
840
346
841
755
842
741
843
554
844
157
845
772
846
847
979
610
848
849
995
647
850
90
851
228
852
447
853
854
895
725
855
447
856
419
857
858
978
723
859
682
860
861
885
584
862
282
863
844
864
228
865
455
866
70
867
868
895
144
869
355
870
145
871
286
872
867
873
136
874
107
875
711
876
476
877
160
878
578
879
319
880
217
881
389
882
883
949
242
884
87
885
517
886
71
887
865
888
382
889
881
890
388
891
862
892
131
893
296
894
384
895
896
935
626
897
308
898
566
899
744
900
901
933
91
902
903
988
550
904
789
905
748
906
366
907
344
908
866
909
694
910
514
911
450
912
913
928
879
914
426
915
669
916
453
917
665
918
919
921
736
920
844
921
922
927
829
923
78
924
18
925
211
926
314
927
325
928
24
929
153
930
751
931
190
932
0
933
509
934
659
935
869
936
700
937
140
938
227
939
897
940
730
941
41
942
522
943
854
944
215
945
266
946
565
947
505
948
834
949
527
950
546
951
952
987
0
953
796
954
439
955
428
956
320
957
312
958
233
959
199
960
784
961
556
962
110
963
748
964
66
965
84
966
107
967
486
968
284
969
561
970
214
971
889
972
156
973
157
974
708
975
258
976
299
977
485
978
692
979
539
980
259
981
37
982
456
983
287
984
600
985
464
986
975
987
435
988
989
997
581
990
51
991
533
992
209
993
799
994
537
995
45
996
654
997
230
998
289
999
195
1000
763
1001
366
1002
358
1003
802
1004
298
1005
124
1006
822
1007
91
1008
391
1009
278
1010
709
1011
563
1012
214
1013
171
1014
937
1015
1016
1021
63
1017
645
1018
384
1019
415
1020
902
1021
290
1022
900
1023
0.928531
0.158378
0.808124
0.78527
0.813631
0.953508
0.19487
0.260585
0.171579
0.204957
0.627905
0.366741
0.607974
0.869032
0.40361
0.857821
0.508486
0.561685
0.196931
0.92528
0.455022
0.143272
0.8442
0.424807
0.955373
0.538809
0.508193
0.628595
0.213991
0.212535
0.168837
0.834522
0.403467
0.713806
0.497047
0.306946
0.661643
0.816968
0.801041
0.426657
0.550899
0.156328
0.966618
0.742828
0.34593
0.206944
0.633644
0.889661
0.017519
0.209061
0.529598
0.875374
0.938427
0.460345
0.394456
0.971566
0.234275
0.466483
0.570242
0.4445
0.187805
0.509278
0.612291
0.13467
0.718012
0.805453
0.081807
0.498536
0.268877
0.623055
0.065414
0.461029
0.12442
0.609763
0.166249
0.677824
0.807875
0.167306
0.56633
0.106761
0.910679
0.927008
0.168911
0.520537
0.570382
0.518037
0.87932
0.962545
0.8743
0.133543
0.867592
0.130284
0.375661
0.781006
0.145774
0.842537
0.336642
0.939904
0.98993
0.845598
0.509555
0.435506
0.973689
0.490762
0.003496
0.197053
0.447017
0.962383
0.812119
0.266038
0.756303
0.927586
0.829271
0.191214
0.993697
0.90229
0.8665
0.861492
0.776708
0.551561
0.97027
0.591959
0.877869
0.36866
0.974475
0.494261
0.434688
0.996482
0.07156
0.500001
0.208609
0.804945
0.532649
0.887361
0.295497
0.147352
0.176872
0.121152
0.1497
0.887491
0.630814
0.681031
0.243603
0.891255
0.269328
0.94724
0.666647
0.846367
0.951174
0.361067
0.127265
0.033569
0.903263
0.262422
0.664745
0.23783
0.558634
0.050698
0.553091
0.685688
0.297228
0.040313
0.995333
0.843266
0.06499
0.848504
0.330239
0.143344
0.382357
0.256388
0.522845
0.39023
0.227911
0.48515
0.752293
0.042328
0.566066
0.388564
0.121069
0.230241
0.872238
0.655463
0.933356
0.022721
0.015967
0.257467
0.62842
0.13913
0.051538
0.979564
0.61326
0.81613
0.357519
0.438698
0.387018
0.073092
0.298062
0.397612
0.036535
0.437629
0.677365
0.760402
0.988136
0.80498
0.501649
0.471967
0.562868
0.631308
0.497248
0.615745
0.256359
0.031878
0.680357
0.205129
0.280932
0.692082
0.496674
0.027303
0.438227
0.314127
0.096419
0.578744
0.721053
0.669672
0.576135
0.299347
0.469075
0.10412
0.741818
0.144609
0.095054
0.689857
0.391828
0.978142
0.304333
0.154784
0.681213
0.466562
0.383213
0.566514
0.032045
0.400034
0.664659
0.621025
0.286638
0.745018
0.004558
0.146159
0.518333
0.602305
0.574067
0.864894
0.969962
0.096512
0.127755
0.299215
0.062018
0.165823
0.888806
0.767937
0.939121
0.542471
0.489925
0.708647
0.731555
0.131574
0.735646
0.77749
0.771033
0.583997
0.184903
0.9387
0.236632
0.745442
0.727547
0.113342
0.297135
0.863892
0.906777
0.442241
0.433045
0.170516
0.307465
0.825064
0.876343
0.393597
0.114363
0.55585
0.200108
0.097967
0.395653
0.73531
0.913037
0.157076
0.898018
0.789227
0.770242
0.904423
0.353248
0.252382
0.745939
0.418301
0.545309
0.067551
0.147418
0.282155
0.957594
0.990581
0.081931
0.090102
0.103077
0.212832
0.822379
0.002398
0.027499
0.946529
0.575573
0.28084
0.027058
0.870372
0.280568
0.493129
0.973745
0.231702
0.736483
0.022793
0.135546
0.874011
0.995775
0.728965
0.408042
0.566702
0.093154
0.635208
0.318055
0.474877
0.715041
0.648351
0.059886
0.81476
0.820868
0.01154
0.185771
0.778782
0.053141
0.77663
0.705247
0.020621
0.744677
0.74198
0.088598
0.623611
0.937094
0.965232
0.60199
0.201329
0.399923
0.964836
0.918521
0.495246
0.42658
0.299835
0.343819
0.766929
0.707439
0.741612
0.687638
0.184738
0.14078
0.947202
0.92967
0.933842
0.916275
0.191399
0.450696
0.873833
0.960133
0.039819
0.447322
0.573136
0.852099
0.101835
0.234052
0.214188
0.823335
0.396183
0.563662
0.636949
0.926116
0.733086
0.890517
0.082657
0.335543
0.933508
0.591059
0.546326
0.470845
0.875016
0.566076
0.825666
0.542683
0.244436
0.750842
0.106207
0.009334
0.403672
0.74478
0.383744
0.592089
0.809992
0.897191
0.974248
0.437977
0.180369
0.575205
0.991509
0.050047
0.098345
0.397755
0.741131
0.853932
0.788816
0.846391
0.82422
0.674484
0.456945
0.898839
0.582397
0.907876
0.18541
0.495086
0.258368
0.877167
0.037512
0.640924
0.518365
0.293465
0.542321
0.828466
0.057381
0.076664
0.275182
0.320711
0.511327
0.507926
0.100687
0.761411
0.973799
0.706815
0.997483
0.907003
0.222809
0.302011
0.368699
0.685243
0.268727
0.901907
0.423523
0.192725
0.835631
0.124264
0.357859
0.421093
0.261758
0.228186
0.696763
0.506059
0.780947
0.713033
0.527362
0.309629
0.318847
0.661642
0.595056
0.68411
0.657591
0.102155
0.349066
0.912168
0.462978
0.344364
0.409256
0.698842
0.814062
0.502871
0.798445
0.990408
0.829831
0.48362
0.452685
0.367304
0.442106
0.739739
0.82919
0.570165
0.808415
0.520515
0.728925
0.498253
0.015409
0.213295
0.165586
0.995916
0.511218
0.360797
0.388912
0.195848
0.625721
0.200146
0.535409
0.800432
0.050665
0.492417
0.953633
0.865246
0.370104
0.260392
0.191481
0.89512
0.10275
0.712295
0.69361
0.780524
0.080054
0.918477
0.29043
0.588434
0.535662
0.160722
0.056195
0.944546
0.940214
0.184183
0.38727
0.905729
0.361913
0.216257
0.029599
0.097565
0.407121
0.740082
0.011754
0.991992
0.93257
0.511873
0.12265
0.300826
0.804895
0.900867
0.012594
0.384617
0.540713
0.434936
0.087656
0.570036
0.895065
0.953175
0.044717
0.768092
0.704273
0.720807
0.418974
0.235056
0.733
0.935579
0.186306
0.908393
0.768412
0.866534
0.450447
0.970273
0.650438
0.667857
0.213141
0.537201
0.792241
0.45638
0.680117
0.730542
0.967
0.19949
0.887461
0.153732
0.854999
0.6158
0.221409
0.161948
0.685615
0.077957
0.604341
0.947421
0.470324
0.207731
0.931095
0.274265
0.992122
0.902622
0.399135
0.748475
0.444162
0.891231
0.642867
0.302765
0.824243
0.89729
0.868053
0.126042
0.781601
0.327415
0.494382
0.876943
0.591662
0.910096
0.399648
0.087249
0.620642
0.5387
0.795755
0.025994
0.030723
0.586651
0.349696
0.72683
0.330747
0.142051
0.745004
0.791539
0.645482
0.57796
0.436822
0.647174
0.139484
0.076692
0.145092
0.706487
0.211415
0.718437
0.554382
0.774228
0.943682
0.795039
0.443268
0.142573
0.804006
0.149166
0.129254
0.635203
0.252322
0.83246
0.474694
0.531169
0.904438
0.102793
0.596636
0.868384
0.344659
0.366752
0.375742
0.931073
0.347396
0.180044
0.655719
0.866953
0.512185
0.312019
0.567605
0.905228
0.003629
0.53799
0.858333
0.677883
0.554515
0.458534
0.173234
0.744543
0.851554
0.241862
0.534683
0.092863
0.815696
0.749918
0.264506
0.584326
0.223186
0.878699
0.743708
0.081332
0.648125
0.374443
0.329421
0.87455
0.553864
0.097795
0.434495
0.482524
0.245992
0.330106
0.77462
0.088983
0.475219
0.381685
0.693783
0.366098
0.221441
0.665563
0.667956
0.645156
0.72044
0.038126
0.648847
0.82206
0.465184
0.350359
0.175487
0.292087
0.058544
0.332266
0.32389
0.37204
0.34712
0.970747
0.33467
0.624005
0.869625
0.906915
0.988546
0.0069
0.745355
0.118931
0.982966
0.348536
0.542306
0.772467
0.820059
0.047959
0.094923
0.732664
0.570343
0.688329
0.191699
0.608672
0.567777
0.344088
0.666086
0.857289
0.869381
0.207475
0.403073
0.697804
0.023936
0.223545
0.913782
0.73417
0.562894
0.702142
0.162631
0.273466
0.017296
0.779836
0.010975
0.680054
0.370064
0.782586
0.240221
0.004106
0.991795
0.218186
0.638354
0.104013
0.557295
0.493452
0.4224
0.58718
0.381
0.774695
0.132954
0.078923
0.998465
0.429112
0.964366
0.064893
0.08312
0.544154
0.209156
0.455318
0.489774
0.038555
0.304892
0.846305
0.492344
0.341425
0.785028
0.422722
0.391022
0.598545
0.763611
0.812384
0.833436
0.196957
0.033477
0.815094
0.217046
0.422862
0.319611
0.530704
0.983845
0.551694
0.034883
0.166174
0.838405
0.437562
0.480207
0.700699
0.87765
0.97022
0.982972
0.05148
0.427809
0.686544
0.117564
0.894473
0.32157
0.434587
0.911518
0.658954
0.049807
0.468804
0.949222
0.655805
0.971426
0.396884
0.551208
0.010434
0.039352
0.483663
0.515838
0.386955
0.142375
0.977404
0.243744
0.874935
0.66138
0.788735
0.387085
0.652354
0.589773
0.352349
0.76323
0.428258
0.351751
0.486141
0.113702
0.500909
0.055382
0.264872
0.660092
0.644929
0.415515
0.074238
0.954966
0.903577
0.504048
0.404737
0.639364
0.324443
0.158085
0.080026
0.778301
0.708999
0.25519
0.329903
0.099021
0.933114
0.490384
0.047002
0.997919
0.244864
0.825745
0.483701
0.780378
0.499222
0.029883
0.325782
0.482791
0.072248
0.308782
0.563212
0.781763
0.750497
0.354064
0.398885
0.896817
0.241979
0.451698
0.730691
0.660805
0.059125
0.049151
0.400001
0.527989
0.652899
0.206491
0.387473
0.486702
0.667796
0.39911
0.073651
0.095362
0.128659
0.755701
0.396777
0.9365
0.994362
0.796331
0.559709
0.070302
0.520562
0.529787
0.246166
0.288211
0.107663
0.99334
0.620951
0.562833
0.974306
0.814521
0.289581
0.300564
0.792216
0.839254
0.478148
0.775356
0.685476
0.516718
0.135781
0.769874
0.361891
0.749043
0.999444
0.197824
0.869221
0.772343
0.947466
0.975007
0.91185
0.374597
0.320135
0.873855
0.568062
0.155593
0.036068
0.357783
0.018546
0.286705
0.006835
0.94589
0.286611
0.133902
0.632644
0.183711
0.784274
0.893484
0.011136
0.487456
0.338124
0.419892
0.835289
0.733843
0.00524
0.57367
0.422512
0.160383
0.509802
0.891498
0.294802
0.02437
0.575623
0.747532
0.179585
0.475185
0.78394
0.145236
0.714013
0.468197
0.211429
0.080262
0.011284
0.83931
0.279263
0.555729
0.054324
0.121686
0.270566
0.15155
0.75809
0.448275
0.206702
0.829556
0.264558
0.981356
0.025922
0.40581
0.155838
0.010152
0.25207
0.689397
0.720722
0.020756
0.366433
0.012532
0.374663
0.167211
0.500123
0.576947
0.612851
0.033856
0.1766
0.841512
0.396525
0.944266
0.920283
0.06035
0.277266
0.61277
0.917732
0.899483
0.11362
0.79426
0.817996
0.877933
0.97052
0.354508
0.883457
0.534188
0.129101
0.949916
0.61134
0.272497
0.398193
0.647958
0.177586
0.140638
0.566115
0.66722
0.775744
0.388576
0.650094
0.874848
0.667443
0.87603
0.774069
0.690827
0.399909
0.626649
0.87865
0.172389
0.797392
0.226339
0.715974
0.646668
0.2169
0.996356
0.680131
0.742038
0.675343
0.941086
0.111526
0.073834
0.749458
0.276781
0.626707
0.55518
0.939619
0.136974
0.96276
0.240341
0.185227
0.267055
0.331757
0.078166
0.00122
0.602628
0.783675
0.586745
0.196454
0.417595
0.099699
0.523556
0.718121
0.805256
0.306614
0.315239
0.334083
0.014944
0.149272
0.371766
0.407778
0.872835
0.606178
0.083355
0.163629
0.674306
0.308115
0.061213
0.469825
0.081471
0.038454
0.768894
0.020254
0.51251
0.931121
0.298314
0.101437
0.924306
0.895042
0.146417
0.943762
0.640955
0.783444
0.385293
0.14733
0.823433
0.468991
0.57522
0.732006
0.42486
0.822457
0.640854
0.680023
0.251147
0.706811
0.209437
0.617074
0.884586
0.201475
0.788765
0.470166
0.130655
0.30747
0.308715
0.315876
0.428066
0.424369
0.670954
0.267494
0.361913
0.409423
0.101845
0.589721
0.079215
0.202559
0.991567
0.271155
0.426634
0.026683
0.20283
0.191421
0.199311
0.842539
0.706829
0.190978
0.526565
0.585098
0.141257
0.443709
0.592771
0.055697
0.020812
0.464616
0.109307
0.476064
0.371827
0.624142
0.186474
0.564495
0.366344
0.899271
0.347132
0.829101
0.954339
0.750462
0.014115
0.933632
0.747605
0.424848
0.504128
0.884884
0.622328
0.7275
0.730335
0.582515
0.928199
0.312199
0.746513
0.798532
0.883354
0.542795
0.429264
0.944166
0.312872
0.352911
0.877418
0.659166
0.347962
0.713374
0.946052
0.531896
0.216331
0.559129
0.162298
0.40944
0.751029
0.635761
0.079484
0.057549
0.635804
0.208992
0.63221
0.405837
0.898693
0.096807
0.330632
0.562122
0.606021
0.756103
0.069689
0.673731
0.769342
0.788418
0.286679
0.257616
0.297621
0.948828
0.51567
0.296567
0.409967
0.585009
0.203038
0.939399
0.272963
0.235872
0.562808
0.755775
0.372041
0.745428
0.723634
0.308745
0.778263
0.187228
0.949163
0.51395
0.450389
0.610536
0.08591
0.422935
0.332597
0.364776
0.823589
0.264164
0.133102
0.859057
0.726391
0.785271
0.216165
0.003267
0.77582
0.902914
0.203395
0.257572
0.100679
0.091099
0.608424
0.417855
0.947299
0.362055
0.036976
0.324377
0.320825
0.55234
0.436396
0.52145
0.431269
0.029763
0.56603
0.204869
0.169827
0.861327
0.14505
0.694928
0.854127
0.279319
0.594813
0.338016
0.151578
0.610821
0.354197
0.646564
0.295422
0.356197
0.60607
0.881132
0.305812
0.093742
0.282615
0.392437
0.882544
0.929828
0.839338
0.592436
0.735343
0.423789
0.378427
0.749134
0.668549
0.189036
0.307135
0.409136
0.255689
0.659044
0.816444
0.831311
0.422384
0.631994
0.546278
0.128752
0.642008
0.460034
0.898658
0.705354
0.328128
0.677631
0.414114
0.023985
0.300088
0.760287
0.598536
0.111813
0.016706
0.312666
0.158548
0.345119
0.041321
0.095786
0.504133
0.766083
0.773783
0.467372
0.181451
0.820788
0.847678
0.55526
0.573111
0.28397
0.842445
0.746071
0.593357
0.009855
0.407294
0.871196
0.25678
0.858088
0.830576
0.212953
0.856896
0.20877
0.005872
0.278348
0.918116
0.248485
0.622548
0.435821
0.24845
0.870748
0.43344
0.454845
0.929528
0.73143
0.732882
0.163123
0.838893
0.8494
0.557622
0.969568
0.799871
0.036502
0.746241
0.507895
0.024928
0.705439
0.328003
0.506298
0.728529
0.377821
0.167272
0.600847
0.233129
0.86233
0.618944
0.97567
0.075547
0.366842
0.520496
0.796373
0.314787
0.680992
0.900368
0.075153
0.855738
0.030987
0.192643
0.115473
0.319596
0.684648
0.640145
0.872918
0.97429
0.862524
0.183693
0.358378
0.595794
0.604404
0.017282
0.992463
0.959014
0.688647
0.505953
0.077958
0.257871
0.175537
0.790389
0.556948
0.469571
0.679219
0.012932
0.77326
0.833172
0.054624
0.08962
0.584442
0.310939
0.063064
0.974753
0.795238
0.962857
0.980611
0.31124
0.54821
0.085942
0.551605
0.971447
0.88793
0.025878
0.462421
0.12575
0.224851
0.242015
0.608491
0.695336
0.404924
0.560684
0.301459
0.83694
0.176882
0.758821
0.792952
0.11449
0.285356
0.998033
0.683177
0.113403
0.419271
0.826553
0.714131
0.850871
0.656743
0.821219
0.580834
0.049941
0.345746
0.668874
0.569479
0.714784
0.694689
0.194572
0.037598
0.218779
0.257526
0.665764
0.027198
0.647771
0.267474
0.028044
0.302387
0.108662
0.691792
0.872972
0.493524
0.771774
0.590912
0.162155
0.340406
0.932094
0.7245
0.410749
0.88721
0.152704
0.773382
0.824109
0.334778
0.535386
0.284586
0.742848
0.312369
0.395833
0.281863
0.098742
0.427728
0.377423
0.401553
0.964107
0.937297
0.438254
0.389056
0.782736
0.175067
0.190581
0.60189
0.101005
0.703747
0.268895
0.067396
0.049719
0.79186
0.048146
0.274044
0.152701
0.167265
0.676724
0.87007
0.840716
0.208755
0.858077
0.031307
0.732273
0.059981
0.234849
0.999979
0.114624
0.8501
0.364243
0.696364
0.040141
0.125926
0.793537
0.458659
0.999475
0.759391
0.572693
0.270013
0.357895
0.32607
0.873213
0.167007
0.954111
0.512434
0.908867
0.262155
0.797897
0.508046
0.940835
0.461133
0.32173
0.228953
0.935013
0.108801
0.480016
0.733955
0.48295
0.384444
0.282502
0.200682
0.375923
0.342645
0.460986
0.075229
0.059721
0.104963
0.563356
0.389154
0.965002
0.0301
0.33039
0.919273
0.08131
0.870424
0.282108
0.747217
0.79049
0.5798
0.446703
0.535726
0.858834
0.204889
0.433427
0.265126
0.329731
0.321235
0.07065
0.897743
0.244588
0.745257
0.342454
0.572608
0.990691
0.24992
0.183261
0.243097
0.474135
0.187628
0.258001
0.977524
0.815527
0.611277
0.750321
0.067253
0.609703
0.621096
0.308825
0.04635
0.781783
0.830408
0.921763
0.033931
0.764606
0.787652
0.981416
0.484034
0.59669
0.176906
0.285005
0.195537
0.309774
0.498831
0.592819
0.631328
0.245557
0.525764
0.527605
0.313794
0.988245
0.684891
0.011232
0.65877
0.401118
0.41726
0.477776
0.803999
0.871197
0.669652
0.390551
0.734231
0.943532
0.553373
0.136009
0.37957
0.666249
0.093621
0.847592
0.033019
0.884037
0.510679
0.634833
0.079134
0.153363
0.623672
0.527294
0.929737
0.549908
0.957163
0.197283
0.016746
0.252655
0.745614
0.512893
0.613008
0.38163
0.03657
0.217517
0.255176
0.185274
0.8395
0.717557
0.347392
0.674195
0.857353
0.50007
0.057934
0.067627
0.40303
0.24644
0.456291
0.096737
0.738934
0.37119
0.35458
0.238922
0.497473
0.819628
0.922651
0.494329
0.201869
0.304015
0.653631
0.516172
0.190731
0.826599
0.796887
0.648021
0.774466
0.279431
0.267816
0.543592
0.423654
0.413673
0.116143
0.849433
0.239334
0.322077
0.420212
0.623798
0.456417
0.124375
0.645376
0.69839
0.765587
0.327931
0.746869
0.827044
0.404939
0.588158
0.004908
0.759597
0.820408
0.854044
0.88423
0.949016
0.401461
0.03237
0.930514
0.690723
0.334136
0.222233
0.397132
0.181358
0.021425
0.758902
0.213052
0.858136
0.570462
0.58002
0.169508
0.625154
0.789755
0.432504
0.26508
0.136625
0.981385
0.926899
0.210724
0.203771
0.94293
0.474936
0.82045
0.409181
0.613381
0.698695
0.470855
0.087054
0.048714
0.937731
0.971039
0.358816
0.66074
0.292167
0.919631
0.251369
0.531784
0.993531
0.734424
0.089806
0.458068
0.254819
0.750952
0.434994
0.420427
0.342335
0.746405
0.885385
0.258641
0.97567
0.560914
0.527094
0.417315
0.457002
0.35961
0.467577
0.113432
0.252662
0.931188
0.100421
0.802984
0.325492
0.356219
0.755873
0.618062
0.616424
0.482165
0.452969
0.422736
0.854317
0.344715
0.397374
0.921246
0.121173
0.107956
0.586683
0.714735
0.044426
0.256781
0.524253
0.465306
0.653719
0.995708
0.852452
0.81783
0.515187
0.382077
0.000739
0.746142
0.274643
0.492727
0.643873
0.160958
0.26329
0.705449
0.250657
0.503604
0.160981
0.220675
0.217555
0.021332
0.769021
0.241527
0.18572
0.966258
0.890548
0.046065
0.837798
0.390883
0.809198
0.117601
0.63488
0.690929
0.75782
0.624049
0.724149
0.177182
0.968141
0.894703
0.803161
0.011359
0.936317
0.162828
0.01024
0.54829
0.133152
0.052715
0.973183
0.62395
0.246134
0.443504
0.753958
0.398142
0.654369
0.672194
0.358447
0.792912
0.60772
0.30419
0.025996
0.96201
0.272071
0.54699
0.292126
0.500202
0.659388
0.634492
0.594356
0.223977
0.037924
0.692876
0.751876
0.043319
0.897829
0.306498
0.473033
0.433885
0.626427
0.277636
0.306192
0.895376
0.445428
0.954559
0.184348
0.476511
0.847199
0.36608
0.259792
0.74222
0.202709
0.965388
0.357792
0.621087
0.789159
0.562123
0.588086
0.011825
0.440233
0.382541
0.23522
0.187885
0.051845
0.272166
0.607981
0.838533
0.912608
0.27166
0.431851
0.528333
0.92653
0.810931
0.871408
0.932833
0.690207
0.079895
0.599295
0.895166
0.31108
0.937343
0.248539
0.572881
0.619323
0.148077
0.881436
0.282968
0.380572
0.198941
0.246625
0.129028
0.187821
0.567877
0.55443
0.675576
0.68051
0.503745
0.129503
0.374676
0.66695
0.825563
0.512158
0.702795
0.795589
0.413729
0.650053
0.053878
0.763255
0.793132
0.201512
0.890889
0.486142
0.542325
0.393553
0.746963
0.067039
0.956031
0.968965
0.734502
0.152093
0.286127
0.952606
0.272841
0.690542
0.74959
0.227635
0.660981
0.780269
0.098167
0.629723
0.420051
0.698667
0.124898
0.382927
0.26794
0.236084
0.928975
0.452888
0.417794
0.544216
0.472208
0.927937
0.084839
0.811799
0.850702
0.241885
0.927855
0.059496
0.248034
0.083042
0.954245
0.348823
0.391187
0.312737
0.853011
0.854286
0.62093
0.786754
0.332785
0.616381
0.85568
0.185938
0.187018
0.330958
0.710654
0.025279
0.444007
0.549256
0.693679
0.643289
0.375617
0.247989
0.91905
0.801643
0.54757
0.134254
0.644415
0.557633
0.555228
0.955541
0.501819
0.693479
0.056733
0.668439
0.248639
0.180873
0.873112
0.439949
0.179852
0.072045
0.541723
0.635064
0.435986
0.059778
0.37901
0.00394
0.92423
0.440792
0.812895
0.577721
0.660248
0.564952
0.848402
0.643831
0.717161
0.674876
0.314956
0.060584
0.90497
0.965001
0.85105
0.744471
0.722092
0.64418
0.917145
0.773285
0.560133
0.884378
0.785371
0.48339
0.493948
0.103829
0.863964
0.484335
0.212876
0.686053
0.703906
0.803297
0.467513
0.92436
0.910637
0.510106
0.760189
0.015361
0.701217
0.841425
0.707662
0.691771
0.118135
0.127638
0.82506
0.414934
0.127832
0.01391
0.996991
0.394095
0.310357
0.165012
0.029468
0.931879
0.020182
0.1059
0.599335
0.698741
0.892794
0.813002
0.076332
0.75731
0.33003
0.583779
0.795346
0.81799
0.74865
0.630934
0.06098
0.316001
0.724096
0.204524
0.955654
0.99565
0.919837
0.336658
0.659392
0.486035
0.750685
0.88171
0.106976
0.12143
0.651045
0.872291
0.323157
0.157554
0.98195
0.311409
0.644696
0.522667
0.560111
0.308528
0.408649
0.433233
0.935986
0.326154
0.323832
0.96971
0.916571
0.72225
0.633202
0.759948
0.491905
0.926733
0.588845
0.391262
0.855657
0.766567
0.862315
0.344433
0.760699
0.315856
0.260078
0.760509
0.315646
0.723537
0.387283
0.222103
0.790453
0.171243
0.765427
0.193174
0.289412
0.164834
0.84998
0.954753
0.149116
0.014516
0.263046
0.129516
0.779445
0.219087
0.51332
0.092818
0.190073
0.998294
0.631634
0.18583
0.882454
0.642808
0.396547
0.576548
0.121301
0.363577
0.970266
0.94584
0.579637
0.280491
0.09297
0.030271
0.07446
0.359395
0.596324
0.553453
0.12091
0.874466
0.087269
0.797702
0.068907
0.524828
0.781085
0.349053
0.642591
0.16988
0.170748
0.263526
0.730576
0.477162
0.966329
0.857513
0.029459
0.53809
0.899124
0.886919
0.666524
0.039376
0.430993
0.287926
0.447379
0.127704
0.145572
0.245941
0.6153
0.825436
0.316014
0.117162
0.812422
0.544815
0.354614
0.685145
0.901566
0.145753
0.836129
0.306791
0.084017
0.866902
0.333295
0.326962
0.202655
0.473945
0.362116
0.103751
0.381023
0.143246
0.69476
0.283892
0.301982
0.134751
0.189611
0.5366
0.243869
0.626521
0.752272
0.123829
0.401651
0.343196
0.540247
0.891137
0.639581
0.888422
0.017145
0.891434
0.373825
0.363369
0.078721
0.567616
0.611186
0.05362
0.820985
0.624061
0.442363
0.974165
0.641011
0.620093
0.094379
0.453353
0.444648
0.71986
0.390224
0.93092
0.009986
0.884542
0.070516
0.38531
0.309669
0.950471
0.074859
0.395491
0.605024
0.105483
0.073185
0.744922
0.621195
0.711851
0.540286
0.384132
0.121679
0.933576
0.630109
0.095905
0.255165
0.300892
0.696095
0.687819
0.90113
0.565272
0.540952
0.783405
0.462437
0.649659
0.888367
0.462108
0.688003
0.365683
0.001138
0.02562
0.249517
0.734279
0.542442
0.778457
0.983588
0.740305
0.607994
0.458275
0.842899
0.546498
0.737669
0.997074
0.130645
0.404346
0.208869
0.314884
0.140001
0.727542
0.75159
0.014096
0.107734
0.992764
0.943272
0.365683
0.820736
0.167725
0.226402
0.284027
0.735627
0.073228
0.961726
0.099444
0.616454
0.974491
0.885292
0.880936
0.981938
0.968231
0.155401
0.187894
0.429633
0.782235
0.335949
0.304329
0.048288
0.081058
0.177115
0.161974
0.621762
0.117166
0.378994
0.285124
0.133297
0.846503
0.276313
0.386633
0.890415
0.091241
0.058913
0.776883
0.903717
0.736921
0.829293
0.18062
0.329529
0.167083
0.903964
0.353109
0.498495
0.24539
0.659824
0.71155
0.654655
0.452985
0.227786
0.10533
0.470249
0.390987
0.559698
0.625077
0.750336
0.309056
0.332962
0.055174
0.600098
0.167215
0.094876
0.343051
0.83375
0.025127
0.160514
0.910169
0.682273
0.33635
0.429091
0.95837
0.721602
0.363662
0.11356
0.646768
0.059447
0.655136
0.091083
0.772411
0.314071
0.867354
0.842404
0.314793
0.591061
0.074625
0.798359
0.750903
0.225015
0.775369
0.292501
0.779117
0.543634
0.163581
0.630295
0.686552
0.156076
0.182265
0.066225
0.365299
0.714115
0.650985
0.355331
0.302361
0.672163
0.750543
0.789876
0.22721
0.544673
0.567358
0.256413
0.80626
0.542492
0.283915
0.624612
0.950998
0.930895
0.459252
0.002317
0.230399
0.671819
0.567298
0.380788
0.157863
0.753644
0.574466
0.07403
0.918008
0.406072
0.15718
0.12734
0.400528
0.758255
0.394009
0.008801
0.726853
0.204357
0.494376
0.061679
0.36061
0.016798
0.705753
0.499361
0.333625
0.082728
0.331507
0.471516
0.215904
0.485953
0.911139
0.570629
0.443076
0.105397
0.039318
0.557256
0.714153
0.971433
0.771162
0.419143
0.998521
0.700257
0.848636
0.497283
0.746147
0.529016
0.893883
0.308682
0.610722
0.270383
0.487428
0.585403
0.186776
0.363616
0.570773
0.378199
0.792664
0.236958
0.671328
0.905239
0.077784
0.63019
0.406562
0.530245
0.870357
0.073816
0.960577
0.400007
0.777423
0.992485
0.72743
0.411211
0.670133
0.136997
0.762243
0.481783
0.67714
0.309052
0.516638
0.862409
0.256353
0.258043
0.668551
0.106087
0.691337
0.147087
0.748627
0.641263
0.284179
0.661116
0.819587
0.832334
0.984085
0.491533
0.157019
0.329287
0.624304
0.500915
0.221593
0.801617
0.94068
0.190343
0.574044
0.784554
0.206146
0.369091
0.388652
0.049044
0.407894
0.756047
0.832397
0.314073
0.88945
0.087568
0.594274
0.681078
0.019812
0.552283
0.822056
0.558168
0.352262
0.213987
0.905171
0.08677
0.496776
0.959074
0.421442
0.806035
0.507463
0.165268
0.039327
0.588705
0.787373
0.420643
0.45164
0.527587
0.016576
0.518327
0.093501
0.007815
0.055844
0.287457
0.779787
0.049017
0.405273
0.183516
0.042084
0.972967
0.132369
0.679174
0.055429
0.297086
0.023443
0.805675
0.873387
0.720178
0.1816
0.603096
0.398712
0.533979
0.093485
0.452072
0.283286
0.407004
0.703396
0.379576
0.167608
0.754615
0.449882
0.962605
0.203812
0.711295
0.203653
0.146669
0.80975
0.967275
0.053588
0.160102
0.545606
0.813479
0.327921
0.324828
0.230837
0.279491
0.940801
0.895003
0.073198
0.492643
0.09405
0.831117
0.380042
0.027529
0.8222
0.553142
0.642017
0.756381
0.773802
0.664307
0.9422
0.65194
0.591552
0.087309
0.727314
0.196087
0.029438
0.778914
0.268915
0.574218
0.21959
0.922777
0.300256
0.449376
0.487025
0.126859
0.077324
0.467578
0.800734
0.073314
0.293797
0.811861
0.599051
0.089845
0.47601
0.563262
0.636221
0.295219
0.935608
0.143816
0.899815
0.178396
0.163226
0.380465
0.719838
0.505057
0.210662
0.185197
0.233221
0.10907
0.103326
0.462611
0.261128
0.942182
0.90601
0.347966
0.606851
0.605795
0.410389
0.337724
0.196982
0.873146
0.215675
0.526863
0.660774
0.133022
0.576726
0.229684
0.54221
0.551182
0.100228
0.486761
0.699432
0.738836
0.831059
0.588732
0.041107
0.962455
0.215772
0.414399
0.228452
0.503416
0.147553
0.242167
0.191913
0.473224
0.67474
0.269883
0.634317
0.364082
0.789862
0.16253
0.700102
0.722634
0.757247
0.009403
0.197752
0.319055
0.53001
0.501558
0.862991
0.692307
0.605734
0.880246
0.102774
0.817409
0.297804
0.30844
0.203437
0.024776
0.747516
0.840281
0.322171
0.407384
0.813938
0.893513
0.321055
0.744061
0.865972
0.047589
0.503045
0.701359
0.999729
0.812928
0.247515
0.365757
0.918377
0.172776
0.496052
0.642041
0.635056
0.568468
0.855508
0.992226
0.616533
0.315273
0.731128
0.249531
0.66981
0.832623
0.82505
0.060525
0.637989
0.176624
0.132039
0.911449
0.000836
0.108813
0.29286
0.080924
0.632085
0.862745
0.992301
0.396122
0.028184
0.665017
0.389822
0.144316
0.228712
0.799541
0.106461
0.402944
0.289605
0.139137
0.883342
0.723787
0.604979
0.303046
0.655692
0.934344
0.887077
0.346942
0.703876
0.507718
0.235121
0.18461
0.332767
0.558448
0.833961
0.418346
0.240892
0.242054
0.074247
0.247266
0.734594
0.509588
0.433574
0.046789
0.607095
0.183812
0.590561
0.89379
0.621923
0.626692
0.074028
0.383229
0.990164
0.364094
0.018076
0.715509
0.731102
0.654622
0.230749
0.745701
0.979397
0.026966
0.680777
0.598274
0.680556
0.943524
0.382684
0.325314
0.604936
0.076078
0.393733
0.955399
0.951893
0.449019
0.328951
0.743438
0.652134
0.169208
0.604274
0.46115
0.355748
0.580478
0.805305
0.044985
0.522194
0.798288
0.599135
0.77876
0.282142
0.229949
0.429211
0.884028
0.232941
0.597471
0.301199
0.753995
0.268906
0.715462
0.516374
0.012384
0.542278
0.507243
0.043358
0.699189
0.480686
0.911967
0.783942
0.74391
0.966884
0.7109
0.227048
0.564912
0.334182
0.583919
0.221636
0.296901
0.776885
0.209402
0.468676
0.192625
0.582598
0.024388
0.138617
0.926042
0.424971
0.986773
0.473879
0.26334
0.024038
0.726119
0.039447
0.195953
0.604046
0.105237
0.200472
0.149039
0.065501
0.031396
0.070965
0.0447
0.951983
0.186934
0.119985
0.228169
0.251959
0.063296
0.08947
0.85083
0.614846
0.710707
0.190785
0.129225
0.540166
0.465472
0.391192
0.729185
0.742707
0.878961
0.149009
0.270671
0.517843
0.029299
0.013977
0.375142
0.143797
0.27678
0.917256
0.680584
0.056163
0.806172
0.531573
0.579159
0.779331
0.432676
0.118381
0.391994
0.713266
0.104718
0.025283
0.641458
0.920167
0.71326
0.868344
0.312447
0.095196
0.717546
0.816494
0.889888
0.504744
0.729877
0.169351
0.627918
0.096261
0.993088
0.116655
0.899016
0.831833
0.970423
0.63148
0.260987
0.780102
0.3921
0.198011
0.217597
0.690695
0.626901
0.362443
0.492046
0.781983
0.19726
0.800729
0.098374
0.897908
0.908606
0.563908
0.490478
0.21841
0.691169
0.167365
0.428037
0.140705
0.244768
0.492359
0.152609
0.091248
0.719722
0.213946
0.673527
0.173652
0.078526
0.505517
0.342399
0.634746
0.425092
0.613207
0.538216
0.795659
0.815706
0.811235
0.363406
0.985177
0.073618
0.531617
0.980767
0.691274
0.697545
0.900797
0.233513
0.881307
0.708955
0.205234
0.169483
0.260771
0.811246
0.259819
0.028745
0.930334
0.235737
0.54124
0.651852
0.104087
0.562963
0.648455
0.024689
0.823392
0.523406
0.910928
0.541865
0.802984
0.607646
0.174742
0.780217
0.709972
0.074161
0.856218
0.270256
0.993364
0.869781
0.332501
0.39837
0.724072
0.30907
0.618951
0.011052
0.18615
0.542852
0.385186
0.226272
0.816662
0.028388
0.547415
0.948211
0.168949
0.84933
0.523887
0.990783
0.031309
0.131907
0.773887
0.424934
0.746556
0.676105
0.118851
0.403968
0.944521
0.886132
0.385824
0.870844
0.143123
0.1703
0.924423
0.595499
0.383901
0.595168
0.267253
0.766321
0.287076
0.542663
0.455034
0.336441
0.335363
0.35406
0.844139
0.245942
0.368087
0.707831
0.431546
0.989891
0.298667
0.729835
0.189008
0.587499
0.675948
0.94937
0.77482
0.917212
0.571264
0.793198
0.677971
0.127547
0.374104
0.460266
0.947113
0.893495
0.150203
0.0125
0.079458
0.97993
0.035954
0.297756
0.768058
0.597894
0.119348
0.322592
0.072829
0.803651
0.354678
0.120657
0.110077
0.819333
0.387072
0.742507
0.711198
0.675983
0.221615
0.294906
0.737324
0.471482
0.114052
0.401959
0.90687
0.898593
0.893452
0.819203
0.766591
0.737206
0.690431
0.763397
0.240662
0.808685
0.240452
0.50461
0.954422
0.971095
0.195204
0.097292
0.870931
0.989427
0.584142
0.203179
0.24509
0.153186
0.729484
0.079606
0.058384
0.531615
0.22036
0.858964
0.495498
0.497702
0.779288
0.044976
0.957489
0.313038
0.362841
0.222887
0.189136
0.637723
0.277791
0.485033
0.981262
0.980453
0.721157
0.04452
0.302119
0.284057
0.245132
0.509626
0.03668
0.625312
0.781476
0.199388
0.635455
0.940237
0.109181
0.442179
0.813409
0.409775
0.08567
0.23706
0.328948
0.903738
0.948604
0.869308
0.535011
0.399203
0.934346
0.902067
0.627059
0.588389
0.128698
0.011671
0.452961
0.735348
0.817341
0.959145
0.771769
0.795052
0.922502
0.736575
0.897444
0.797479
0.729163
0.278818
0.744391
0.693278
0.818433
0.254314
0.965947
0.570403
0.14148
0.454976
0.24942
0.380788
0.183864
0.490305
0.914883
0.072823
0.446421
0.305047
0.031574
0.118676
0.183602
0.397499
0.818705
0.774503
0.715521
0.190986
0.59986
0.081147
0.23738
0.339227
0.286141
0.163143
0.83748
0.273622
0.034723
0.812228
0.869894
0.870248
0.920799
0.585644
0.05469
0.397723
0.924988
0.775097
0.536851
0.057095
0.875251
0.927261
0.214374
0.523639
0.645797
0.118088
0.552491
0.80732
0.275918
0.263803
0.321298
0.132566
0.581303
0.016366
0.082073
0.497558
0.502315
0.682019
0.463534
0.095151
0.867449
0.657204
0.388337
0.62865
0.836166
0.747457
0.166388
0.087992
0.473881
0.935617
0.877475
0.098815
0.646868
0.853502
0.770708
0.639109
0.892543
0.139168
0.772047
0.799189
0.845098
0.741938
0.147613
0.903119
0.091459
0.910846
0.751146
0.020853
0.810109
0.73069
0.194629
0.042854
0.780101
0.765529
0.400587
0.580199
0.819706
0.6245
0.266394
0.169012
0.014556
0.149943
0.699907
0.776105
0.613579
0.172654
0.88841
0.494112
0.783638
0.711997
0.706527
0.470281
0.580699
0.413457
0.677126
0.228271
0.455625
0.096358
0.349435
0.240336
0.57359
0.422572
0.440555
0.829179
0.196241
0.845343
0.942863
0.222708
0.587356
0.268688
0.153926
0.684014
0.350134
0.753969
0.888047
0.84205
0.095864
0.447774
0.126915
0.393007
0.446356
0.534346
0.01871
0.602338
0.973085
0.391055
0.334069
0.889002
0.342005
0.782497
0.414129
0.330147
0.730804
0.144449
0.770675
0.57982
0.864924
0.370749
0.307362
0.307198
0.050332
0.99697
0.993429
0.332969
0.551921
0.79034
0.396012
0.385324
0.594384
0.250846
0.882727
0.115169
0.707175
0.946381
0.527441
0.32774
0.334759
0.612171
0.722613
0.720219
0.897145
0.673621
0.166396
0.109693
0.523778
0.212552
0.537065
0.273844
0.36977
0.222961
0.011002
0.580348
0.850176
0.232621
0.812956
0.232369
0.633802
0.075328
0.908821
0.915658
0.668783
0.054616
0.851504
0.53706
0.541938
0.851266
0.160987
0.489886
0.055452
0.830518
0.025051
0.913212
0.198729
0.77419
0.210313
0.162788
0.05162
0.380378
0.068009
0.9142
0.525894
0.297127
0.948141
0.807789
0.057069
0.838247
0.317802
0.283751
0.849976
0.759789
0.357368
0.576024
0.858522
0.596933
0.830957
0.45743
0.88417
0.238005
0.635716
0.718289
0.13975
0.559379
0.201057
0.907735
0.781859
0.104936
0.782574
0.583712
0.425676
0.33152
0.257755
0.931866
0.339188
0.749822
0.419491
0.659664
0.938176
0.606657
0.055241
0.089968
0.797238
0.872697
0.78836
0.315882
0.91599
0.715812
0.255382
0.303791
0.012754
0.21379
0.664716
0.059601
0.380329
0.654148
0.306523
0.744779
0.523608
0.514664
0.80461
0.914343
0.055803
0.331747
0.94951
0.640823
0.070607
0.572323
0.015236
0.624737
0.010691
0.878373
0.38426
0.011579
0.965565
0.484252
0.860899
0.22216
0.170682
0.925691
0.922385
0.031663
0.220275
0.901395
0.492805
0.433234
0.091516
0.629241
0.338225
0.956102
0.372949
0.062354
0.990888
0.765286
0.772744
0.053475
0.845467
0.519185
0.111607
0.834367
0.747769
0.431416
0.618962
0.46991
0.080939
0.351824
0.231375
0.960239
0.356979
0.113863
0.847169
0.640453
0.21783
0.206455
0.853691
0.735144
0.657102
0.894135
0.087027
0.339125
0.345183
0.760326
0.607014
0.992871
0.631659
0.829343
0.42378
0.423931
0.054072
0.509727
0.20044
0.070851
0.714246
0.103256
0.0332
0.088844
0.636293
0.938129
0.563721
0.867015
0.187149
0.312956
0.772827
0.749203
0.551096
0.63596
0.002987
0.259046
0.211011
0.070099
0.296678
0.413802
0.904139
0.419307
0.984751
0.811977
0.160964
0.850494
0.868098
0.095613
0.218912
0.86174
0.864587
0.620846
0.520296
0.239561
0.214078
0.60298
0.704275
0.197892
0.873268
0.278353
0.682415
0.079328
0.125951
0.591797
0.811012
0.272263
0.265394
0.47977
0.737944
0.030323
0.171851
0.45132
0.065025
0.99663
0.838011
0.945725
0.173834
0.561002
0.088317
0.702088
0.754646
0.000111
0.100587
0.032371
0.563641
0.351502
0.506771
0.644024
0.250838
0.608523
0.285293
0.161587
0.986831
0.246925
0.62406
0.703371
0.382781
0.249201
0.115059
0.247523
0.7827
0.739983
0.911666
0.280334
0.924948
0.233131
0.010607
0.388644
0.91512
0.363331
0.894343
0.520644
0.981193
0.023592
0.264084
0.894792
0.41418
0.226531
0.189474
0.474474
0.782435
0.335842
0.616189
0.619209
0.318748
0.025531
0.778171
0.62021
0.879168
0.778219
0.995307
0.515064
0.020529
0.218156
0.700859
0.258053
0.445709
0.214454
0.309683
0.970476
0.728507
0.907039
0.69928
0.10116
0.329971
0.00563
0.107007
0.1875
0.335915
0.959936
0.723982
0.532349
0.317107
0.153622
0.2419
0.369341
0.304531
0.112238
0.570428
0.108256
0.596487
0.332855
0.066604
0.149044
0.41147
0.559717
0.090683
0.165807
0.579621
0.306339
0.301537
0.660411
0.980584
0.481667
0.19228
0.36208
0.454381
0.073921
0.04989
0.810805
0.722648
0.05491
0.754168
0.965423
0.673882
0.971878
0.488011
0.299938
0.466568
0.871874
0.159063
0.364889
0.368643
0.850352
0.398992
0.253594
0.981168
0.399608
0.225338
0.663516
0.826967
0.247178
0.939968
0.822541
0.199136
0.173034
0.876793
0.96967
0.51779
0.88812
0.449653
0.774289
0.055661
0.955885
0.078449
0.23806
0.772621
0.754726
0.661942
0.555914
0.099059
0.439139
0.564987
0.736375
0.450811
0.288536
0.1485
0.879239
0.549039
0.432184
0.277076
0.847876
0.726888
0.838637
0.691482
0.84467
0.440928
0.008513
0.454001
0.776156
0.701914
0.767439
0.673291
0.644657
0.460195
0.578687
0.400371
0.80839
0.100754
0.281505
0.237339
0.383257
0.193918
0.753193
0.326544
0.136092
0.937349
0.740699
0.452747
0.202638
0.031342
0.449923
0.069016
0.317601
0.800775
0.160629
0.057417
0.218315
0.483224
0.683528
0.811111
0.984086
0.079862
0.072596
0.296732
0.850994
0.911935
0.843126
0.506377
0.747701
0.760061
0.603825
0.814478
0.79103
0.722313
0.147079
0.219705
0.718928
0.20824
0.831679
0.819417
0.571779
0.802766
0.763697
0.016332
0.253479
0.082345
0.95633
0.90925
0.53535
0.706682
0.677891
0.04511
0.648588
0.757883
0.336787
0.810217
0.072829
0.527297
0.013136
0.714661
0.524309
0.651625
0.943128
0.399829
0.063703
0.729141
0.01462
0.663816
0.093606
0.886855
0.64732
0.42638
0.575516
0.436093
0.890912
0.809539
0.490041
0.930489
0.77309
0.324723
0.229988
0.846697
0.948416
0.657577
0.962903
0.320282
0.457248
0.376954
0.306199
0.85936
0.781244
0.738399
0.294174
0.329381
0.713476
0.727456
0.362816
0.348972
0.649078
0.627102
0.306399
0.480431
0.976672
0.667366
0.751121
0.277363
0.832997
0.670372
0.19725
0.861928
0.395435
0.271447
0.971105
0.887266
0.805129
0.587567
0.576373
0.162291
0.225269
0.704591
0.067346
0.853683
0.987311
0.004754
0.812649
0.251106
0.54178
0.786448
0.014305
0.709731
0.990354
0.51487
0.759677
0.982327
0.191159
0.512745
0.523345
0.690717
0.671288
0.507558
0.063095
0.827722
0.449994
0.712393
0.416656
0.766378
0.300623
0.127927
0.918754
0.328184
0.159296
0.032769
0.045252
0.788817
0.671875
0.989885
0.479584
0.055136
0.883973
0.701356
0.499196
0.949451
0.552736
0.17072
0.722426
0.570471
0.209439
0.584461
0.029708
0.855082
0.760492
0.264403
0.347984
0.705508
0.528229
0.628001
0.715029
0.685788
0.204758
0.430121
0.100514
0.53888
0.55415
0.938044
0.369525
0.07451
0.944421
0.188572
0.951894
0.605373
0.068148
0.504145
0.038308
0.204887
0.141374
0.083865
0.369999
0.204303
0.113135
0.938379
0.601962
0.629566
0.410514
0.016283
0.468277
0.22372
0.942901
0.119349
0.393966
0.819975
0.550213
0.545812
0.576162
0.040307
0.992616
0.170824
0.448683
0.322265
0.850997
0.341884
0.16422
0.686231
0.978814
0.485414
0.353011
0.851459
0.331811
0.711987
0.494443
0.313312
0.559699
0.747439
0.584496
0.922799
0.075751
0.195219
0.001759
0.223657
0.320781
0.407219
0.957363
0.683639