1024 1
0
557
1
436
2
195
3
677
4
540
5
178
6
327
7
835
8
670
9
16
10
792
11
642
12
150
13
603
14
301
15
85
16
606
17
412
18
56
19
561
20
696
21
612
22
946
23
232
17
24
25
807
26
835
27
322
28
782
29
585
30
411
31
157
32
914
33
514
34
191
35
912
36
111
37
105
1
38
39
454
40
639
41
739
42
227
43
864
44
58
45
511
46
594
47
626
19
48
49
385
50
875
51
480
52
736
28
53
54
582
55
57
56
839
57
246
58
892
26
59
60
61
61
875
62
110
63
620
59
64
65
210
66
502
67
452
68
1009
69
593
70
170
71
541
72
115
73
659
74
786
25
75
76
301
77
149
78
660
79
918
80
215
81
986
82
402
83
299
84
299
85
508
86
283
87
244
88
658
89
508
4
90
91
1019
41
92
93
951
0
94
95
718
96
396
97
295
98
131
99
884
100
859
32
101
102
522
103
834
104
852
105
668
106
737
107
944
75
108
109
822
110
817
111
553
112
402
83
113
114
1016
115
507
116
631
117
235
118
828
119
332
120
379
121
334
122
305
123
1010
104
124
125
1015
126
379
127
463
39
128
108
129
130
406
131
951
132
380
133
811
134
322
135
991
94
136
34
137
138
404
139
282
140
312
141
1021
142
246
143
392
144
553
145
712
146
541
42
147
148
493
149
232
150
628
151
475
152
857
153
305
154
167
155
636
156
718
157
268
158
794
159
377
36
160
161
654
162
850
163
820
164
388
165
832
166
464
119
167
168
224
169
339
170
570
171
655
172
925
173
373
174
476
175
333
134
176
177
529
178
444
179
924
180
523
181
580
182
394
183
396
184
591
185
414
95
186
187
607
188
882
156
189
18
190
132
191
192
685
193
924
194
712
195
500
196
793
197
253
198
296
199
683
200
648
6
201
202
649
203
459
204
227
205
892
206
994
207
809
166
208
123
209
124
210
211
420
152
212
213
641
214
618
215
341
79
216
217
966
218
777
219
627
167
220
221
531
222
977
223
352
224
1008
225
264
128
226
161
227
228
246
229
957
230
536
231
786
232
1022
233
924
234
960
235
584
236
982
237
734
238
985
239
776
240
973
241
955
242
492
194
243
244
294
245
639
207
246
247
381
248
370
249
853
250
349
251
709
140
252
214
253
44
254
255
701
256
388
257
258
258
942
259
922
260
422
17
261
262
584
177
263
264
715
265
372
266
365
267
295
268
635
269
333
270
892
271
543
213
272
273
548
186
274
182
275
276
580
155
277
278
699
279
824
280
586
281
665
282
815
283
1016
284
731
285
696
286
343
287
880
288
443
289
399
290
778
272
291
292
732
293
740
63
294
295
831
296
807
6
297
298
937
299
839
0
300
301
493
302
323
303
1006
304
707
160
305
306
846
307
323
308
639
309
999
310
865
55
311
312
459
313
380
314
956
315
441
316
731
317
495
318
551
319
852
320
444
186
321
322
787
204
323
324
857
325
772
290
326
327
492
328
425
329
413
330
872
331
834
90
332
333
444
334
756
335
619
336
628
337
400
150
338
339
681
340
634
341
662
342
861
142
343
344
461
195
345
121
346
347
645
348
771
270
349
350
502
272
351
352
918
100
353
354
511
355
958
28
356
357
750
316
358
359
650
155
360
37
361
362
675
14
363
337
364
36
365
366
581
59
367
368
907
281
369
317
370
371
403
109
372
373
446
374
665
375
1005
356
376
377
388
199
378
250
379
380
795
276
381
54
382
260
383
96
384
385
668
386
804
92
387
34
388
389
713
390
610
256
391
392
604
393
684
394
913
245
395
175
396
47
397
398
941
154
399
17
400
401
481
53
402
403
1007
404
719
405
871
194
406
407
867
374
408
409
744
410
682
177
411
412
743
413
437
284
414
329
415
416
669
144
417
418
849
377
419
57
420
421
1005
27
422
423
965
424
580
52
425
140
426
427
749
350
428
429
862
69
430
32
431
139
432
433
931
434
1014
435
730
293
436
297
437
438
977
439
851
440
558
441
754
442
978
267
443
444
1009
445
494
376
446
447
643
448
648
449
1016
450
691
417
451
452
863
453
503
454
522
339
455
456
656
176
457
458
982
275
459
460
556
461
968
462
962
5
463
464
551
358
465
206
466
467
807
235
468
469
695
470
700
451
471
472
1004
278
473
474
496
259
475
476
881
83
477
478
969
269
479
480
601
274
481
218
482
483
781
484
980
485
739
393
486
487
782
488
658
353
489
183
490
477
491
76
492
377
493
494
601
495
1008
160
496
497
886
249
498
499
922
500
546
452
501
502
590
486
503
504
1004
505
769
46
506
0
507
508
742
509
912
104
510
511
700
512
1019
381
513
283
514
515
832
384
516
517
736
518
663
385
519
116
520
379
521
522
1019
29
523
516
524
525
835
526
722
527
796
528
698
529
714
530
908
531
1007
532
787
10
533
332
534
535
886
536
633
21
537
132
538
539
893
256
540
56
541
542
848
543
1000
544
755
129
545
546
858
419
547
10
548
549
791
135
550
551
857
388
552
303
553
214
554
555
849
556
865
414
557
558
629
286
559
560
946
232
561
496
562
288
563
326
564
282
565
566
684
483
567
375
568
453
569
479
570
153
571
572
878
378
573
558
574
575
911
535
576
577
647
578
766
407
579
580
972
549
581
582
603
583
846
399
584
585
644
586
688
587
943
423
588
45
589
291
590
591
746
592
644
593
1002
289
594
595
678
596
860
597
761
25
598
555
599
600
977
203
601
602
890
603
879
95
604
257
605
582
606
537
607
382
608
129
609
610
937
611
919
381
612
613
1008
364
614
615
877
523
616
162
617
618
806
619
703
47
620
487
621
507
622
300
623
624
669
625
650
32
626
627
984
628
841
376
629
630
940
135
631
632
983
99
633
236
634
635
965
112
636
611
637
638
741
531
639
640
943
641
965
131
642
117
643
428
644
578
645
407
646
647
927
648
1010
357
649
650
686
576
651
44
652
599
653
304
654
277
655
656
897
657
697
17
658
659
746
307
660
661
840
305
662
77
663
48
664
195
665
279
666
488
667
336
668
669
888
670
980
671
912
366
672
649
673
142
674
134
675
676
753
276
677
165
678
572
679
680
872
280
681
400
682
496
683
684
1010
53
685
81
686
42
687
688
794
689
732
369
690
691
998
692
771
544
693
666
694
695
764
696
824
541
697
698
886
221
699
700
1019
435
701
702
847
672
703
562
704
705
832
706
708
262
707
57
708
6
709
429
710
711
794
55
712
713
817
582
714
715
814
379
716
717
913
289
718
151
719
6
720
650
721
141
722
587
723
724
850
725
740
418
726
727
760
728
766
32
729
494
730
731
739
408
732
733
896
527
734
658
735
525
736
737
819
602
738
739
998
162
740
165
741
742
785
544
743
455
744
234
745
302
746
747
907
609
748
564
749
750
812
491
751
289
752
214
753
754
809
474
755
61
756
497
757
512
758
322
759
760
843
64
761
506
762
763
992
431
764
194
765
445
766
547
767
768
970
152
769
291
770
533
771
717
772
773
855
774
972
370
775
246
776
41
777
611
778
708
779
202
780
256
781
326
782
203
783
113
784
681
785
786
998
729
787
587
788
96
789
421
790
114
791
792
812
559
793
794
1005
137
795
538
796
414
797
59
798
453
799
161
800
801
867
149
802
219
803
804
866
138
805
370
806
23
807
664
808
463
809
214
810
811
1012
310
812
809
813
814
868
249
815
165
816
817
842
818
966
819
849
574
820
616
821
701
822
378
823
243
824
26
825
346
826
590
827
53
828
618
829
830
1020
510
831
808
832
833
929
834
1016
835
921
836
1005
498
837
838
855
826
839
565
840
472
841
516
842
843
870
785
844
366
845
846
863
577
847
328
848
260
849
196
850
177
851
720
852
825
853
9
854
19
855
856
962
200
857
224
858
558
859
337
860
607
861
510
862
799
863
697
864
786
865
223
866
128
867
162
868
142
869
464
870
817
871
390
872
264
873
628
874
576
875
684
876
846
877
660
878
879
938
277
880
790
881
882
966
35
883
406
884
861
885
777
886
464
887
273
888
262
889
719
890
875
891
852
892
268
893
387
894
297
895
309
896
473
897
898
987
642
899
790
900
761
901
637
902
702
903
471
904
17
905
696
906
425
907
14
908
283
909
604
910
556
911
778
912
13
913
914
1006
642
915
37
916
335
917
628
918
232
919
920
986
202
921
116
922
562
923
505
924
736
925
28
926
701
927
469
928
257
929
63
930
440
931
927
932
890
933
649
934
511
935
936
986
356
937
146
938
50
939
771
940
654
941
793
942
828
943
200
944
241
945
397
946
794
947
278
948
574
949
79
950
713
951
708
952
288
953
465
954
269
955
917
956
218
957
244
958
77
959
787
960
786
961
664
962
360
963
159
964
630
965
431
966
61
967
968
987
182
969
44
970
61
971
248
972
211
973
648
974
701
975
586
976
201
977
399
978
910
979
265
980
23
981
38
982
692
983
790
984
668
985
690
986
718
987
100
988
723
989
912
990
443
991
465
992
118
993
14
994
187
995
22
996
417
997
291
998
878
999
636
1000
835
1001
20
1002
742
1003
988
1004
565
1005
917
1006
961
1007
902
1008
713
1009
112
1010
180
1011
499
1012
254
1013
821
1014
86
1015
709
1016
600
1017
881
1018
31
1019
664
1020
294
1021
406
1022
678
1023
0.384414
0.541697
0.585867
0.224992
0.742502
0.026193
0.66906
0.280448
0.287109
0.595727
0.647593
0.279334
0.985039
0.467521
0.588758
0.175827
0.752954
0.410267
0.547427
0.659176
0.745167
0.885801
0.896851
0.963991
0.876299
0.152341
0.549168
0.593579
0.077019
0.508333
0.076594
0.523546
0.627379
0.128632
0.660324
0.012359
0.55747
0.056956
0.09125
0.246939
0.301766
0.27288
0.548492
0.014953
0.24608
0.171497
0.824
0.518709
0.027278
0.644388
0.983784
0.378903
0.091799
0.229982
0.02065
0.66071
0.292802
0.193637
0.105179
0.600775
0.637379
0.570777
0.312539
0.13964
0.040737
0.415646
0.57217
0.702768
0.866689
0.866336
0.968911
0.778689
0.33311
0.903563
0.209162
0.171049
0.539127
0.953585
0.009255
0.83584
0.794216
0.638025
0.920305
0.665339
0.774332
0.098454
0.990465
0.347107
0.545353
0.395617
0.278475
0.859483
0.374197
0.774197
0.09912
0.632984
0.615814
0.383652
0.381865
0.033494
0.265576
0.98354
0.6059
0.174623
0.42136
0.644664
0.732675
0.433486
0.725198
0.892802
0.972474
0.513539
0.279981
0.439881
0.495718
0.337671
0.4042
0.270143
0.83154
0.522545
0.790659
0.497855
0.179723
0.435124
0.497695
0.327689
0.74496
0.986607
0.915475
0.743446
0.317233
0.180422
0.241937
0.357122
0.454652
0.942312
0.53996
0.155193
0.479791
0.266532
0.062582
0.570294
0.403198
0.787595
0.65233
0.374042
0.941186
0.482898
0.906685
0.388432
0.195133
0.787652
0.685351
0.472233
0.439771
0.083827
0.942895
0.54726
0.461108
0.554627
0.213756
0.563326
0.826581
0.373795
0.574717
0.802276
0.928181
0.92274
0.488156
0.95086
0.448143
0.282983
0.532436
0.222116
0.674863
0.186362
0.766999
0.923441
0.54969
0.531311
0.593033
0.866256
0.141239
0.215575
0.302244
0.151597
0.714818
0.244014
0.930242
0.703206
0.320816
0.875203
0.749363
0.369129
0.989404
0.616227
0.725584
0.614461
0.91727
0.466411
0.2309
0.53535
0.61819
0.627332
0.160502
0.08592
0.688745
0.336809
0.040271
0.769459
0.586241
0.349634
0.86108
0.657187
0.792229
0.07009
0.450732
0.465435
0.57147
0.686844
0.711327
0.987576
0.012034
0.759642
0.842992
0.051724
0.82828
0.513477
0.140559
0.069606
0.675336
0.3207
0.755241
0.338766
0.829475
0.469242
0.222818
0.936529
0.264182
0.93993
0.87459
0.212608
0.243367
0.266373
0.05224
0.385501
0.440824
0.951133
0.591538
0.702396
0.375051
0.12268
0.339228
0.114074
0.025896
0.341251
0.382151
0.758107
0.609504
0.040092
0.743932
0.476981
0.829973
0.060232
0.708873
0.731163
0.662346
0.552052
0.234075
0.075344
0.12979
0.519497
0.86393
0.819357
0.32499
0.964076
0.742922
0.586955
0.289646
0.044175
0.519474
0.25836
0.400012
0.148911
0.87291
0.375031
0.550117
0.249684
0.626836
0.420874
0.680982
0.932778
0.106246
0.870931
0.936559
0.293353
0.955267
0.477765
0.0643
0.914674
0.783289
0.561377
0.903486
0.460139
0.677061
0.212784
0.589364
0.751632
0.007637
0.765027
0.430115
0.33996
0.82047
0.42667
0.928229
0.022038
0.455851
0.962986
0.930697
0.017726
0.436349
0.535182
0.497966
0.619997
0.290288
0.948744
0.822467
0.6983
0.861497
0.650405
0.112301
0.827001
0.316393
0.123954
0.182349
0.342813
0.879995
0.690139
0.119182
0.048715
0.443356
0.516849
0.337191
0.496711
0.659336
0.72953
0.951565
0.201606
0.394399
0.351684
0.590343
0.261454
0.182728
0.869564
0.792458
0.233884
0.355399
0.144678
0.59319
0.359978
0.204524
0.690132
0.379459
0.109092
0.49646
0.815328
0.580952
0.401073
0.108298
0.097164
0.983389
0.236275
0.68623
0.525353
0.752433
0.196735
0.494823
0.245371
0.177647
0.548107
0.163187
0.791938
0.598361
0.383093
0.103316
0.970886
0.9986
0.635991
0.528788
0.705544
0.14356
0.249182
0.427148
0.568336
0.957451
0.819801
0.704419
0.469977
0.80761
0.443691
0.398422
0.157962
0.222722
0.236661
0.417842
0.331611
0.769619
0.163537
0.245354
0.932378
0.692459
0.811078
0.11278
0.073597
0.690304
0.215129
0.813993
0.284792
0.388826
0.979357
0.221195
0.628997
0.066192
0.836839
0.856912
0.682066
0.893839
0.379369
0.55263
0.335949
0.429246
0.743303
0.005515
0.63304
0.91908
0.446925
0.092674
0.569568
0.655844
0.716386
0.763784
0.19433
0.72618
0.817693
0.81907
0.849812
0.08102
0.73559
0.607531
0.359633
0.859605
0.306526
0.836505
0.467899
0.797648
0.443759
0.649785
0.305364
0.688331
0.966725
0.403964
0.96227
0.793427
0.153973
0.883763
0.630799
0.949043
0.289742
0.985322
0.920624
0.837964
0.581218
0.128066
0.136559
0.430562
0.467948
0.44932
0.682253
0.98781
0.065683
0.448917
0.569258
0.17432
0.164492
0.629784
0.229003
0.069359
0.52761
0.410859
0.88364
0.99803
0.412852
0.210144
0.086614
0.885376
0.484501
0.788951
0.707748
0.056137
0.41252
0.068867
0.029495
0.657625
0.183794
0.473803
0.319472
0.937268
0.751983
0.306864
0.194158
0.961455
0.896992
0.909073
0.445371
0.397878
0.924832
0.408003
0.617504
0.755802
0.694057
0.774011
0.602365
0.361857
0.112358
0.243019
0.247726
0.908747
0.670831
0.059709
0.781076
0.400507
0.531545
0.712125
0.552304
0.12007
0.388122
0.503904
0.200007
0.729386
0.536857
0.88747
0.991192
0.815399
0.312762
0.792839
0.094905
0.41745
0.346819
0.006553
0.075145
0.060256
0.640551
0.545088
0.590539
0.869991
0.011098
0.929198
0.524415
0.840236
0.008155
0.020988
0.51432
0.527993
0.96992
0.568957
0.476688
0.407897
0.958421
0.852747
0.757673
0.434125
0.866886
0.299224
0.168794
0.761086
0.75353
0.633917
0.32405
0.622316
0.945874
0.382697
0.095421
0.201859
0.234583
0.397201
0.491346
0.514348
0.979379
0.395384
0.609088
0.317101
0.860543
0.757671
0.346215
0.31939
0.707622
0.005642
0.018482
0.520076
0.074816
0.448607
0.038182
0.019454
0.710201
0.635475
0.438456
0.128152
0.111909
0.49154
0.963512
0.340069
0.170621
0.829383
0.266962
0.14267
0.16118
0.934307
0.948077
0.505466
0.157652
0.861335
0.232819
0.630073
0.454176
0.581787
0.470504
0.840993
0.24362
0.395718
0.299292
0.820459
0.782634
0.636461
0.680306
0.027929
0.739588
0.534406
0.69848
0.229815
0.010811
0.671725
0.502797
0.586084
0.474666
0.296677
0.677886
0.81766
0.926082
0.475691
0.764975
0.987373
0.581165
0.986685
0.411158
0.741881
0.321596
0.483512
0.606354
0.638962
0.712091
0.709539
0.354007
0.305792
0.935568
0.066057
0.060363
0.796374
0.955422
0.219003
0.74772
0.43415
0.528858
0.055936
0.629457
0.737751
0.781192
0.434653
0.68018
0.596719
0.247937
0.104195
0.144715
0.628903
0.69206
0.343878
0.145313
0.732305
0.554603
0.246045
0.770023
0.806882
0.045573
0.962384
0.998295
0.737349
0.754436
0.146192
0.745803
0.308653
0.506886
0.868129
0.367473
0.293374
0.338582
0.174619
0.477784
0.838963
0.131959
0.390459
0.436354
0.331149
0.636033
0.804825
0.052614
0.57355
0.106164
0.151726
0.983674
0.326045
0.521728
0.981002
0.781452
0.907837
0.776521
0.457303
0.379976
0.277172
0.208001
0.622219
0.850732
0.66113
0.186006
0.904765
0.067752
0.521514
0.215622
0.760474
0.932826
0.144048
0.375799
0.397106
0.979089
0.22773
0.277943
0.16457
0.946414
0.044518
0.016068
0.833237
0.720187
0.932545
0.310771
0.961987
0.459467
0.027663
0.653855
0.138483
0.326593
0.521912
0.89556
0.428209
0.614924
0.071585
0.297553
0.349842
0.836372
0.086776
0.052243
0.144646
0.471127
0.367969
0.809571
0.286525
0.968595
0.718581
0.609052
0.290527
0.32473
0.596288
0.379119
0.702683
0.356599
0.854098
0.442245
0.079291
0.505184
0.564869
0.566765
0.858297
0.123557
0.825383
0.224208
0.706085
0.556948
0.60073
0.156178
0.705128
0.782099
0.263883
0.014823
0.013175
0.800973
0.08757
0.960688
0.510029
0.226195
0.728748
0.234483
0.555556
0.235482
0.138191
0.346426
0.617537
0.485754
0.245306
0.874901
0.444234
0.166159
0.243809
0.226062
0.221398
0.776245
0.900658
0.649143
0.393361
0.100075
0.04007
0.940501
0.806313
0.852839
0.367026
0.962457
0.800908
0.596928
0.831024
0.575803
0.842605
0.299294
0.270928
0.985251
0.768288
0.538541
0.200749
0.983789
0.495604
0.69648
0.326203
0.663306
0.086132
0.597973
0.210461
0.607968
0.172139
0.759262
0.409514
0.014188
0.74169
0.836479
0.155031
0.273417
0.5403
0.273095
0.16514
0.187869
0.303414
0.419002
0.209081
0.270123
0.326255
0.694238
0.420687
0.396174
0.576225
0.050736
0.619553
0.059717
0.460816
0.910274
0.705779
0.794449
0.327031
0.773379
0.431288
0.193412
0.112433
0.966585
0.800096
0.209855
0.174269
0.600981
0.689837
0.228265
0.35389
0.970441
0.966559
0.71646
0.543618
0.441391
0.176303
0.193227
0.033138
0.38339
0.411648
0.627896
0.069193
0.131458
0.253201
0.95444
0.8501
0.414123
0.927868
0.299284
0.059512
0.658375
0.262172
0.91242
0.884482
0.787
0.504331
0.404833
0.35418
0.336386
0.690356
0.448851
0.404099
0.397041
0.025178
0.320086
0.326515
0.50887
0.817876
0.103762
0.768162
0.312049
0.941956
0.614837
0.170113
0.425852
0.257666
0.77198
0.578002
0.047296
0.799875
0.768607
0.505386
0.142746
0.671751
0.106985
0.672338
0.109941
0.132733
0.182698
0.673467
0.968185
0.674959
0.689857
0.451652
0.855695
0.534524
0.180589
0.277485
0.604923
0.161765
0.76059
0.916727
0.885944
0.3699
0.419039
0.958164
0.825204
0.428772
0.349558
0.885813
0.818745
0.765092
0.651365
0.727021
0.836943
0.268243
0.937696
0.12052
0.444774
0.752102
0.659987
0.306924
0.376998
0.243574
0.448173
0.048055
0.540585
0.203812
0.284714
0.707943
0.601807
0.67836
0.841088
0.098471
0.814141
0.095176
0.916679
0.020153
0.499986
0.892927
0.20094
0.969108
0.607537
0.35176
0.642707
0.110301
0.938602
0.199901
0.701328
0.53458
0.526998
0.145081
0.593039
0.202911
0.968695
0.560605
0.158809
0.130204
0.112312
0.460113
0.639033
0.239906
0.013596
0.391469
0.755432
0.076983
0.224571
0.508778
0.224529
0.444411
0.46115
0.426906
0.310029
0.584441
0.522252
0.699398
0.192576
0.669362
0.387259
0.411858
0.635444
0.70917
0.047902
0.877126
0.896294
0.856831
0.969527
0.403122
0.016065
0.708099
0.572783
0.148789
0.040546
0.304817
0.972865
0.244267
0.48556
0.931565
0.74646
0.597738
0.093182
0.701982
0.357708
0.280889
0.0991
0.060416
0.724004
0.397222
0.486167
0.165505
0.150949
0.915141
0.641674
0.658377
0.337966
0.945447
0.206334
0.054335
0.495346
0.945613
0.996655
0.353074
0.981032
0.34958
0.934145
0.270852
0.977936
0.048451
0.838031
0.39329
0.962571
0.958621
0.863997
0.195412
0.072169
0.917616
0.997697
0.901801
0.653643
0.941807
0.300644
0.621812
0.904723
0.163875
0.929066
0.082728
0.958418
0.846177
0.778345
0.253977
0.09031
0.42377
0.59272
0.976455
0.839496
0.122411
0.188135
0.961096
0.21983
0.530569
0.076635
0.369704
0.145072
0.076238
0.574641
0.328735
0.612687
0.82548
0.673971
0.961405
0.901402
0.047627
0.957248
0.725344
0.024086
0.519959
0.463319
0.518525
0.19966
0.088156
0.514776
0.17765
0.747795
0.974546
0.32537
0.916816
0.41725
0.846893
0.116803
0.179614
0.662461
0.601244
0.478841
0.477442
0.201223
0.822046
0.553614
0.359349
0.829843
0.640448
0.497356
0.332143
0.063328
0.254991
0.195103
0.702699
0.22147
0.063546
0.165967
0.489138
0.16545
0.811461
0.592917
0.480177
0.508645
0.737415
0.246427
0.828597
0.979642
0.011483
0.823228
0.795957
0.420335
0.264942
0.096132
0.050792
0.30885
0.074942
0.939878
0.658682
0.132579
0.004217
0.187407
0.327056
0.143825
0.557612
0.26409
0.57603
0.536225
0.638418
0.971802
0.959031
0.411188
0.240468
0.294015
0.253121
0.787585
0.962879
0.42889
0.071807
0.820016
0.979091
0.432647
0.747668
0.588613
0.189535
0.489011
0.912359
0.873222
0.591756
0.832793
0.503427
0.832202
0.216403
0.921608
0.580883
0.031691
0.198149
0.999184
0.913002
0.844432
0.472239
0.964931
0.76529
0.854696
0.762565
0.593911
0.646954
0.455316
0.184539
0.303302
0.643229
0.772215
0.451234
0.187056
0.482403
0.389799
0.716451
0.09236
0.616313
0.276694
0.643717
0.106437
0.656313
0.092726
0.502365
0.150945
0.718956
0.960598
0.956582
0.631
0.426493
0.784108
0.71086
0.643234
0.031121
0.913222
0.76902
0.457767
0.647815
0.893414
0.020996
0.837784
0.212292
0.838048
0.923351
0.491875
0.916415
0.067919
0.458065
0.172321
0.597377
0.552271
0.144148
0.97215
0.702152
0.256176
0.952272
0.231885
0.858419
0.748607
0.330209
0.400463
0.866789
0.398125
0.45222
0.844328
0.959761
0.931684
0.945289
0.659749
0.929387
0.467211
0.358378
0.50571
0.781538
0.517265
0.852147
0.300578
0.433691
0.909169
0.913276
0.376979
0.159289
0.588055
0.683908
0.379827
0.054399
0.557405
0.529257
0.375693
0.621692
0.640582
0.886495
0.198901
0.103385
0.322565
0.718219
0.470206
0.574296
0.046847
0.138972
0.191413
0.334757
0.7085
0.015195
0.893514
0.465046
0.797805
0.017365
0.355216
0.650413
0.229159
0.991582
0.842668
0.555922
0.038209
0.842425
0.658268
0.805476
0.909374
0.960619
0.941676
0.509396
0.642888
0.1306
0.882578
0.906245
0.229677
0.166231
0.317336
0.522219
0.097988
0.780601
0.741173
0.32965
0.041736
0.464018
0.802646
0.600843
0.92289
0.083737
0.65131
0.452936
0.51939
0.596571
0.971854
0.013834
0.436751
0.838847
0.09356
0.788895
0.643951
0.741973
0.208657
0.012535
0.02587
0.514369
0.331805
0.152509
0.092968
0.446244
0.374386
0.355711
0.177772
0.115195
0.586119
0.401403
0.809467
0.942739
0.676564
0.718679
0.368273
0.073135
0.548056
0.439275
0.111516
0.165202
0.399771
0.59645
0.754845
0.412832
0.12243
0.261358
0.251467
0.520559
0.192703
0.467111
0.048976
0.285014
0.06375
0.270284
0.579131
0.260003
0.933214
0.177206
0.919143
0.996079
0.478456
0.689027
0.103782
0.652316
0.477001
0.966788
0.272666
0.406814
0.489494
0.837385
0.56095
0.243411
0.143172
0.881473
0.84582
0.350969
0.542661
0.563884
0.241856
0.497371
0.974077
0.745096
0.595189
0.73804
0.613401
0.716
0.562026
0.2612
0.20922
0.385516
0.368871
0.645417
0.969088
0.447141
0.460045
0.29519
0.6049
0.369697
0.529816
0.608785
0.318416
0.34762
0.719918
0.379251
0.796061
0.408166
0.684199
0.350959
0.392182
0.38069
0.271377
0.428583
0.234456
0.655563
0.042319
0.904196
0.611364
0.795576
0.762178
0.950723
0.151148
0.016858
0.4848
0.044177
0.002823
0.146402
0.722257
0.16765
0.738196
0.605373
0.750567
0.540711
0.92201
0.729852
0.026916
0.634952
0.542742
0.344788
0.083173
0.817373
0.373378
0.373095
0.829407
0.047025
0.179183
0.460157
0.091697
0.495212
0.840189
0.733161
0.273911
0.593161
0.307728
0.165595
0.227583
0.372005
0.069167
0.482405
0.058216
0.980459
0.682285
0.918806
0.088239
0.343779
0.860761
0.42096
0.536323
0.274687
0.854828
0.306543
0.522817
0.789255
0.845377
0.09507
0.438845
0.389372
0.318429
0.25337
0.402818
0.996957
0.465794
0.363865
0.44366
0.956678
0.710477
0.163142
0.875075
0.893249
0.062896
0.237031
0.447242
0.634321
0.871689
0.851065
0.741997
0.878248
0.465842
0.605594
0.468269
0.957794
0.369264
0.489284
0.921523
0.777353
0.550895
0.154956
0.105644
0.997894
0.644779
0.791697
0.658608
0.311962
0.081599
0.444218
0.713159
0.529679
0.08208
0.841346
0.211719
0.704804
0.862769
0.529873
0.596152
0.822448
0.168206
0.997236
0.099554
0.915044
0.468847
0.137189
0.30511
0.3606
0.367814
0.057427
0.562401
0.094508
0.95572
0.279394
0.709123
0.041471
0.30754
0.475311
0.729602
0.41187
0.628166
0.667108
0.029225
0.428398
0.864149
0.938542
0.412194
0.430771
0.682814
0.117617
0.369793
0.329585
0.78683
0.40333
0.706797
0.199069
0.704509
0.35474
0.770527
0.378107
0.625854
0.197644
0.400568
0.652689
0.331455
0.154804
0.923412
0.632226
0.474747
0.741952
0.136506
0.509806
0.714946
0.517534
0.832899
0.570559
0.341252
0.84428
0.946865
0.216028
0.180297
0.790932
0.544024
0.949892
0.207653
0.251499
0.399009
0.43607
0.826392
0.392517
0.53747
0.766637
0.163402
0.966342
0.438391
0.55915
0.568527
0.070987
0.71767
0.727545
0.451301
0.472756
0.621319
0.351988
0.472571
0.813411
0.389462
0.929103
0.301779
0.933355
0.709246
0.522178
0.043326
0.539155
0.961811
0.401607
0.169964
0.481469
0.950476
0.088307
0.704807
0.080899
0.663714
0.30727
0.249616
0.317281
0.702313
0.126493
0.842942
0.407161
0.070203
0.616323
0.313461
0.492017
0.787078
0.02549
0.978517
0.619825
0.809722
0.959461
0.111235
0.273001
0.124244
0.236421
0.547292
0.470561
0.876163
0.496079
0.670276
0.234275
0.940562
0.142157
0.224866
0.133132
0.234369
0.327734
0.353475
0.751315
0.106401
0.460651
0.048446
0.753033
0.398665
0.540962
0.627459
0.850758
0.866327
0.520793
0.897235
0.795183
0.307654
0.574051
0.796662
0.907713
0.156808
0.932698
0.862942
0.448017
0.701766
0.019721
0.953407
0.81902
0.08166
0.793831
0.833817
0.67549
0.169585
0.146445
0.281353
0.18542
0.929746
0.857334
0.259707
0.201862
0.214501
0.682273
0.352054
0.291921
0.756859
0.758306
0.870074
0.430523
0.501218
0.324865
0.024074
0.134386
0.105778
0.667444
0.709379
0.818456
0.610091
0.879061
0.262543
0.124568
0.151999
0.119093
0.843575
0.090785
0.325055
0.445656
0.912478
0.819746
0.301929
0.367687
0.365022
0.460735
0.930718
0.82053
0.721622
0.8075
0.680539
0.37597
0.451548
0.058741
0.101477
0.456752
0.27131
0.00419
0.023403
0.649265
0.053811
0.101475
0.884815
0.078037
0.576869
0.287761
0.352401
0.527163
0.715156
0.820913
0.569368
0.261735
0.272675
0.934589
0.055406
0.866913
0.142734
0.857767
0.845223
0.124604
0.301543
0.977856
0.402327
0.542083
0.06745
0.406327
0.849125
0.437026
0.259974
0.467676
0.123585
0.225586
0.646679
0.194775
0.157193
0.535959
0.322854
0.18022
0.801066
0.569378
0.810692
0.044567
0.732207
0.501023
0.532195
0.700809
0.496018
0.920945
0.143733
0.357659
0.547297
0.279262
0.904204
0.179904
0.95867
0.465842
0.122738
0.420875
0.219762
0.353949
0.363489
0.289275
0.84652
0.056253
0.575229
0.286036
0.926746
0.454661
0.306231
0.013873
0.63228
0.073175
0.907901
0.910459
0.041843
0.456302
0.41768
0.325049
0.502627
0.904596
0.411298
0.543399
0.195116
0.647516
0.533423
0.29308
0.7817
0.397782
0.0235
0.762498
0.847849
0.989919
0.763581
0.788781
0.266054
0.808512
0.596881
0.468223
0.656295
0.301458
0.488369
0.336443
0.832683
0.679071
0.285338
0.364738
0.019129
0.383418
0.17424
0.984624
0.873354
0.833079
0.511436
0.912137
0.770043
0.612608
0.098462
0.295159
0.347377
0.728534
0.236081
0.189374
0.794512
0.526396
0.914021
0.575483
0.307561
0.076113
0.03221
0.387005
0.427771
0.407775
0.541852
0.263966
0.055749
0.858532
0.960461
0.869435
0.076482
0.3639
0.519876
0.48974
0.574993
0.392549
0.455825
0.007715
0.31094
0.071975
0.990262
0.89524
0.250592
0.644218
0.895138
0.509308
0.867027
0.733996
0.707559
0.550304
0.023912
0.557702
0.653871
0.029844
0.276473
0.295849
0.187896
0.843185
0.849711
0.685303
0.30682
0.293021
0.945557
0.500483
0.617293
0.894405
0.108988
0.561906
0.518653
0.654728
0.911191
0.254343
0.127579
0.242336
0.864328
0.921758
0.603069
0.722146
0.121061
0.857982
0.095553
0.360895
0.098562
0.117505
0.427554
0.492258
0.509191
0.042897
0.360702
0.697719
0.304934
0.954956
0.69887
0.924221
0.997117
0.135997
0.100191
0.140168
0.931705
0.014385
0.904967
0.886069
0.300134
0.628309
0.242045
0.65828
0.394235
0.92477
0.235095
0.347476
0.961668
0.138889
0.718219
0.750089
0.431281
0.547026
0.27825
0.940266
0.608508
0.874378
0.128833
0.948261
0.763557
0.479853
0.83638
0.825903
0.949098
0.447461
0.519315
0.979503
0.54066
0.24374
0.379609
0.030168
0.232395
0.615466
0.486038
0.61673
0.98613
0.287718
0.221031
0.660783
0.661995
0.854674
0.358697
0.242733
0.812242
0.01909
0.406383
0.691509
0.491223
0.51305
0.367137
0.26521
0.960908
0.879984
0.185408
0.235228
0.161562
0.759842
0.637265
0.206766
0.188956
0.908214
0.777821
0.764546
0.997236
0.901553
0.798053
0.322442
0.940897
0.664101
0.571078
0.57743
0.986835
0.674539
0.385122
0.421368
0.043899
0.07036
0.207113
0.369031
0.590054
0.551779
0.186593
0.713516
0.54501
0.300407
0.842815
0.2463
0.115492
0.152385
0.384793
0.15268
0.667034
0.311039
0.572866
0.604055
0.347415
0.275074
0.853989
0.69853
0.285912
0.21308
0.802109
0.472157
0.182023
0.474983
0.124183
0.140614
0.265518
0.503254
0.00714
0.806874
0.75643
0.435412
0.219988
0.109581
0.12521
0.119218
0.045088
0.955162
0.127596
0.464205
0.774334
0.81224
0.409486
0.081269
0.258195
0.28357
0.003716
0.486905
0.619396
0.756548
0.96488
0.210117
0.570917
0.015018
0.003367
0.060755
0.634235
0.747698
0.808446
0.9602
0.661778
0.199689
0.133965
0.900431
0.544158
0.73725
0.042306
0.983556
0.480668
0.599003
0.318042
0.838691
0.905063
0.496481
0.441046
0.082509
0.77431
0.428567
0.504403
0.178251
0.03615
0.351765
0.035726
0.59057
0.379957
0.39935
0.403652
0.471579
0.745191
0.321605
0.650686
0.774038
0.390682
0.667538
0.649998
0.444232
0.488159
0.739844
0.475926
0.526671
0.957546
0.727846
0.107814
0.485937
0.789563
0.322353
0.492997
0.411798
0.377833
0.187038
0.262433
0.252788
0.160444
0.781218
0.065128
0.931316
0.618964
0.127274
0.282108
0.49861
0.154335
0.294777
0.011619
0.011531
0.261532
0.760106
0.728425
0.926585
0.700336
0.682961
0.648276
0.077991
0.988222
0.844552
0.448295
0.644754
0.97422
0.206659
0.071978
0.717908
0.584521
0.360455
0.45762
0.319002
0.929993
0.917657
0.209588
0.38131
0.731523
0.759017
0.004195
0.087941
0.197144
0.179743
0.596232
0.656061
0.641575
0.402036
0.357836
0.908176
0.356713
0.025604
0.923258
0.211481
0.387425
0.250796
0.626126
0.971832
0.272555
0.866603
0.60169
0.234266
0.379882
0.891433
0.440454
0.898224
0.177262
0.255157
0.325319
0.22385
0.3131
0.362077
0.338844
0.926296
0.683481
0.389001
0.36446
0.59409
0.357528
0.216812
0.523814
0.325782
0.426402
0.988939
0.759262
0.571554
0.829831
0.134969
0.522425
0.570991
0.246116
0.536317
0.305037
0.313559
0.717395
0.348106
0.204673
0.194887
0.41287
0.09763
0.576758
0.177235
0.290782
0.211166
0.562176
0.47446
0.693191
0.645124
0.377633
0.72906
0.426987
0.687431
0.833636
0.18865
0.240238
0.165024
0.259134
0.90452
0.350535
0.501341
0.706194
0.315151
0.910359
0.488677
0.909719
0.277905
0.884801
0.431121
0.816512
0.818836
0.723935
0.623206
0.472661
0.404236
0.688189
0.849686
0.235743
0.522461
0.400418
0.635841
0.890555
0.363022
0.852631
0.003117
0.695223
0.717523
0.060554
0.905311
0.138792
0.431752
0.927935
0.211119
0.935122
0.122598
0.950441
0.031228
0.455318
0.372582
0.070946
0.555772
0.419709
0.612697
0.369966
0.375903
0.394888
0.142267
0.711884
0.486933
0.330882
0.325907
0.32486
0.03759
0.826432
0.033839
0.754023
0.330506
0.975158
0.059261
0.668011
0.090886
0.314519
0.327542
0.542527
0.367937
0.347221
0.447172
0.851289
0.143722
0.830747
0.925127
0.036513
0.023526
0.27596
0.954409
0.241012
0.200667
0.536197
0.406183
0.670051
0.049846
0.411255
0.416719
0.807321
0.591704
0.240132
0.421526
0.785597
0.788939
0.765774
0.829927
0.13561
0.462729
0.877655
0.896817
0.286277
0.115122
0.238056
0.058962
0.494505
0.390721
0.682063
0.58971
0.302543
0.515926
0.849765
0.375463
0.666618
0.603367
0.927473
0.492253
0.552895
0.663469
0.050397
0.962443
0.615562
0.213066
0.33771
0.473797
0.152574
0.205453
0.505681
0.488773
0.297819
0.757727
0.068454
0.185326
0.043055
0.373142
0.451348
0.245572
0.040598
0.62288
0.199552
0.66739
0.644314
0.481045
0.147576
0.106227
0.286931
0.186518
0.372056
0.487222
0.704867
0.652753
0.722671
0.254746
0.085336
0.665463
0.802405
0.721162
0.238407
0.859113
0.390422
0.383942
0.062947
0.896782
0.324502
0.43384
0.39578
0.668598
0.712931
0.669325
0.539298
0.635974
0.513927
0.705216
0.109847
0.247069
0.301806
0.650239
0.714191
0.012677
0.124607
0.796664
0.338044
0.848471
0.769281
0.015115
0.477398
0.561547
0.464972
0.68883
0.84487
0.237778
0.617759
0.555242
0.179518
0.010172
0.858147
0.11824
0.735928
0.966758
0.842019
0.93744
0.106285
0.071251
0.608263
0.354633
0.57245
0.006829
0.109293
0.59318
0.948765
0.776058
0.694729
0.589844
0.181031
0.404021
0.234065
0.707927
0.103075
0.091175
0.658617
0.344366
0.609416
0.097133
0.814389
0.717645
0.493933
0.331771
0.194262
0.316025
0.364269
0.603132
0.440668
0.0774
0.907468
0.963124
0.504102
0.886069
0.629195
0.53269
0.45444
0.693584
0.386473
0.933016
0.026274
0.965278
0.609968
0.887207
0.927407
0.853321
0.935053
0.195839
0.541573
0.290663
0.821884
0.578088
0.993847
0.224408
0.22921
0.648733
0.123072
0.923751
0.98565
0.450295
0.486676
0.149116
0.615224
0.692153
0.807729
0.890694
0.649874
0.938228
0.742196
0.450526
0.228741
0.3926
0.192223
0.404491
0.266948
0.074424
0.745557
0.622302
0.052545
0.432809
0.564638
0.064027
0.398911
0.473096
0.48396
0.997753
0.840459
0.380847
0.571861
0.692289
0.173075
0.823873
0.998673
0.48262
0.650634
0.285313
0.339825
0.33205
0.961886
0.582674
0.690538
0.220594
0.496116
0.938202
0.477969
0.928277
0.071911
0.517138
0.3306
0.241777
0.888825
0.485235
0.022449
0.886877
0.991198
0.830697
0.373448
0.539773
0.049496
0.863779
0.209715
0.030904
0.075991
0.887181
0.649522
0.502084
0.896085
0.977212
0.039396
0.744415
0.122796
0.36506
0.885733
0.310576
0.49072
0.074551
0.154433
0.0067
0.230345
0.866593
0.8466
0.739378
0.761065
0.52879
0.081827
0.981628
0.319553
0.78702
0.8236
0.381275
0.593093
0.610222
0.359071
0.198213
0.858806
0.181856
0.707215
0.421594
0.777874
0.786124
0.554603
0.82822
0.043034
0.919744
0.689684
0.242203
0.296138
0.11577
0.125772
0.804224
0.91621
0.730646
0.833029
0.699226
0.647475
0.380596
0.313152
0.552427
0.865025
0.978963
0.465256
0.351645
0.482519
0.72103
0.430721
0.327073
0.141915
0.117146
0.460232
0.159521
0.72926
0.16989
0.895088
0.179452
0.183464
0.791615
0.976525
0.907936
0.637553
0.278787
0.941887
0.359462
0.58807
0.551477
0.842534
0.880266
0.32747
0.178941
0.20696
0.15151
0.891099
0.849442
0.414129
0.164567
0.418952
0.91134
0.564001
0.37192
0.713127
0.652948
0.556571
0.086272
0.939188
0.962981
0.515271
0.417352
0.971262
0.845621
0.889778
0.985433
0.802305
0.689288
0.078922
0.646702
0.779059
0.489096
0.526288
0.309921
0.76614
0.320926
0.765986
0.820679
0.43219
0.810995
0.797787
0.506128
0.206778
0.061782
0.005981
0.738186
0.339418
0.626346
0.725431
0.683088
0.180443
0.443549
0.017816
0.46495
0.216732
0.483957
0.589081
0.001849
0.32896
0.560764
0.979175
0.487041
0.760785
0.184585
0.191201
0.024591
0.466802
0.067596
0.448783
0.806587
0.561086
0.037836
0.591491
0.943467
0.374641
0.795911
0.064678
0.669888
0.460138
0.878555
0.951491
0.916144
0.747834
0.476663
0.97831
0.972885
0.218295
0.939594
0.301871
0.761743
0.126771
0.329703
0.08727
0.751058
0.723298
0.032252
0.151176
0.768539
0.887877
0.119864
0.639699
0.015106
0.316939
0.305962
0.345163
0.544298
0.816496
0.824198
0.020042
0.817136
0.328757
0.053974
0.451249
0.982868
0.955793
0.903614
0.589259
0.682592
0.5939
0.732421
0.85805
0.043358
0.506231
0.279559
0.794745
0.382072
0.916962
0.358574
0.093282
0.59542
0.789582
0.208664
0.549657
0.785935
0.467032
0.96249
0.436521
0.310242
0.798396
0.055868
0.812492
0.871523
0.596337
0.551659
0.647131
0.327877
0.015706
0.584102
0.234952
0.761639
0.720152
0.435822
0.860458
0.363501
0.075227
0.553143
0.722427
0.21182
0.110055
0.662115
0.443043
0.684441
0.092435
0.563486
0.111091
0.081691
0.511821
0.264322
0.596191
0.646847
0.957529
0.18786
0.693913
0.866884
0.871981
0.51023
0.055457
0.501741
0.026883
0.962422
0.309102
0.29374
0.824075
0.907635
0.72199
0.566526
0.800366
0.118079
0.604999
0.566818
0.900062
0.057162
0.037758
0.067097
0.656787
0.455744
0.050579
0.231054
0.775066
0.609036
0.926176
0.329087
0.53079
0.182779
0.613122
0.516908
0.071284
0.906215
0.66484
0.366153
0.154091
0.255969
0.880762
0.647344
0.504853
0.570809
0.017408
0.70784
0.405822
0.661989
0.798643
0.171585
0.27523
0.79329
0.572634
0.202932
0.2048
0.387267
0.192681
0.52164
0.885331
0.399303
0.062626
0.90655
0.743433
0.912517
0.503074
0.425547
0.960932
0.392477
0.921682
0.060682
0.551457
0.223839
0.280235
0.253434
0.505908
0.551312
0.927426
0.576091
0.682333
0.877262
0.696961
0.592869
0.424129
0.811033
0.078631
0.942546
0.061502
0.826293
0.213594
0.79813
0.839959
0.21095
0.706382
0.547017
0.352264
0.694196
0.081132
0.784284
0.432171
0.58325
0.144653
0.084167
0.144389
0.001213
0.472982
0.975936
0.064692
0.337371
0.363588
0.017791
0.558184
0.515813
0.717246
0.570153
0.918128
0.938315
0.842296
0.128088
0.312494
0.250449
0.542205
0.963098
0.514747
0.131458
0.573107
0.434064
0.15047
0.936793
0.026693
0.706781
0.11985
0.628708
0.001785
0.506512
0.341853
0.954154
0.66922
0.963943
0.990446
0.047342
0.348332
0.037151
0.123676
0.04928
0.326974
0.709868
0.41438
0.959022
0.792283
0.732367
0.868458
0.671336
0.458351
0.153382
0.0515
0.132033
0.122005
0.171101
0.734676
0.963237
0.423853
0.077828
0.470606
0.423147
0.261499
0.371513
0.282947
0.82426
0.011229
0.445694
0.585592
0.679389
0.828397
0.759185
0.576896
0.576594
0.126941
0.320266
0.443149
0.488448
0.799975
0.802169
0.567754
0.637617
0.765345
0.057866
0.181294
0.457318
0.179017
0.344535
0.403583
0.14414
0.634823
0.284426
0.158589
0.298351
0.729766
0.402741
0.851279
0.773967
0.859524
0.043637
0.283119
0.534441
0.556511
0.30299
0.713747
0.713804
0.340567
0.739464
0.297561
0.519392
0.416403
0.529707
0.834187
0.231902
0.077564
0.580082
0.852595
0.383803
0.84834
0.509624
0.361762
0.421319
0.367214
0.735316
0.127291
0.09036
0.727116
0.866736
0.076652
0.931726
0.19598
0.055448
0.639447
0.325071
0.151868
0.545206
0.082151
0.924785
0.650108
0.889162
0.126807
0.436176
0.693564
0.841834
0.811248
0.115413
0.021139
0.074593
0.471067
0.200356
0.777184
0.864936
0.236906
0.499721
0.516109
0.743756
0.970653
0.661815
0.867434
0.494651
0.880175
0.166543
0.868574
0.846277
0.015306
0.733024
0.181494
0.539499
0.466886
0.945841
0.850716
0.662977
0.405402
0.975284
0.492876
0.034005
0.879327
0.953481
0.612303
0.211867
0.751092
0.115994
0.872262
0.761015
0.601357
0.009502
0.324632
0.356214
0.784699
0.948121
0.582218
0.715937
0.854931
0.318876
0.585881
0.242415
0.481448
0.185442
0.59305
0.100741
0.853383
0.562945
0.015253
0.227811
0.395546
0.514037
0.75231
0.178638
0.288095
0.639268
0.079063
0.589793
0.543023
0.835411
0.320166
0.694662
0.261022
0.68678
0.829597
0.174946
0.65313
0.548402
0.448673
0.345839
0.135562
0.745
0.922768
0.615205
0.301985
0.673894
0.977571
0.529341
0.762395
0.975854
0.899173
0.154314
0.609731
0.796707
0.466973
0.613717
0.353665
0.641202
0.825731
0.517543
0.04848
0.302658
0.321114
0.371686
0.485558
0.150067
0.467589
0.482354
0.371045
0.045469
0.093204
0.283975
0.911427
0.181839
0.835218
0.057658
0.44006
0.993975
0.760835
0.050474
0.9936
0.678018
0.939825
0.494772
0.036717
0.306938
0.52731
0.408915
0.058253
0.25882
0.531144
0.342992
0.636354
0.038488
0.944864
0.812634
0.802547
0.653128
0.342616
0.225664
0.028137
0.573123
0.130146
0.950832
0.94154
0.275814
0.07642
0.221847
0.412545
0.064734
0.150421
0.524915
0.149886
0.58542
0.080582
0.996561
0.117482
0.434036
0.28933
0.216665
0.779251
0.043069
0.078813
0.939225
0.079733
0.417214
0.649249
0.035373
0.859112
0.89679
0.348542
0.95658
0.446653
0.697438
0.193172
0.343977
0.478406
0.314524
0.564427
0.182169
0.419605
0.63053
0.031232
0.399387
0.104114
0.703982
0.714413
0.563993
0.81535
0.729056
0.946993
0.275543
0.089047
0.719741
0.913396
0.580493
0.461132
0.529017
0.148899
0.897569
0.961941
0.419869
0.910191
0.7546
0.085453
0.604676
0.229639
0.794578
0.75534
0.829236
0.812439
0.793881
0.964352
0.563383
0.665222
0.457526
0.466528
0.89117
0.202768
0.238388
0.247183
0.208688
0.75055
0.173223
0.684394
0.493094
0.399233
0.278837
0.267385
0.093725
0.255525
0.655019
0.216706
0.324625
0.294422
0.428342
0.160925
0.309219
0.972396
0.191428
0.100689
0.430598
0.975807
0.638188
0.51752
0.516666
0.076095
0.396328
0.245135
0.354797
0.16768
0.946325
0.590197
0.910426
0.074203
0.083843
0.162548
0.603628
0.731569
0.063527
0.673732
0.909037
0.346717
0.526474
0.564559
0.910027
0.94875
0.453176
0.128709
0.765738
0.182613
0.062691
0.137173
0.191295
0.31609
0.151549
0.792904
0.68827
0.231315
0.181792
0.325705
0.965693
0.236577
0.133259
0.146205
0.958289
0.272881
0.828038
0.468428
0.495564
0.906822
0.205639
0.145834
0.857629
0.857106
0.283145
0.864332
0.269022
0.543506
0.571861
0.027876
0.95113
0.856634
0.871905
0.551847
0.444557
0.113809
0.301981
0.529914
0.620437
0.730722
0.629744
0.651641
0.961823
0.009771
0.07004
0.942555
0.787063
0.185698
0.999119
0.352657
0.634362
0.238014
0.899896
0.194818
0.570996
0.495631
0.783857
0.632374
0.986983
0.759365
0.208229
0.078743
0.917187
0.619518
0.311395
0.896184
0.814821
0.590393
0.260254
0.902587
0.624312
0.815258
0.395653
0.481927
0.918442
0.697558
0.74853
0.810478
0.659025
0.232136
0.968123
0.116472
0.837011
0.76163
0.907103
0.715229
0.130834
0.311318
0.871012
0.619897
0.791682
0.469828
0.530316
0.2795
0.864255
0.875094
0.238487
0.336265
0.705868
0.712582
0.266118
0.544601
0.689316
0.597626
0.471427
0.968276
0.440799
0.249495
0.515061
0.241332
0.42804
0.086429
0.714971
0.890611
0.860191
0.068271
0.347832
0.287387
0.560607
0.289243
0.189157
0.531413
0.219437
0.069245
0.285145
0.335864
0.309922
0.368565
0.138687
0.180886
0.057698
0.140823
0.369585
0.876533
0.271551
0.279744
0.030563
0.039626
0.394927
0.458358
0.820231
0.201839
0.569238
0.847047
0.370417
0.208398
0.543071
0.537169
0.967395
0.818833
0.355458
0.026463
0.354502
0.113893
0.643817
0.107094
0.600059
0.572372
0.653589
0.908714
0.215322
0.722006
0.1175
0.839674
0.393613
0.296459
0.450861
0.908224
0.220201
0.250157
0.932646
0.050863
0.559775
0.083341
0.592559
0.955474
0.044993
0.490939
0.709036
0.587126
0.924731
0.46341
0.340031
0.418293
0.428655
0.952786
0.953033
0.305617
0.896234
0.418
0.091537
0.736295
0.623968
0.735568
0.340978
0.012805
0.644442
0.44222
0.819074
0.450282
0.60177
0.084288
0.439399
0.953
0.261441
0.462964
0.84855
0.664006
0.895084
0.845111
0.250674
0.301172
0.681634
0.158286
0.669
0.994553
0.313971
0.847556
0.263366
0.903424
0.942367
0.401778
0.307516
0.18557
0.651781
0.348064
0.300771
0.675318
0.925006
0.451769
0.603491
0.626918
0.88183
0.192938
0.557958
0.630476
0.614195
0.610117
0.319434
0.448706
0.734339
0.911903
0.435825
0.994052
0.296613
0.344718
0.501906
0.595632
0.326972
0.052964
0.662722
0.006691
0.711151
0.997477
0.337656
0.621814
0.818454
0.753948
0.210137
0.03819
0.379859
0.725151
0.218039
0.877494
0.461233
0.850209
0.048868
0.079568
0.12989
0.133323
0.989096
0.247928
0.493961
0.087416
0.259564
0.86912
0.749152
0.002361
0.441368
0.305725
0.003847
0.476328
0.14965
0.267846
0.304764
0.29859
0.518783
0.903924
0.79475
0.085557
0.751053
0.644222
0.235068
0.042837
0.867225
0.499225
0.920963
0.957793
0.857204
0.285889
0.932197
0.755539
0.326801
0.081445
0.17867
0.631052
0.977159
0.401175
0.373015
0.836665
0.540178
0.633507
0.457658
0.977318
0.956073
0.861965
0.387815
0.089751
0.501629
0.016218
0.931942
0.831538
0.122457
0.8251
0.621169
0.871452
0.804466
0.470691
0.254666
0.212408
0.546288
0.415848
0.310243
0.884055
0.844861
0.78121
0.615956
0.857468
0.814895
0.976932
0.342492
0.023086
0.358276
0.776331
0.652518
0.63822
0.225976
0.067151
0.352034
0.561831
0.583635
0.133451
0.030622
0.323814
0.731375
0.24151
0.146711
0.229285
0.292284
0.770211
0.728074
0.831342
0.48453
0.419847
0.001676
0.640375
0.502793
0.572315
0.029674
0.474576
0.598078
0.275616
0.730082
0.996855
0.050648
0.439646
0.185883
0.3463
0.65106
0.640844
0.008848
0.754886
0.264386
0.615121
0.321601
0.550091
0.400741
0.91103
0.372047
0.283524
0.68528
0.00946
0.499579
0.667368
0.341066
0.110191
0.392755
0.80464
0.328931
0.819841
0.932321
0.978669
0.52819
0.631465
0.771112
0.459941
0.176751
0.783653
0.662501
0.640674
0.735215
0.726224
0.072539
0.433284
0.280482
0.250788
0.085879
0.712886
0.35693
0.936322
0.26805
0.548306
0.248362
0.460955
0.275293
0.439774
0.326754
0.43592
0.875014
0.895883
0.351348
0.840462
0.572081
0.927373
0.51197
0.289447
0.714865
0.790555
0.593681
0.055959
0.674974
0.807068
0.158363
0.16034
0.581641
0.495575
0.207296
0.10353
0.129781
0.568287
0.035378
0.920928
0.035406
0.076291
0.518551
0.410796
0.731058
0.653238
0.959062
0.192514
0.980372
0.529861
0.619041
0.614067
0.550957
0.947734
0.942263
0.992445
0.089735
0.636223
0.366121
0.093086
0.44426
0.762333
0.205997
0.603318
0.797003
0.052291
0.511097
0.330546
0.182867
0.138577
0.113522
0.551101
0.629175
0.954302
0.897047
0.335766
0.592671
0.073462
0.581754
0.582116
0.029087
0.263627
0.660953
0.317247
0.058755
0.5886
0.05403
0.544536
0.423044
0.955477
0.089685
0.677815
0.269117
0.181699
0.743198
0.002566
0.341466
0.168581
0.156184
0.729358
0.551675
0.128169
0.459213
0.380838
0.56694
0.477571
0.773749
0.344322
0.178107
0.74937
0.1114
0.09004
0.369991
0.188427
0.177429
0.02727
0.126907
0.035024
0.225217
0.787209
0.406426
0.345088
0.326645
0.47774
0.22733
0.92413
0.623106
0.206064
0.042829
0.799522
0.361692
0.237656
0.646877
0.998765
0.176443
0.679981
0.826333
0.463878
0.961506
0.324239
0.982468
0.763631
0.093673
0.520824
0.862648
0.215494
0.72764
0.156236
0.020479
0.691825
0.620632
0.889565
0.006848
0.14333
0.69901
0.075604
0.540537
0.276836
0.893076
0.282233
0.419181
0.501911
0.476731
0.657817
0.956302
0.457848
0.291521
0.494259
0.500131
0.512904
0.034974
0.764138
0.137686
0.525399
0.938084
0.20858
0.588033
0.842692
0.331381
0.625483
0.129905
0.082735
0.009257
0.837533
0.079625
0.991007
0.947278
0.108203
0.745269
0.09416
0.80826
0.69374
0.094848
0.512499
0.394167
0.479807
0.927467
0.856898
0.132781
0.914732
0.798984
0.019162
0.974942
0.163084
0.701734
0.224491
0.960286
0.662476
0.771446
0.790564
0.024892
0.803126
0.488376
0.194019
0.640313
0.425774
0.648399
0.828208
0.351677
0.371327
0.144824
0.221805
0.941237
0.869751
0.572061
0.431296
0.692203
0.608888
0.963436
0.357101
0.634445
0.822405
0.801146
0.601005
0.08644
0.835878
0.671667
0.026093
0.243003
0.045487
0.49026
0.898382
0.194846
0.02543
0.932727
0.923462
0.472517
0.786245
0.498683
0.811623
0.16074
0.977146
0.115212
0.159082
0.486695
0.060791
0.474741
0.169186