1024 1
0
793
1
79
2
74
3
646
4
874
5
951
6
107
7
604
8
918
9
444
10
610
11
240
12
779
13
177
14
105
15
399
9
16
17
775
18
684
19
434
20
258
21
594
22
265
23
51
24
270
25
428
26
638
27
888
28
140
29
322
30
595
31
602
32
35
33
791
34
401
35
281
36
759
37
402
38
378
39
913
40
520
41
876
42
796
43
530
44
830
45
440
40
46
47
889
48
739
49
808
50
746
51
831
52
858
53
892
54
194
55
914
56
979
57
115
58
554
59
912
60
821
61
736
62
502
63
467
64
83
65
226
66
684
67
388
68
1022
69
584
70
72
23
71
72
496
73
381
71
74
75
418
76
379
77
521
78
748
79
413
80
104
81
787
82
918
83
324
84
306
85
763
86
950
87
789
88
648
69
89
90
887
91
208
61
92
93
347
94
643
95
919
51
96
97
528
98
505
99
475
100
1004
101
976
90
102
103
826
104
209
105
123
106
1017
107
244
108
835
109
763
110
644
66
111
112
996
113
936
114
506
115
503
116
256
117
243
89
118
119
912
84
120
121
138
122
407
123
537
124
265
125
628
126
928
127
215
128
923
129
131
130
513
131
565
132
382
133
599
134
389
135
1009
136
278
137
1008
138
397
139
232
140
604
141
327
142
205
143
684
144
430
145
981
146
982
147
679
148
967
149
818
150
1021
151
521
19
152
153
287
154
832
75
155
79
156
157
496
158
604
159
221
8
160
161
336
162
565
163
337
86
164
165
723
166
193
167
304
168
898
169
826
170
757
171
425
172
278
67
173
174
365
175
806
176
979
177
689
178
588
179
955
180
526
181
791
182
341
183
450
174
184
185
426
186
256
187
225
188
664
189
973
190
253
191
334
192
246
193
414
194
324
195
669
196
985
197
361
198
338
199
720
200
406
201
402
202
288
203
840
204
287
205
857
206
580
207
309
176
208
209
789
210
692
211
303
212
215
213
939
214
849
215
618
216
562
217
781
218
617
219
328
220
822
221
561
45
222
223
634
224
911
225
693
226
902
227
461
228
947
83
229
230
973
231
472
232
811
233
930
234
482
235
948
236
617
237
405
238
783
239
715
240
368
233
241
242
820
243
396
244
327
245
361
246
482
247
531
248
871
249
589
250
327
251
972
156
252
253
846
254
727
255
686
256
321
257
931
258
268
259
568
260
945
180
261
262
636
15
263
226
264
265
695
44
266
267
717
268
626
269
783
270
689
204
271
272
828
273
1018
274
660
163
275
276
981
277
678
278
471
200
279
66
280
281
329
282
806
253
283
284
942
285
405
286
699
287
688
288
818
289
619
290
832
291
583
292
814
293
898
59
294
295
870
296
827
297
945
298
646
299
851
197
300
301
672
302
774
303
979
215
304
305
807
306
686
307
625
308
324
309
560
310
1001
135
311
312
920
313
956
314
646
289
315
188
316
317
589
278
318
319
971
320
937
321
928
322
366
323
478
17
324
325
761
153
326
40
327
156
328
161
329
290
330
331
1008
332
599
333
406
311
334
335
442
336
642
337
824
338
658
339
720
340
613
341
449
342
443
343
842
128
344
202
345
346
445
54
347
232
348
349
815
350
368
351
703
253
352
39
353
132
354
327
355
271
356
357
649
358
970
357
359
252
360
361
831
362
500
363
903
364
952
365
913
366
535
366
367
368
527
369
413
370
814
371
693
152
372
373
487
374
453
375
587
376
564
377
437
378
857
379
506
380
962
122
381
354
382
62
383
384
443
385
805
386
939
387
907
388
694
362
389
151
390
226
391
392
681
393
786
394
824
158
395
76
396
397
987
98
398
399
862
251
400
401
713
402
792
403
656
50
404
283
405
406
953
170
407
408
1007
409
910
410
727
411
956
412
1000
413
633
414
802
415
573
269
416
415
417
330
418
419
660
420
987
421
901
339
422
42
423
424
937
334
425
426
584
327
427
428
935
429
659
430
634
431
677
432
690
398
433
221
434
435
603
436
645
437
883
438
562
187
439
92
440
406
441
301
442
286
443
45
444
445
609
446
933
447
799
421
448
198
449
188
450
451
817
398
452
133
453
454
467
455
793
456
718
164
457
236
458
37
459
460
938
461
908
462
544
194
463
464
805
465
670
466
651
241
467
32
468
435
469
470
845
429
471
472
986
473
635
266
474
475
839
476
785
441
477
437
478
479
908
454
480
299
481
307
482
305
483
484
517
485
601
486
793
487
819
469
488
489
510
194
490
59
491
257
492
493
503
318
494
495
877
496
556
497
694
207
498
65
499
264
500
4
501
502
596
493
503
504
968
340
505
506
807
210
507
48
508
509
695
145
510
511
898
512
760
204
513
514
955
443
515
516
831
517
540
248
518
519
802
520
703
139
521
162
522
153
523
151
524
413
525
526
680
413
527
528
990
121
529
530
965
73
531
280
532
108
533
250
534
535
887
536
808
303
537
538
619
539
798
540
735
349
541
434
542
102
543
544
891
389
545
99
546
547
663
503
548
549
752
162
550
443
551
552
554
3
553
554
858
394
555
556
930
557
872
558
834
248
559
560
888
188
561
562
773
242
563
564
638
565
968
117
566
423
567
568
842
29
569
570
974
316
571
572
595
211
573
574
836
94
575
576
933
577
712
578
1016
579
926
343
580
581
887
358
582
62
583
584
692
585
1000
378
586
322
587
588
757
163
589
163
590
591
749
343
592
593
798
121
594
209
595
596
745
206
597
72
598
417
599
211
600
132
601
602
681
603
827
604
774
428
605
606
969
607
937
608
624
185
609
180
610
539
611
612
820
613
715
614
688
339
615
237
616
617
904
618
922
417
619
452
620
109
621
555
622
623
826
624
845
625
669
536
626
20
627
543
628
202
629
441
630
631
913
632
855
195
633
634
656
635
639
636
828
611
637
279
638
375
639
632
640
100
641
642
911
76
643
644
949
645
807
455
646
647
822
559
648
649
851
109
650
134
651
31
652
653
955
2
654
57
655
178
656
477
657
2
658
579
659
140
660
620
661
32
662
663
846
598
664
109
665
438
666
330
667
68
668
669
834
296
670
571
671
672
754
673
775
674
880
448
675
676
795
677
974
75
678
310
679
2
680
653
681
682
746
380
683
88
684
226
685
686
695
485
687
564
688
689
953
690
1006
691
749
155
692
401
693
694
818
695
704
696
803
697
830
164
698
587
699
493
700
181
701
702
736
510
703
547
704
469
705
706
903
707
992
0
708
532
709
581
710
561
711
44
712
632
713
714
920
3
715
314
716
717
795
207
718
719
958
537
720
72
721
184
722
480
723
724
998
643
725
193
726
727
897
370
728
447
729
231
730
688
731
574
732
471
733
495
734
253
735
140
736
595
737
12
738
385
739
138
740
188
741
742
1016
743
890
744
823
677
745
411
746
747
971
534
748
749
917
750
887
631
751
752
873
753
954
306
754
486
755
666
756
247
757
678
758
91
759
760
959
696
761
7
762
763
983
526
764
587
765
329
766
767
955
32
768
227
769
53
770
212
771
136
772
773
794
601
774
775
1020
98
776
451
777
433
778
272
779
209
780
781
949
673
782
783
824
722
784
505
785
485
786
600
787
65
788
533
789
49
790
791
935
278
792
276
793
345
794
772
795
632
796
192
797
72
798
799
940
69
800
801
954
802
856
266
803
804
998
329
805
275
806
248
807
54
808
674
809
174
810
206
811
798
812
302
813
127
814
221
815
434
816
817
956
362
818
424
819
820
1011
364
821
131
822
412
823
824
951
825
838
54
826
633
827
342
828
600
829
240
830
478
831
638
832
617
833
76
834
141
835
836
960
220
837
135
838
202
839
712
840
96
841
459
842
843
924
492
844
128
845
729
846
643
847
848
970
809
849
850
875
563
851
310
852
24
853
814
854
353
855
689
856
174
857
188
858
355
859
123
860
36
861
125
862
863
998
11
864
627
865
317
866
136
867
868
922
180
869
555
870
871
880
748
872
1
873
724
874
875
1022
497
876
476
877
91
878
111
879
615
880
504
881
687
882
74
883
519
884
741
885
192
886
795
887
796
888
355
889
890
903
891
974
4
892
826
893
122
894
96
895
136
896
384
897
509
898
778
899
761
900
549
901
110
902
209
903
384
904
905
906
300
906
408
907
691
908
421
909
723
910
799
911
428
912
209
913
914
943
318
915
438
916
877
917
109
918
514
919
845
920
918
921
164
922
66
923
65
924
541
925
616
926
916
927
729
928
220
929
421
930
830
931
201
932
927
933
225
934
405
935
714
936
807
937
252
938
254
939
940
1008
389
941
579
942
478
943
416
944
87
945
934
946
129
947
541
948
523
949
131
950
951
1005
202
952
35
953
497
954
334
955
532
956
418
957
874
958
952
959
960
995
701
961
431
962
183
963
709
964
40
965
443
966
409
967
619
968
438
969
262
970
611
971
608
972
464
973
823
974
388
975
242
976
424
977
96
978
239
979
844
980
810
981
864
982
252
983
633
984
768
985
105
986
107
987
988
1012
251
989
831
990
131
991
893
992
101
993
717
994
132
995
251
996
889
997
396
998
73
999
887
1000
303
1001
434
1002
625
1003
311
1004
1005
1013
70
1006
562
1007
912
1008
162
1009
506
1010
438
1011
71
1012
571
1013
55
1014
1015
1017
931
1016
35
1017
261
1018
846
1019
479
1020
561
1021
340
1022
444
1023
0.248719
0.07222
0.654282
0.245271
0.0929
0.575533
0.441266
0.077544
0.370401
0.743649
0.557183
0.327202
0.966386
0.437514
0.892894
0.612986
0.036579
0.555847
0.713695
0.438282
0.830649
0.000996
0.085462
0.543425
0.385884
0.894048
0.853237
0.508556
0.623455
0.385935
0.119989
0.963742
0.310724
0.661882
0.484878
0.268014
0.622737
0.208508
0.302348
0.932957
0.788959
0.044256
0.686047
0.299487
0.058016
0.35225
0.801299
0.812038
0.911581
0.759391
0.935963
0.399874
0.385078
0.861275
0.983546
0.013554
0.835745
0.20273
0.385062
0.013911
0.810787
0.313616
0.921236
0.716837
0.800123
0.284851
0.635651
0.581183
0.172305
0.156309
0.108624
0.404631
0.671667
0.323755
0.302248
0.51748
0.094238
0.97501
0.986995
0.213627
0.102096
0.815228
0.19043
0.522584
0.187882
0.52349
0.526639
0.447096
0.025108
0.100028
0.399551
0.292062
0.688401
0.867751
0.733137
0.471353
0.857644
0.814005
0.500048
0.28402
0.924357
0.344548
0.285168
0.916727
0.321651
0.145068
0.392825
0.901561
0.710594
0.27152
0.310709
0.00934
0.015713
0.218733
0.279873
0.529031
0.014635
0.895332
0.274013
0.45498
0.200296
0.245216
0.137576
0.921828
0.507429
0.48547
0.5426
0.281605
0.549215
0.873724
0.239197
0.271443
0.075007
0.161606
0.439915
0.49988
0.109843
0.068341
0.367822
0.878518
0.589266
0.836545
0.984211
0.974515
0.079716
0.543936
0.905947
0.16406
0.5607
0.049896
0.673574
0.623156
0.11174
0.185775
0.618855
0.491207
0.204036
0.04184
0.779678
0.067275
0.545868
0.923135
0.878622
0.880171
0.079749
0.909941
0.220651
0.298464
0.159393
0.517221
0.833488
0.075408
0.759508
0.7252
0.920202
0.404909
0.369554
0.843203
0.693171
0.807212
0.626904
0.92423
0.758594
0.043862
0.210792
0.468229
0.740491
0.339042
0.060142
0.896652
0.780462
0.123215
0.450183
0.628925
0.759703
0.886974
0.039835
0.942233
0.151176
0.540357
0.49004
0.347707
0.821207
0.365286
0.874819
0.291591
0.161641
0.183875
0.331008
0.731941
0.408618
0.974895
0.848724
0.382328
0.720905
0.367662
0.834694
0.197668
0.14772
0.867671
0.369785
0.584464
0.60328
0.612691
0.053549
0.885166
0.522102
0.784583
0.821968
0.535178
0.306476
0.849366
0.432818
0.393974
0.036252
0.795849
0.692139
0.088881
0.212232
0.667895
0.218402
0.558205
0.553699
0.124793
0.431411
0.916758
0.680952
0.894791
0.118037
0.53008
0.37154
0.003637
0.234399
0.428376
0.354453
0.359101
0.938796
0.480705
0.452957
0.165714
0.336145
0.078625
0.856049
0.542885
0.539021
0.003989
0.166518
0.402714
0.301932
0.177812
0.30219
0.132283
0.418474
0.402315
0.553136
0.11374
0.912394
0.683602
0.802156
0.940158
0.551322
0.709793
0.269222
0.296653
0.508779
0.647409
0.947267
0.853903
0.64529
0.63308
0.995587
0.347917
0.595622
0.754661
0.752115
0.561541
0.16264
0.291856
0.535849
0.534826
0.358985
0.955146
0.696357
0.648892
0.190742
0.00838
0.50831
0.040158
0.456138
0.501821
0.374018
0.169987
0.50815
0.64012
0.760113
0.681278
0.982091
0.690189
0.547753
0.888717
0.040411
0.476824
0.013544
0.29882
0.714049
0.306102
0.112826
0.939733
0.639808
0.493986
0.062185
0.857864
0.136274
0.620558
0.14947
0.14828
0.378042
0.616174
0.680281
0.64579
0.516915
0.259933
0.690612
0.870668
0.354104
0.558959
0.792264
0.084353
0.049849
0.451269
0.179078
0.665172
0.063803
0.650969
0.16673
0.25879
0.440117
0.998136
0.344441
0.847169
0.33527
0.24892
0.043397
0.795366
0.891772
0.804367
0.398889
0.612046
0.814617
0.579007
0.236546
0.463866
0.377545
0.013687
0.122019
0.160529
0.958324
0.315373
0.039574
0.132483
0.797
0.627616
0.624589
0.2447
0.599923
0.769686
0.918308
0.204058
0.735396
0.186182
0.774313
0.043055
0.060819
0.085125
0.458461
0.709995
0.124873
0.647983
0.411021
0.005003
0.484795
0.241816
0.288721
0.124564
0.040729
0.947193
0.050629
0.298801
0.283364
0.995655
0.879009
0.003167
0.382486
0.512326
0.632505
0.484201
0.897624
0.538889
0.74144
0.170195
0.076908
0.855379
0.044363
0.812892
0.026045
0.647212
0.666515
0.088121
0.654985
0.327263
0.199598
0.428119
0.976377
0.744759
0.721372
0.191445
0.479596
0.945414
0.048617
0.860253
0.018271
0.11896
0.705233
0.427825
0.685171
0.957054
0.626842
0.830708
0.411128
0.388086
0.642399
0.00891
0.326284
0.071958
0.156537
0.176474
0.374708
0.737676
0.325953
0.443606
0.677247
0.528248
0.669018
0.010189
0.013082
0.15384
0.188021
0.768673
0.782155
0.898378
0.727515
0.694203
0.491015
0.754798
0.21243
0.139009
0.975773
0.610558
0.021109
0.467021
0.561626
0.857748
0.217722
0.371042
0.700985
0.898744
0.152313
0.326426
0.075048
0.030302
0.961863
0.169492
0.322022
0.329071
0.123814
0.73577
0.386593
0.192412
0.844781
0.290456
0.119401
0.360289
0.019541
0.389842
0.012003
0.469655
0.283117
0.737753
0.736793
0.268234
0.010581
0.432024
0.222589
0.603893
0.105811
0.705227
0.480769
0.7707
0.307102
0.856796
0.263226
0.895752
0.099116
0.099698
0.403157
0.729948
0.718211
0.593289
0.856268
0.201377
0.453842
0.529528
0.695779
0.625886
0.44393
0.570907
0.719608
0.476696
0.351164
0.38631
0.433175
0.53583
0.835355
0.174746
0.762927
0.773119
0.898824
0.789151
0.642104
0.926859
0.814613
0.175846
0.523039
0.655084
0.654273
0.914472
0.840627
0.965204
0.954275
0.462413
0.29954
0.473164
0.846635
0.896985
0.110565
0.946335
0.136946
0.87025
0.399963
0.104705
0.072516
0.995244
0.005938
0.452808
0.143191
0.403573
0.140134
0.23942
0.539302
0.448078
0.927605
0.879932
0.332884
0.008607
0.443911
0.150146
0.190755
0.489285
0.104031
0.03555
0.08983
0.749599
0.593626
0.838877
0.055958
0.189263
0.469538
0.905008
0.510165
0.823142
0.255408
0.734146
0.321072
0.290171
0.59051
0.348964
0.803137
0.877055
0.613476
0.419985
0.531943
0.353868
0.43355
0.540404
0.561647
0.970469
0.886148
0.776541
0.555186
0.130832
0.647846
0.082823
0.320418
0.318321
0.90137
0.727688
0.668141
0.813633
0.150302
0.525927
0.999151
0.4713
0.836529
0.434882
0.12394
0.409467
0.563594
0.234896
0.282489
0.768198
0.261772
0.155592
0.522746
0.816035
0.414945
0.871151
0.711586
0.191585
0.107122
0.6723
0.603075
0.382037
0.618799
0.147309
0.472872
0.042246
0.955344
0.214461
0.390634
0.919289
0.798118
0.761118
0.163289
0.924968
0.289048
0.079559
0.29521
0.014281
0.89412
0.585611
0.586311
0.912084
0.827288
0.778376
0.686147
0.168091
0.012
0.063214
0.558083
0.60192
0.431188
0.881183
0.632754
0.125746
0.480776
0.648114
0.238241
0.067692
0.557636
0.930051
0.201036
0.394536
0.212814
0.094486
0.370793
0.796064
0.276127
0.686282
0.437157
0.850992
0.098049
0.242859
0.880504
0.42385
0.526713
0.37527
0.955289
0.884929
0.496092
0.838261
0.398299
0.225247
0.846193
0.713382
0.950183
0.618549
0.257854
0.649163
0.532029
0.617272
0.725337
0.654786
0.92799
0.323796
0.624834
0.229586
0.580021
0.389174
0.320168
0.63554
0.730673
0.936435
0.872031
0.641308
0.232778
0.818392
0.213246
0.657332
0.031635
0.4011
0.486021
0.707149
0.530677
0.293631
0.10992
0.472171
0.615956
0.625646
0.378254
0.413441
0.429769
0.63523
0.005098
0.488531
0.760473
0.442995
0.672047
0.937805
0.834403
0.247639
0.479615
0.170197
0.936726
0.817969
0.211802
0.762257
0.820682
0.294141
0.781295
0.279441
0.747314
0.231335
0.120443
0.647127
0.835722
0.167898
0.236624
0.893618
0.367542
0.504784
0.941869
0.34307
0.369943
0.715255
0.780899
0.739902
0.286794
0.858956
0.90204
0.201489
0.625703
0.964396
0.612171
0.561861
0.900781
0.788931
0.460039
0.415423
0.195957
0.061412
0.856878
0.182618
0.223657
0.934014
0.603277
0.193657
0.556246
0.378861
0.633687
0.339543
0.336351
0.073768
0.436757
0.86671
0.903708
0.227784
0.964255
0.697188
0.966473
0.478071
0.580913
0.436689
0.447044
0.86339
0.093432
0.975328
0.083832
0.09054
0.633467
0.842494
0.408167
0.591935
0.162818
0.108429
0.001385
0.821188
0.721487
0.215565
0.571018
0.673783
0.029553
0.517104
0.646504
0.832464
0.082081
0.291605
0.513486
0.454907
0.514837
0.2289
0.79397
0.22743
0.251869
0.318614
0.184416
0.851857
0.68975
0.65215
0.671044
0.432619
0.016327
0.241797
0.270342
0.675406
0.599711
0.702748
0.503659
0.646262
0.921641
0.700384
0.802955
0.604813
0.112404
0.035604
0.148184
0.170371
0.666646
0.278659
0.201361
0.59201
0.327302
0.697784
0.707031
0.261492
0.872013
0.628165
0.07681
0.735221
0.344861
0.347456
0.896507
0.271574
0.611694
0.438652
0.394451
0.44665
0.944303
0.534742
0.865636
0.260622
0.460837
0.645359
0.462134
0.721864
0.705378
0.25792
0.675136
0.73247
0.022067
0.080624
0.402278
0.426297
0.154633
0.116934
0.207276
0.250785
0.392288
0.583963
0.943377
0.926738
0.237603
0.158848
0.843908
0.418203
0.149793
0.636848
0.561265
0.064778
0.730512
0.870977
0.129694
0.915951
0.629842
0.035093
0.533847
0.882552
0.198941
0.627406
0.039913
0.390372
0.120304
0.697724
0.61736
0.083159
0.71768
0.705741
0.548551
0.105388
0.06051
0.926041
0.359537
0.24221
0.858392
0.504392
0.656643
0.688223
0.566231
0.647076
0.779591
0.784808
0.487171
0.296911
0.7477
0.173079
0.348843
0.072178
0.537532
0.992386
0.162574
0.174487
0.921996
0.118886
0.014232
0.686791
0.525218
0.981465
0.081302
0.823961
0.784292
0.178373
0.09672
0.380108
0.186922
0.009253
0.717969
0.75035
0.371281
0.593329
0.244616
0.140805
0.124345
0.347238
0.344716
0.288827
0.560308
0.949219
0.338392
0.740449
0.391366
0.901165
0.378653
0.814937
0.487444
0.143279
0.163639
0.065494
0.210568
0.692275
0.751759
0.389073
0.945379
0.57984
0.567429
0.873196
0.662262
0.417798
0.573575
0.950179
0.029054
0.73288
0.750439
0.037579
0.847151
0.809799
0.81676
0.081562
0.390663
0.318996
0.331102
0.099343
0.713083
0.89952
0.128968
0.527457
0.45051
0.453251
0.923695
0.802681
0.469399
0.627149
0.02141
0.913829
0.184104
0.996715
0.13562
0.996956
0.514989
0.493285
0.828798
0.985736
0.117701
0.92384
0.659202
0.122463
0.047011
0.628348
0.340721
0.990258
0.519965
0.207563
0.47053
0.545452
0.005836
0.497805
0.407021
0.381264
0.780082
0.533138
0.796065
0.997783
0.704952
0.794955
0.120958
0.041458
0.861527
0.397529
0.051664
0.276036
0.682803
0.797053
0.96827
0.893191
0.533761
0.288522
0.672967
0.09551
0.163713
0.941141
0.707657
0.757396
0.966104
0.693137
0.919011
0.044933
0.141201
0.938343
0.677133
0.549795
0.031801
0.894535
0.735722
0.37654
0.806263
0.576034
0.377899
0.88455
0.598591
0.882261
0.005345
0.700783
0.41665
0.303663
0.072338
0.875894
0.127917
0.956439
0.523104
0.91492
0.121598
0.083415
0.927367
0.573562
0.549855
0.681222
0.915712
0.139889
0.936897
0.888534
0.855306
0.42578
0.92233
0.84943
0.638688
0.563968
0.446835
0.644409
0.022682
0.162757
0.100521
0.376021
0.145867
0.548045
0.896274
0.303098
0.340845
0.898942
0.29629
0.977092
0.551637
0.798168
0.448548
0.607542
0.831538
0.584148
0.53223
0.125044
0.403139
0.846168
0.835633
0.256488
0.502344
0.185695
0.294981
0.785756
0.659384
0.546361
0.850103
0.987369
0.239486
0.589052
0.439554
0.876975
0.587316
0.58883
0.065383
0.287876
0.417607
0.58076
0.050096
0.944909
0.57619
0.374541
0.832431
0.859905
0.725668
0.475787
0.751137
0.421306
0.749895
0.43628
0.939814
0.47553
0.507752
0.950904
0.146159
0.543442
0.430563
0.767185
0.979485
0.387601
0.613891
0.952992
0.805982
0.966401
0.117236
0.9787
0.03663
0.930653
0.694758
0.665123
0.205202
0.420408
0.8822
0.710295
0.243289
0.849082
0.723584
0.301199
0.35622
0.696748
0.965199
0.506009
0.636911
0.417859
0.705749
0.281116
0.239305
0.633403
0.124672
0.653632
0.389146
0.699559
0.221789
0.878649
0.479146
0.869542
0.197261
0.595191
0.246559
0.786666
0.007685
0.474331
0.963722
0.757418
0.021377
0.330497
0.694825
0.535055
0.647897
0.081814
0.733912
0.019058
0.35983
0.143886
0.471797
0.589956
0.822929
0.078137
0.217105
0.79382
0.437779
0.661699
0.123819
0.040976
0.938251
0.537657
0.771109
0.900515
0.352924
0.555951
0.134304
0.909823
0.529646
0.931329
0.803967
0.16047
0.970279
0.238064
0.181364
0.323456
0.682738
0.165444
0.272019
0.91906
0.360036
0.35669
0.821221
0.322791
0.303759
0.107164
0.429079
0.236043
0.446673
0.874549
0.320561
0.921969
0.687932
0.092781
0.185946
0.252954
0.879
0.088265
0.985349
0.795637
0.489931
0.47886
0.519563
0.759156
0.146457
0.557377
0.755504
0.533292
0.925884
0.940058
0.339276
0.604721
0.174195
0.183325
0.163596
0.667138
0.053188
0.618798
0.615335
0.376592
0.674479
0.722125
0.291062
0.607696
0.973247
0.148985
0.584486
0.796752
0.008294
0.257642
0.143686
0.919963
0.382301
0.883421
0.401533
0.165914
0.299619
0.406436
0.458816
0.227088
0.446237
0.405444
0.044135
0.577136
0.415818
0.15697
0.847519
0.873682
0.159712
0.989791
0.004895
0.608263
0.037709
0.917546
0.159467
0.322616
0.9288
0.119405
0.201796
0.205414
0.528423
0.816995
0.306464
0.917066
0.950439
0.972342
0.103102
0.321748
0.962266
0.452429
0.748371
0.354979
0.426897
0.153207
0.807933
0.064557
0.289177
0.958442
0.853053
0.434836
0.306778
0.969338
0.833101
0.022962
0.717245
0.930362
0.911284
0.766991
0.023608
0.513399
0.591973
0.03242
0.206794
0.636846
0.628402
0.572823
0.597134
0.865262
0.909141
0.495501
0.558105
0.631993
0.850662
0.424138
0.808572
0.764601
0.10263
0.37995
0.155972
0.046928
0.971248
0.662088
0.292288
0.873346
0.634395
0.4794
0.132244
0.533356
0.568423
0.537091
0.798015
0.015569
0.498047
0.636153
0.104257
0.45563
0.634728
0.803011
0.749566
0.779655
0.470477
0.598011
0.674055
0.378858
0.915077
0.410995
0.403365
0.903437
0.582952
0.613669
0.447586
0.389511
0.356543
0.63035
0.007315
0.635327
0.499916
0.094329
0.785183
0.608327
0.17854
0.407988
0.144436
0.647901
0.588666
0.810051
0.714298
0.867758
0.600727
0.057824
0.546781
0.406013
0.238343
0.107544
0.713169
0.438846
0.683821
0.013918
0.103928
0.071496
0.840292
0.703916
0.450103
0.024169
0.849509
0.136708
0.520196
0.479939
0.611078
0.855791
0.352643
0.517477
0.345946
0.420131
0.350981
0.886375
0.120609
0.42419
0.752034
0.050661
0.068586
0.931517
0.250506
0.319221
0.821505
0.011765
0.628785
0.09317
0.299568
0.86932
0.721816
0.329814
0.945345
0.166212
0.211248
0.378149
0.520123
0.161182
0.342402
0.625501
0.521083
0.401184
0.536483
0.984455
0.545693
0.99208
0.93664
0.880352
0.675933
0.632546
0.051784
0.064413
0.19956
0.867189
0.885066
0.071182
0.527359
0.781012
0.448826
0.768474
0.46959
0.945852
0.682947
0.463802
0.554864
0.738616
0.373297
0.578311
0.978364
0.75723
0.129558
0.036753
0.02785
0.692836
0.254524
0.246616
0.451699
0.307529
0.47701
0.208534
0.125293
0.142648
0.744563
0.570066
0.221786
0.623788
0.670243
0.484138
0.512782
0.075522
0.009748
0.492108
0.428692
0.590744
0.004554
0.89151
0.218789
0.678726
0.802446
0.761611
0.29276
0.309886
0.698012
0.462288
0.317894
0.75875
0.066153
0.16195
0.576684
0.534515
0.436687
0.622658
0.408116
0.799003
0.356767
0.488164
0.916461
0.524817
0.133114
0.54063
0.31008
0.06301
0.649492
0.671449
0.473119
0.152732
0.031256
0.872551
0.993194
0.927332
0.705792
0.875419
0.503464
0.090968
0.868348
0.548346
0.766817
0.296745
0.040448
0.42332
0.280863
0.616292
0.01995
0.672915
0.294338
0.774158
0.834324
0.576046
0.697497
0.601549
0.285406
0.972598
0.932837
0.990281
0.876923
0.159808
0.657803
0.48631
0.747659
0.802532
0.289963
0.446326
0.936588
0.633506
0.230565
0.226974
0.733787
0.871662
0.53732
0.826753
0.601432
0.541981
0.502659
0.147325
0.29542
0.491741
0.307421
0.41895
0.144839
0.233961
0.374309
0.468225
0.434997
0.00604
0.454967
0.403412
0.934197
0.65274
0.561242
0.348324
0.282104
0.431928
0.826967
0.582983
0.523262
0.557157
0.777246
0.835351
0.126991
0.498659
0.463074
0.51772
0.339013
0.655436
0.155947
0.996192
0.115259
0.061806
0.348724
0.723512
0.811278
0.157847
0.85906
0.232864
0.570008
0.139408
0.20652
0.139252
0.693018
0.092486
0.577434
0.470215
0.952028
0.458424
0.510002
0.1741
0.782222
0.066438
0.471193
0.484658
0.760248
0.971025
0.645951
0.481617
0.346039
0.991589
0.988365
0.312516
0.211891
0.832652
0.30805
0.753401
0.257365
0.634779
0.400183
0.333348
0.874843
0.495408
0.683173
0.774659
0.561984
0.689951
0.821434
0.827842
0.085019
0.872857
0.675652
0.026693
0.214825
0.665151
0.023806
0.322731
0.038689
0.056236
0.980408
0.274642
0.259639
0.61843
0.066303
0.884206
0.720385
0.329672
0.519292
0.15917
0.351829
0.45041
0.940917
0.041197
0.16631
0.362784
0.550534
0.92908
0.209877
0.48699
0.351962
0.146227
0.790862
0.485214
0.145895
0.364321
0.930211
0.509819
0.00405
0.472573
0.948661
0.510002
0.665465
0.233199
0.100793
0.716066
0.412269
0.770141
0.87987
0.869017
0.677359
0.68569
0.802216
0.839272
0.692562
0.744076
0.279256
0.168053
0.571854
0.765584
0.446924
0.398592
0.357204
0.382468
0.780384
0.51593
0.775053
0.402407
0.265556
0.461195
0.567312
0.709198
0.767563
0.731276
0.168088
0.506633
0.164635
0.286436
0.174895
0.012168
0.569217
0.56552
0.860368
0.36793
0.447373
0.301783
0.006357
0.566412
0.280599
0.654645
0.371674
0.914422
0.862936
0.846579
0.630641
0.065114
0.195384
0.037357
0.008055
0.347323
0.785685
0.112495
0.328131
0.228203
0.413989
0.524829
0.692774
0.863062
0.347124
0.021747
0.012371
0.838753
0.062617
0.827179
0.461482
0.757047
0.227199
0.429848
0.304722
0.476924
0.406076
0.25766
0.341087
0.096456
0.16911
0.967402
0.997818
0.277862
0.881386
0.274054
0.826812
0.719546
0.349481
0.768007
0.626128
0.681231
0.560627
0.744487
0.054191
0.720608
0.891471
0.298263
0.714058
0.462688
0.941626
0.822252
0.803859
0.652152
0.766187
0.069251
0.268849
0.344859
0.150237
0.892937
0.924858
0.901346
0.388162
0.932255
0.466894
0.337122
0.368747
0.147922
0.72411
0.731926
0.388717
0.2126
0.6924
0.855709
0.784644
0.773341
0.876089
0.926759
0.059871
0.012024
0.748036
0.825162
0.479564
0.44192
0.756853
0.428392
0.111204
0.38613
0.882398
0.994856
0.973257
0.630402
0.308344
0.408714
0.523394
0.19675
0.487031
0.645415
0.228835
0.92079
0.361506
0.29485
0.168121
0.153783
0.191574
0.191209
0.756258
0.66902
0.628155
0.742628
0.596531
0.720393
0.130206
0.730134
0.604229
0.213284
0.039935
0.406637
0.973376
0.224213
0.76221
0.690135
0.474081
0.266378
0.949389
0.015037
0.786345
0.154232
0.357483
0.74764
0.448214
0.941531
0.226524
0.668871
0.554614
0.413796
0.528012
0.029031
0.302625
0.44777
0.436949
0.966736
0.167403
0.669146
0.572026
0.253986
0.052247
0.951432
0.892884
0.244417
0.133296
0.246328
0.871393
0.318154
0.627874
0.864289
0.75039
0.937651
0.106062
0.706767
0.60965
0.808377
0.111884
0.332296
0.134254
0.451274
0.833645
0.28372
0.485111
0.520613
0.174452
0.395665
0.966507
0.915832
0.989809
0.736854
0.319956
0.068899
0.293867
0.574054
0.961941
0.468612
0.341166
0.659279
0.114213
0.489578
0.487588
0.457634
0.211434
0.165005
0.919765
0.033773
0.812133
0.240977
0.748317
0.164041
0.60279
0.323201
0.829727
0.898361
0.268185
0.911194
0.532955
0.915974
0.940912
0.487463
0.945071
0.856462
0.95375
0.645314
0.560892
0.836692
0.263293
0.477435
0.643714
0.978458
0.037198
0.245016
0.664615
0.251837
0.083281
0.878609
0.963735
0.273862
0.268605
0.379294
0.583068
0.520588
0.718087
0.158106
0.498748
0.752422
0.099628
0.005976
0.344431
0.124073
0.997272
0.929794
0.08958
0.818964
0.287288
0.514555
0.132924
0.973427
0.990384
0.651767
0.12209
0.161998
0.028783
0.708489
0.233737
0.757868
0.844162
0.354521
0.395852
0.034137
0.15271
0.278815
0.315761
0.305935
0.59291
0.689794
0.073875
0.164865
0.550618
0.021125
0.237668
0.053273
0.605696
0.056017
0.958834
0.925315
0.029995
0.775826
0.867609
0.786577
0.728003
0.693807
0.383741
0.594791
0.317402
0.432615
0.119991
0.231512
0.257648
0.46462
0.437046
0.960894
0.679026
0.132185
0.108384
0.45917
0.016969
0.508097
0.813863
0.282004
0.534808
0.043238
0.603345
0.098082
0.664293
0.93314
0.828858
0.443388
0.435784
0.213707
0.500845
0.634263
0.519622
0.863096
0.363825
0.89278
0.934386
0.52541
0.657592
0.337094
0.368105
0.957427
0.768914
0.200994
0.686313
0.019272
0.428471
0.839482
0.009422
0.950279
0.920306
0.081198
0.764708
0.847557
0.555224
0.920288
0.315781
0.228018
0.405673
0.199975
0.364955
0.038801
0.481902
0.451081
0.333085
0.596789
0.893543
0.336795
0.87906
0.951283
0.493807
0.060968
0.235359
0.398574
0.786094
0.456434
0.729165
0.108873
0.709674
0.797702
0.233395
0.199296
0.323406
0.931221
0.005094
0.930385
0.804674
0.757556
0.271168
0.108866
0.200949
0.258141
0.907925
0.905808
0.007328
0.417826
0.5824
0.089718
0.082876
0.070753
0.674103
0.392171
0.252461
0.827847
0.024685
0.322166
0.755442
0.229154
0.740578
0.441114
0.219117
0.646887
0.4808
0.252777
0.819053
0.374378
0.868435
0.953092
0.157806
0.613187
0.086981
0.62251
0.787319
0.728232
0.92776
0.402811
0.360565
0.702954
0.035785
0.244766
0.425263
0.939604
0.168206
0.54891
0.304405
0.123005
0.608325
0.53515
0.719742
0.723928
0.423154
0.311494
0.904944
0.24629
0.716863
0.934912
0.89613
0.611079
0.245287
0.088911
0.97592
0.776194
0.209001
0.037865
0.283905
0.723971
0.283072
0.046795
0.439706
0.02297
0.964101
0.738404
0.417798
0.697624
0.059144
0.180818
0.950217
0.903169
0.845516
0.261521
0.028282
0.257583
0.021797
0.091215
0.982305
0.744407
0.710171
0.336327
0.775642
0.685652
0.999192
0.079305
0.486393
0.660991
0.847411
0.416962
0.82434
0.997183
0.104029
0.191075
0.897848
0.849729
0.178422
0.745477
0.262797
0.281144
0.887093
0.835552
0.321254
0.225873
0.571568
0.083139
0.94474
0.53627
0.538034
0.752416
0.872481
0.195124
0.564846
0.271463
0.704877
0.395604
0.973021
0.13874
0.002691
0.517082
0.978586
0.929829
0.930274
0.047999
0.238845
0.326313
0.733703
0.070444
0.81761
0.701366
0.01242
0.40735
0.623835
0.736073
0.647197
0.706514
0.9113
0.487113
0.562668
0.510802
0.017346
0.75698
0.806245
0.492166
0.080064
0.386374
0.86542
0.344605
0.858979
0.467722
0.633156
0.395582
0.202678
0.181555
0.491292
0.340579
0.326584
0.620696
0.666833
0.641179
0.576003
0.44982
0.43386
0.995056
0.899929
0.653292
0.663454
0.050347
0.493061
0.274054
0.098459
0.26276
0.05697
0.265757
0.721782
0.60231
0.20741
0.618567
0.651143
0.788592
0.638254
0.79998
0.777437
0.615663
0.082383
0.240509
0.947547
0.36195
0.648732
0.874091
0.873838
0.655945
0.982955
0.313357
0.703476
0.833232
0.762845
0.205289
0.830854
0.070215
0.24518
0.287802
0.921103
0.221648
0.186391
0.907944
0.102261
0.733846
0.47806
0.377179
0.411964
0.315909
0.832436
0.716798
0.15404
0.495958
0.332903
0.33332
0.253784
0.583601
0.94775
0.20829
0.256682
0.495733
0.366736
0.122032
0.545572
0.729201
0.333234
0.237538
0.699343
0.216569
0.792309
0.040278
0.628493
0.007384
0.662706
0.631492
0.159816
0.875062
0.938519
0.705451
0.536189
0.786929
0.636067
0.59798
0.300504
0.469161
0.317071
0.253852
0.361232
0.582418
0.064139
0.613629
0.198556
0.793153
0.653747
0.446715
0.368746
0.239268
0.216321
0.19867
0.393792
0.404353
0.387961
0.246631
0.422643
0.851891
0.106744
0.892062
0.424242
0.357649
0.341824
0.751356
0.652926
0.666973
0.824624
0.757659
0.281805
0.141903
0.278421
0.910816
0.680967
0.543093
0.890823
0.213116
0.587477
0.856844
0.826074
0.72175
0.119005
0.689452
0.025484
0.332608
0.659927
0.205388
0.407497
0.105576
0.964839
0.543637
0.856762
0.370398
0.890607
0.978248
0.206098
0.723906
0.232835
0.725076
0.673509
0.645096
0.693857
0.900611
0.318774
0.907096
0.056233
0.907133
0.697015
0.85622
0.038356
0.888334
0.825536
0.907204
0.238583
0.292871
0.946467
0.647984
0.135569
0.720498
0.260537
0.819316
0.769205
0.6558
0.720563
0.387912
0.26332
0.628952
0.541363
0.710038
0.277441
0.159074
0.223597
0.901524
0.195199
0.976056
0.167625
0.660388
0.932511
0.391356
0.256513
0.921323
0.468396
0.816668
0.600578
0.738824
0.045949
0.454883
0.293509
0.024969
0.898091
0.588234
0.509981
0.010797
0.471609
0.002095
0.057825
0.169364
0.686727
0.695278
0.660807
0.123484
0.474131
0.410326
0.798488
0.150457
0.30251
0.597909
0.057789
0.335442
0.747197
0.939678
0.770871
0.676078
0.351027
0.838099
0.256848
0.410903
0.851206
0.324554
0.730926
0.272484
0.659832
0.103043
0.76124
0.012653
0.027887
0.166363
0.287478
0.036897
0.31522
0.304724
0.667489
0.311377
0.363774
0.560681
0.108322
0.387732
0.477158
0.882063
0.594632
0.462412
0.424
0.560684
0.965473
0.001416
0.06669
0.155372
0.736237
0.426721
0.392605
0.603019
0.415048
0.045369
0.316225
0.048092
0.728101
0.39326
0.355391
0.813752
0.655156
0.762452
0.374789
0.319214
0.165778
0.681215
0.660658
0.790572
0.667977
0.898304
0.518676
0.259904
0.667541
0.331425
0.818938
0.022361
0.708719
0.369395
0.405572
0.900781
0.254661
0.450571
0.807019
0.315224
0.784212
0.749064
0.040471
0.088767
0.87287
0.520816
0.198563
0.910335
0.61012
0.86263
0.404925
0.878252
0.655539
0.643097
0.452517
0.720134
0.377957
0.287363
0.540882
0.644499
0.636602
0.815032
0.314474
0.557043
0.382038
0.722063
0.009043
0.36971
0.808193
0.568567
0.566401
0.760196
0.767937
0.542704
0.200598
0.701586
0.875638
0.756028
0.666877
0.021329
0.353159
0.216236
0.017924
0.539678
0.073246
0.498393
0.114194
0.172611
0.518302
0.70018
0.686507
0.13508
0.950463
0.610695
0.634527
0.673975
0.547464
0.727411
0.816228
0.492586
0.85221
0.098036
0.694261
0.04071
0.711671
0.050848
0.777782
0.362767
0.269185
0.754829
0.848521
0.837938
0.649365
0.876301
0.249217
0.126315
0.452899
0.917453
0.891986
0.38403
0.406162
0.930131
0.076091
0.469912
0.836732
0.072624
0.53178
0.384397
0.362533
0.102239
0.18137
0.540787
0.378616
0.318526
0.542936
0.660825
0.964367
0.569921
0.458736
0.041042
0.620352
0.706396
0.651298
0.081782
0.0064
0.337416
0.752199
0.67771
0.34007
0.306467
0.648435
0.841625
0.057437
0.354688
0.192505
0.709497
0.20932
0.373282
0.761674
0.446804
0.424059
0.121212
0.241946
0.070912
0.070628
0.806864
0.868736
0.619527
0.983942
0.489778
0.768164
0.146331
0.977773
0.619645
0.06762
0.800726
0.62515
0.313859
0.678843
0.558126
0.184935
0.512314
0.119786
0.643721
0.9137
0.320884
0.642335
0.41829
0.404731
0.133481
0.570678
0.415862
0.159368
0.422637
0.315001
0.115583
0.379662
0.397007
0.351213
0.981385
0.885722
0.464623
0.802868
0.503573
0.495014
0.292288
0.0591
0.73456
0.417396
0.104917
0.273773
0.515645
0.646097
0.278767
0.083815
0.233299
0.302791
0.620197
0.965201
0.232702
0.41405
0.921606
0.375274
0.947612
0.398719
0.169252
0.503581
0.976667
0.851121
0.245714
0.975457
0.417402
0.015056
0.791714
0.161587
0.956454
0.681913
0.427326
0.694507
0.811393
0.194706
0.140275
0.414917
0.732129
0.176106
0.95158
0.482232
0.691734
0.322078
0.576499
0.388463
0.896844
0.88995
0.208912
0.921532
0.536501
0.270265
0.581817
0.199765
0.855655
0.669676
0.672761
0.892478
0.008491
0.54057
0.160699
0.375782
0.069016
0.804268
0.384353
0.843373
0.957232
0.384529
0.742006
0.347192
0.201034
0.865873
0.674964
0.944529
0.298504
0.272925
0.751695
0.874546
0.714933
0.34456
0.119458
0.858999
0.481124
0.375503
0.017411
0.397457
0.968951
0.891159
0.497653
0.240519
0.753593
0.925188
0.61803
0.625702
0.110106
0.573848
0.60313
0.213033
0.053086
0.033363
0.133226
0.75223
0.128008
0.004584
0.468557
0.472696
0.906911
0.409424
0.264296
0.493218
0.628638
0.354517
0.565872
0.785187
0.631259
0.291327
0.54219
0.915522
0.584372
0.52007
0.1703
0.397743
0.097088
0.886615
0.876421
0.610515
0.536601
0.16875
0.129128
0.062263
0.554323
0.73846
0.8057
0.298698
0.829963
0.674735
0.809218
0.456175
0.701968
0.73601
0.28459
0.181653
0.149479
0.210407
0.010103
0.533931
0.026657
0.507779
0.444325
0.52134
0.2229
0.606856
0.070596
0.67025
0.715005
0.99374
0.551906
0.304453
0.274346
0.04166
0.831936
0.387464
0.67297
0.416654
0.290888
0.671118
0.168786
0.801365
0.561497
0.623109
0.226222
0.302869
0.181891
0.392055
0.753759
0.016595
0.872402
0.309555
0.289577
0.817211
0.752547
0.991491
0.417468
0.594412
0.872671
0.682074
0.370042
0.846789
0.916068
0.104339
0.83474
0.012221
0.054886
0.483125
0.488238
0.21178
0.662439
0.91016
0.550525
0.461388
0.349076
0.562911
0.017114
0.528159
0.679834
0.97601
0.317131
0.07144
0.044814
0.343109
0.007442
0.46509
0.663609
0.643418
0.093277
0.65176
0.478683
0.493962
0.730577
0.038778
0.181142
0.622647
0.252401
0.686657
0.035265
0.368037
0.259172
0.412675
0.553325
0.13338
0.431433
0.074822
0.548411
0.318211
0.283025
0.810992
0.641819
0.328964
0.785201
0.244144
0.2381
0.896535
0.487013
0.184561
0.159074
0.428148
0.162427
0.490292
0.9489
0.255164
0.029306
0.977549
0.57584
0.502252
0.071752
0.533425
0.460125
0.649794
0.674165
0.80876
0.029287
0.482308
0.911394
0.14677
0.663874
0.483746
0.972802
0.570943
0.743788
0.498984
0.902562
0.842968
0.98476
0.317799
0.316262
0.869552
0.83113
0.552711
0.414161
0.968897
0.935145
0.566953
0.223321
0.722968
0.986048
0.57859
0.82601
0.041795
0.208596
0.521673
0.900918
0.723746
0.566947
0.624445
0.821102
0.521465
0.269418
0.147686
0.558716
0.390994
0.921555
0.530821
0.450785
0.572754
0.455199
0.278553
0.074832
0.075368
0.900431
0.251609
0.313845
0.463409
0.623039
0.93456
0.379711
0.658054
0.442696
0.405157
0.253055
0.072079
0.76965
0.793216
0.798067
0.305836
0.483337
0.272709
0.940277
0.763256
0.4936
0.326759
0.049
0.632372
0.794211
0.9715
0.296286
0.217491
0.612448
0.319297
0.002022
0.879421
0.450139
0.166952
0.409947
0.257332
0.461145
0.784151
0.680693
0.460275
0.003539
0.340744
0.931625
0.597505
0.785998
0.518823
0.2789
0.006155
0.496663
0.15365
0.143541
0.138894
0.6275
0.580284
0.575747
0.599288
0.080363
0.786679
0.017049
0.452652
0.918316
0.180974
0.418191
0.22344
0.79716
0.813611
0.657214
0.820195
0.738593
0.738763
0.127943
0.102338
0.577279
0.776039
0.30372
0.823643
0.599724
0.113109
0.332955
0.841817
0.608006
0.846255
0.110968
0.477632
0.228135
0.910494
0.975849
0.313656
0.717326
0.301021
0.882772
0.456134
0.97764
0.65657
0.731451
0.04519
0.674268
0.611554
0.602319
0.609367
0.905379
0.834185
0.29802
0.45174
0.004675
0.088286
0.314429
0.896492
0.917675
0.596713
0.686689
0.408698
0.931271
0.462348
0.56371
0.536758
0.609855
0.993342
0.419414
0.190621
0.222283
0.75898
0.949398
0.758902
0.154995
0.061361
0.729566
0.628129
0.898874
0.177133
0.806436
0.854803
0.753555
0.297787
0.636799
0.773538
0.615698
0.127333
0.71742
0.590523
0.573241
0.046132
0.97645
0.972274
0.123757
0.38549
0.787723
0.077697
0.482881
0.260858
0.388395
0.924672
0.824154
0.261354
0.643642
0.969645
0.409107
0.512257
0.724246
0.807592
0.08784
0.003443
0.342049
0.104589
0.034391
0.236922
0.397093
0.044385
0.772256
0.148763
0.203798
0.635384
0.381267
0.945801
0.315474
0.950992
0.879827
0.602483
0.679201
0.191381
0.215057
0.422167
0.313346
0.798787
0.875854
0.569982
0.39789
0.164714
0.981626
0.222097
0.237776
0.884203
0.688942
0.227594
0.560912
0.480006
0.625001
0.413459
0.323203
0.759859
0.748289
0.391288
0.106513
0.803952
0.670169
0.844659
0.874376
0.910847
0.326314
0.36476
0.35996
0.303039
0.223802
0.840166
0.013871
0.058697
0.703645
0.268477
0.407436
0.901689
0.392768
0.977011
0.197194
0.431369
0.179393
0.079048
0.82857
0.363989
0.599629
0.821302
0.11236
0.7937
0.42069
0.535093
0.63588
0.000375
0.296954
0.726719
0.67209
0.912401
0.982509
0.58912
0.512231
0.979903
0.803283
0.757884
0.435657
0.485311
0.961238
0.978609
0.620071
0.315735
0.809627
0.094135
0.65766
0.836399
0.743894
0.835795
0.291834
0.94178
0.33684
0.823267
0.464418
0.678583
0.614323
0.730259
0.976832
0.938612
0.221799
0.84309
0.005321
0.056617
0.379007
0.371881
0.925852
0.476314
0.914121
0.287161
0.835873
0.510041
0.707084
0.432669
0.499872
0.904206
0.129799
0.269413
0.086208
0.08711
0.575536
0.274354
0.790113
0.151566
0.213003
0.230982
0.863655
0.746399
0.459246
0.394973
0.310677
0.167111
0.285541
0.415321
0.873966
0.529386
0.526451
0.310726
0.679786
0.778322
0.228047
0.842962
0.716501
0.286917
0.308351
0.821411
0.830508
0.600874
0.263518
0.792852
0.992189
0.293093
0.908513
0.60012
0.147711
0.984703
0.185173
0.885637
0.727922
0.492491
0.03325
0.203629
0.619794
0.732726
0.825697
0.278932
0.665135
0.571462
0.493373
0.008462
0.922536
0.953176
0.543388
0.25633
0.78148
0.330169
0.410982
0.856183
0.909692
0.398023
0.653797
0.873495
0.351205
0.220743
0.637982
0.369523
0.576947
0.676211
0.639059
0.322745
0.041295
0.089574
0.546061
0.739845
0.943221
0.46026
0.937631
0.300223
0.719222
0.659395
0.538899
0.643625
0.102356
0.524614
0.669175
0.545028
0.517257
0.114458
0.621135
0.44491
0.413857
0.836927
0.435448
0.660198
0.76122
0.133673
0.682388
0.321379
0.414872
0.825918
0.02384
0.310587
0.936744
0.304925
0.78137
0.480589
0.068905
0.046551
0.723158
0.21083
0.721786
0.280642
0.284984
0.420565
0.768599
0.589539
0.044145
0.241855
0.964878
0.098132
0.92048
0.778655
0.173803
0.384102
0.322169
0.280104
0.654587
0.091025
0.320046
0.782723
0.749095
0.951852
0.681497
0.350713
0.363581
0.064508
0.295511
0.375244
0.963981
0.265986
0.617123
0.823426
0.764898
0.651933
0.928821
0.884991
0.497218
0.028647
0.488694
0.13893
0.471893
0.151998
0.481107
0.416453
0.85392
0.323591
0.926014
0.79212
0.252534
0.510892
0.973914
0.47426
0.932909
0.362958
0.129972
0.692084
0.495588
0.785799
0.898692
0.867642
0.755031
0.465868
0.696334
0.582575
0.78005
0.718279
0.243315
0.340543
0.25459
0.255298
0.629081
0.636028
0.437915
0.985536
0.766293
0.944621
0.132023
0.802899
0.49695
0.929845
0.173334
0.277671
0.936262
0.393435
0.243192
0.554212
0.685122
0.774409
0.676929
0.781568
0.460324
0.692042
0.962543
0.461771
0.632011
0.924772
0.421284
0.106495
0.433067
0.111327
0.805162
0.66501
0.093083
0.789156
0.68892
0.694414
0.086818
0.696227
0.188385
0.086476
0.729848
0.449497
0.286087
0.512337
0.176679
0.821278
0.613774
0.412643
0.36679
0.766597
0.521991
0.796133
0.766712
0.213558
0.1659
0.564941
0.695285
0.587349
0.15336
0.052924
0.941735
0.904539
0.908824
0.044943
0.822798
0.530411
0.076309
0.996055
0.819544
0.622377
0.608427
0.712932
0.232871
0.426373
0.382577
0.509613
0.740438
0.640374
0.94963
0.458161
0.558291
0.183166
0.142642
0.632545
0.392069
0.821338
0.275776
0.263277
0.404081
0.90591
0.490827
0.849231
0.230469
0.721629
0.806159
0.382988
0.297764
0.365838
0.604613
0.85976
0.463836
0.347354
0.169239
0.705332
0.178064
0.931554
0.539498
0.727288
0.218907
0.008531
0.998403
0.84045
0.424534
0.72636
0.19064
0.41192
0.336089
0.857124
0.687512
0.398623
0.166506
0.285364
0.563327
0.788912
0.091543
0.501357
0.609316
0.88262
0.178173
0.893467
0.055676
0.388254
0.938385
0.054009
0.074542
0.893711
0.546793
0.42935
0.126727
0.102895
0.920918
0.93716
0.918643
0.26438
0.438436
0.014733
0.584423
0.559359
0.731943
0.761801
0.690295
0.017769
0.139471
0.414898
0.648849
0.054618
0.951608
0.847186
0.692897
0.488678
0.648949
0.27909
0.846318
0.042365
0.385486
0.16007
0.862688
0.798465
0.249059
0.343338
0.360087
0.416757
0.11303
0.527352
0.968291
0.721737
0.224307
0.249227
0.537838
0.336967
0.802584
0.836545
0.526643
0.962264
0.904943
0.438041
0.13442
0.795995
0.355091
0.002066
0.026093
0.096554
0.849991
0.438069
0.097932
0.81505
0.967099
0.598483
0.712451
0.724746
0.562586
0.655952
0.685237
0.697857
0.693473
0.416153
0.75919
0.588216
0.464613
0.882997
0.93723
0.698849
0.552656
0.746913
0.273026
0.512921
0.103591
0.657239
0.401726
0.589983
0.61169
0.979825
0.886852
0.803635
0.172485
0.388179
0.686256
0.557099
0.057225
0.325626
0.324519
0.386362
0.049875
0.021697
0.455012
0.983203
0.274721
0.363754
0.652356
0.932982
0.572801
0.187733
0.736975
0.564954
0.528765
0.84565
0.291156
0.199302
0.382728
0.611881
0.549493
0.498066
0.122927
0.719212
0.017897
0.330361
0.706564
0.489235
0.826531
0.12159
0.17795
0.54894
0.92921
0.618972
0.643016
0.79712
0.710769
0.417215
0.969031
0.937468
0.451395
0.136754
0.087422
0.405331
0.069042
0.231324
0.169521
0.91905
0.316248
0.830522
0.020034
0.29503
0.588478
0.688191
0.863068
0.983281
0.634218
0.383103
0.026043
0.66345
0.057222
0.164812
0.776814
0.303777
0.814677
0.826375
0.047691
0.71909
0.141914
0.319951
0.848524
0.196718
0.645974
0.645058
0.169369
0.753056
0.637594
0.864487
0.376914
0.815387
0.52622
0.039437
0.189629
0.155785
0.757853
0.418696
0.221599
0.032276
0.942144
0.38211
0.959752
0.38547
0.849437
0.915775
0.942957
0.860136
0.566231
0.059983
0.086114
0.180141
0.158006
0.293168
0.93483
0.361835
0.775144
0.933053
0.45633
0.556509
0.363171
0.535411
0.95372
0.231198
0.423342
0.143514
0.32914
0.788627
0.681183
0.197906
0.576717
0.329535
0.243763
0.418193
0.087938
0.852454
0.569739
0.885212
0.575808
0.049375
0.030437
0.284589
0.8509
0.086422
0.520318
0.35235
0.294603
0.691853
0.597489
0.953691
0.603656
0.270467
0.794707
0.479379
0.548826
0.733397
0.155595
0.032073
0.721311
0.626105
0.492855
0.390802
0.324723
0.000406
0.622994
0.986867
0.315691
0.082611
0.927696
0.476233
0.618278
0.085688
0.645126
0.830724
0.708815
0.607632
0.29815
0.466826
0.348098
0.286661
0.970304
0.571767
0.669315
0.576076
0.687612
0.237637
0.02882
0.385025
0.13546
0.552156
0.981229
0.400446
0.581435
0.259617
0.795226
0.917925
0.57735
0.770318
0.49838
0.737829
0.801506
0.792435
0.09683
0.604493
0.941688
0.254483
0.920744
0.488731
0.769382
0.572609
0.828622
0.705212
0.174363
0.713658
0.200059
0.59913
0.624546
0.839087
0.310652
0.444028
0.46041
0.140127
0.728485
0.540409
0.100003
0.645483
0.864462
0.162662
0.630362
0.128297
0.478608
0.697405
0.101643
0.235721
0.634952
0.085864
0.661193
0.442337
0.387265
0.739487
0.136793
0.453906
0.991676
0.578733
0.977428
0.917749
0.856442
0.704857
0.310383
0.064468
0.542863
0.681273
0.221101
0.769915
0.22603
0.621517
0.158687
0.36851
0.669075
0.047743
0.728996
0.246761
0.460821
0.254558
0.084655
0.687562
0.246119
0.554842
0.088125
0.157719
0.116355
0.859664
0.557887
0.868639
0.028889
0.724387
0.03549
0.728904
0.052232
0.337896
0.383911
0.909733
0.421295
0.095337
0.019798
0.80607
0.005858
0.448997
0.053139
0.383137
0.099667