1024 1
0
476
1
568
2
9
3
834
4
784
5
41
6
999
7
221
8
596
9
897
10
233
11
544
12
792
13
243
14
488
15
305
16
936
17
561
18
649
19
325
20
38
21
74
22
290
23
364
24
723
25
28
26
128
27
413
28
691
29
84
30
167
31
496
32
773
33
368
34
619
35
144
36
895
37
149
38
231
26
39
40
725
41
763
42
829
43
644
44
416
45
831
46
164
47
667
48
592
49
103
50
69
51
791
52
94
53
258
54
855
55
226
56
576
57
310
58
574
59
135
60
677
61
220
62
95
63
299
64
184
65
939
66
539
34
67
68
923
69
742
70
424
71
714
72
350
73
113
74
534
75
280
76
116
77
177
78
247
79
970
80
126
81
732
82
922
83
693
84
718
85
627
86
304
23
87
88
790
89
971
90
892
91
353
92
868
93
938
94
960
95
754
96
215
97
476
98
391
99
969
100
477
101
713
102
275
103
457
104
579
105
406
106
218
107
170
108
289
109
644
110
238
111
718
112
335
113
414
114
661
115
301
116
494
117
734
118
920
119
904
120
314
52
121
122
486
123
435
124
580
125
538
126
562
127
514
128
856
129
944
130
947
131
700
132
531
54
133
134
965
135
724
136
924
137
785
138
470
139
375
140
272
141
825
142
758
143
310
144
947
145
612
146
834
147
691
148
649
149
878
150
407
151
532
152
739
153
233
154
833
155
997
156
659
157
258
158
292
159
873
160
923
160
161
162
193
163
777
164
983
165
565
166
187
167
805
168
205
169
889
170
974
59
171
172
647
105
173
174
884
175
618
176
813
177
657
178
935
179
259
180
184
181
953
101
182
134
183
184
510
185
397
186
239
187
994
188
481
189
875
92
190
191
624
192
454
193
237
194
502
195
407
196
408
133
197
183
198
199
700
200
893
201
752
202
937
203
786
150
204
205
585
47
206
207
787
134
208
209
865
210
273
162
211
212
749
69
213
214
793
215
321
216
991
217
780
119
218
219
999
220
418
98
221
222
499
223
403
224
838
225
985
226
905
227
902
228
459
229
762
230
578
231
965
232
615
233
828
234
608
235
390
114
236
237
858
238
982
239
489
240
538
143
241
242
683
243
317
244
987
245
255
246
350
247
345
248
511
249
617
117
250
251
939
252
806
245
253
254
370
255
652
256
291
138
257
106
258
259
845
260
852
261
748
262
738
263
825
264
298
265
580
266
916
267
655
268
756
269
1004
270
315
32
271
139
272
273
503
149
274
275
764
276
560
277
326
278
710
279
318
280
691
281
409
282
997
283
680
284
379
18
285
286
631
287
690
154
288
36
289
290
464
45
291
292
888
293
628
294
919
295
353
296
327
284
297
298
488
299
338
300
852
301
857
302
711
303
908
304
322
305
711
306
366
307
955
215
308
309
941
310
971
9
311
312
969
313
802
314
321
315
509
316
467
317
916
68
318
252
319
320
432
321
429
322
960
323
406
324
747
283
325
326
337
327
733
328
356
329
665
330
383
80
331
332
613
112
333
328
334
335
936
336
827
337
915
338
557
339
581
340
386
341
614
342
365
343
967
344
800
112
345
122
346
48
347
348
673
349
1017
350
682
351
544
225
352
353
786
233
354
355
495
356
948
45
357
106
358
359
485
360
800
361
755
362
364
363
958
96
364
365
960
366
1021
367
397
368
450
369
417
286
370
333
371
372
578
373
935
374
833
375
424
190
376
162
377
377
378
379
543
62
380
381
896
382
785
383
742
384
835
385
599
386
443
349
387
388
545
346
389
262
390
391
794
392
540
393
993
178
394
395
713
396
846
397
703
398
941
399
881
255
400
126
401
321
402
403
911
404
824
405
612
171
406
407
812
379
408
409
762
281
410
411
605
412
611
413
986
414
854
415
733
416
652
367
417
418
675
419
880
420
830
421
866
374
422
145
423
424
619
425
620
426
638
427
447
428
461
429
652
430
922
431
782
432
554
218
433
143
434
435
855
436
927
397
437
78
438
91
439
440
524
441
620
442
984
443
743
33
444
327
445
446
678
322
447
365
448
449
857
450
569
276
451
452
459
235
453
287
454
455
996
6
456
457
741
458
872
459
852
184
460
312
461
218
462
463
562
137
464
465
738
81
466
364
467
468
578
469
592
470
702
471
589
472
784
473
803
474
583
475
574
476
600
477
667
223
478
343
479
238
480
481
494
419
482
105
483
387
484
26
485
109
486
36
487
231
488
489
964
232
490
491
874
492
838
493
535
88
494
495
987
496
895
428
497
418
498
113
499
500
699
501
886
502
880
233
503
309
504
505
820
410
506
498
507
421
508
509
668
385
510
159
511
490
512
513
932
514
910
515
958
76
516
68
517
518
600
350
519
520
932
166
521
522
579
523
876
397
524
525
549
526
778
527
932
528
840
271
529
462
530
531
864
140
532
163
533
504
534
535
745
536
673
25
537
538
970
539
1012
302
540
127
541
542
568
183
543
130
544
545
919
546
891
540
547
216
548
549
885
550
779
533
551
350
552
116
553
382
554
537
555
556
1022
144
557
378
558
341
559
473
560
561
765
156
562
171
563
564
669
402
565
2
566
269
567
115
568
533
569
222
570
485
571
99
572
573
843
398
574
575
813
576
1014
488
577
578
628
579
902
206
580
340
581
460
582
481
583
584
652
195
585
586
862
587
643
466
588
589
633
590
709
591
623
592
982
124
593
12
594
595
700
596
850
597
978
598
1009
53
599
600
782
577
601
602
868
603
938
558
604
605
682
606
914
59
607
608
886
371
609
610
740
611
643
612
1010
285
613
18
614
219
615
191
616
300
617
618
900
180
619
620
695
301
621
191
622
570
623
502
624
625
924
38
626
627
953
628
1005
121
629
210
630
580
631
632
933
345
633
47
634
600
635
356
636
349
637
638
771
639
737
12
640
501
641
77
642
643
901
615
644
645
1011
539
646
610
647
73
648
20
649
297
650
651
667
150
652
653
948
654
943
616
655
360
656
657
976
495
658
659
853
660
800
436
661
37
662
405
663
388
664
665
829
52
666
370
667
115
668
142
669
560
670
427
671
566
672
587
673
570
674
167
675
676
682
443
677
301
678
657
679
454
680
221
681
682
1017
532
683
684
911
685
978
465
686
338
687
360
688
689
966
155
690
339
691
545
692
160
693
446
694
695
854
13
696
631
697
313
698
431
699
45
700
548
701
702
739
218
703
217
704
340
705
408
706
53
707
589
708
288
709
295
710
234
711
712
844
314
713
68
714
71
715
346
716
717
945
200
718
643
719
720
850
136
721
722
873
614
723
415
724
28
725
83
726
256
727
202
728
78
729
275
730
7
731
732
784
226
733
159
734
735
897
736
904
650
737
449
738
157
739
509
740
741
848
742
769
535
743
432
744
139
745
12
746
691
747
748
918
749
945
369
750
751
959
444
752
328
753
387
754
480
755
205
756
632
757
758
804
514
759
760
996
296
761
232
762
530
763
274
764
681
765
564
766
368
767
395
768
336
769
382
770
116
771
23
772
773
1007
605
774
775
851
776
862
750
777
656
778
306
779
780
891
408
781
64
782
321
783
351
784
64
785
786
915
445
787
432
788
127
789
532
790
756
791
519
792
210
793
248
794
772
795
756
796
539
797
313
798
799
881
274
800
291
801
802
949
372
803
435
804
61
805
595
806
807
825
276
808
628
809
810
910
213
811
521
812
102
813
774
814
387
815
816
931
564
817
745
818
819
975
477
820
749
821
403
822
386
823
824
839
825
926
321
826
41
827
337
828
829
1002
592
830
97
831
534
832
764
833
514
834
273
835
836
954
302
837
838
845
839
955
139
840
841
842
88
842
135
843
256
844
779
845
455
846
170
847
125
848
511
849
39
850
138
851
775
852
346
853
854
894
674
855
856
888
624
857
184
858
225
859
589
860
456
861
602
862
863
913
864
930
236
865
589
866
725
867
73
868
534
869
299
870
58
871
239
872
863
873
819
874
405
875
333
876
588
877
575
878
291
879
28
880
127
881
161
882
142
883
884
971
9
885
376
886
806
887
454
888
889
904
475
890
762
891
194
892
592
893
250
894
822
895
57
896
123
897
158
898
551
899
717
900
138
901
455
902
25
903
4
904
905
985
230
906
365
907
507
908
648
909
526
910
62
911
847
912
337
913
914
1015
611
915
909
916
917
920
410
918
740
919
245
920
512
921
505
922
357
923
852
924
867
925
136
926
654
927
834
928
911
929
9
930
82
931
492
932
597
933
720
934
407
935
835
936
776
937
743
938
96
939
940
1021
941
983
481
942
63
943
536
944
769
945
182
946
217
947
584
948
754
949
718
950
390
951
359
952
573
953
300
954
904
955
834
956
892
957
774
958
330
959
615
960
675
961
159
962
774
963
964
978
758
965
747
966
677
967
902
968
607
969
724
970
422
971
255
972
524
973
49
974
129
975
944
976
877
977
132
978
16
979
222
980
961
981
901
982
619
983
735
984
825
985
82
986
908
987
917
988
630
989
624
990
648
991
672
992
852
993
489
994
462
995
97
996
415
997
708
998
410
999
587
1000
992
1001
308
1002
25
1003
136
1004
959
1005
86
1006
869
1007
751
1008
83
1009
363
1010
1011
1014
220
1012
279
1013
546
1014
1010
1015
913
1016
803
1017
675
1018
901
1019
467
1020
182
1021
62
1022
776
1023
0.628157
0.291941
0.491118
0.886205
0.265522
0.136166
0.146732
0.781441
0.127291
0.576225
0.517443
0.942969
0.12254
0.299697
0.651376
0.507913
0.956582
0.639852
0.011042
0.649767
0.486767
0.18224
0.538136
0.289701
0.874883
0.699308
0.283982
0.53726
0.048895
0.345706
0.740728
0.623267
0.361941
0.178179
0.077792
0.164797
0.762722
0.402018
0.483304
0.984215
0.849315
0.099042
0.899137
0.717603
0.576153
0.366192
0.750395
0.329137
0.010798
0.523152
0.79471
0.468531
0.793796
0.82439
0.970658
0.305124
0.730192
0.677206
0.402758
0.074552
0.08584
0.608265
0.013184
0.425113
0.812555
0.258012
0.185654
0.263757
0.842227
0.612112
0.807744
0.604641
0.178624
0.513652
0.443899
0.427933
0.479194
0.212714
0.970862
0.134536
0.156668
0.429891
0.991971
0.027102
0.091809
0.223265
0.379891
0.929557
0.338989
0.40946
0.694986
0.509081
0.402105
0.07849
0.821448
0.6789
0.083923
0.073348
0.934746
0.787505
0.559315
0.425092
0.804859
0.988188
0.272086
0.796445
0.482732
0.896858
0.361381
0.469249
0.547956
0.006555
0.427017
0.095649
0.741294
0.538497
0.808426
0.337938
0.988681
0.284498
0.690645
0.678602
0.826331
0.43492
0.10973
0.123257
0.690985
0.007638
0.622199
0.157448
0.422952
0.477146
0.499462
0.452692
0.717159
0.686363
0.240527
0.836672
0.385216
0.386931
0.932976
0.184955
0.073852
0.22703
0.086527
0.553283
0.416747
0.325105
0.420689
0.327606
0.25676
0.398186
0.264575
0.506214
0.770123
0.306021
0.809385
0.725953
0.399464
0.14131
0.593906
0.252191
0.480807
0.485097
0.149122
0.235844
0.171941
0.888925
0.674683
0.245078
0.96268
0.515754
0.497316
0.081596
0.302983
0.972953
0.581938
0.489941
0.702331
0.52148
0.861321
0.195986
0.133775
0.719059
0.075022
0.55015
0.851826
0.299512
0.581681
0.85055
0.434568
0.144904
0.073719
0.620637
0.274601
0.299046
0.453655
0.980889
0.253404
0.900343
0.27335
0.966385
0.108704
0.315918
0.235213
0.59052
0.633792
0.303799
0.591689
0.330187
0.728333
0.569401
0.53077
0.343244
0.225642
0.216738
0.541388
0.077308
0.011958
0.192684
0.943094
0.317152
0.753909
0.682739
0.431519
0.998807
0.050397
0.709631
0.852464
0.678904
0.319428
0.881364
0.063736
0.907035
0.644641
0.976036
0.56016
0.857856
0.40589
0.200562
0.93171
0.416608
0.167523
0.683201
0.628325
0.861486
0.647256
0.544411
0.701655
0.15141
0.400908
0.086983
0.625611
0.909957
0.306066
0.843022
0.294314
0.720988
0.322185
0.360774
0.161722
0.665121
0.122472
0.451061
0.181266
0.002514
0.27923
0.06392
0.669882
0.158229
0.554737
0.98509
0.093984
0.406546
0.090972
0.878032
0.390705
0.404837
0.285422
0.004412
0.917811
0.76503
0.511101
0.82721
0.185438
0.698209
0.503374
0.525621
0.302555
0.369351
0.870574
0.596736
0.573759
0.857302
0.335538
0.511662
0.390807
0.88532
0.188478
0.413007
0.289578
0.518421
0.526032
0.123945
0.318427
0.248426
0.191625
0.769541
0.559759
0.888952
0.642312
0.440999
0.492424
0.500054
0.188282
0.160319
0.821217
0.616712
0.523303
0.619591
0.705038
0.032348
0.499847
0.320343
0.497843
0.931167
0.671846
0.867253
0.515001
0.276797
0.816805
0.029835
0.000713
0.827087
0.729529
0.930226
0.140506
0.782858
0.899128
0.983702
0.139993
0.975891
0.857625
0.21187
0.675346
0.715218
0.297135
0.909653
0.899306
0.255328
0.695277
0.683863
0.850229
0.468058
0.414512
0.567661
0.779194
0.097011
0.297011
0.683487
0.658686
0.068017
0.159232
0.882865
0.509016
0.858615
0.904544
0.408047
0.947906
0.66683
0.489597
0.921877
0.20751
0.026746
0.638309
0.774112
0.742525
0.617863
0.20163
0.951389
0.197128
0.000427
0.320292
0.131071
0.875255
0.789067
0.943561
0.41191
0.760151
0.757025
0.500196
0.579565
0.327527
0.840439
0.766605
0.182536
0.590448
0.196681
0.612942
0.7726
0.114563
0.487232
0.700549
0.923111
0.77317
0.711189
0.336553
0.974099
0.584866
0.197883
0.582776
0.452402
0.216754
0.450405
0.088533
0.47338
0.776704
0.871004
0.155967
0.508846
0.14962
0.90006
0.108092
0.084837
0.130965
0.577699
0.522787
0.69937
0.567341
0.808237
0.839245
0.718104
0.677377
0.636771
0.543407
0.059067
0.123696
0.500732
0.144063
0.989161
0.06726
0.127809
0.993655
0.455439
0.341503
0.182061
0.309054
0.098996
0.604097
0.424604
0.834014
0.317736
0.259575
0.978841
0.27151
0.06362
0.901681
0.457751
0.948802
0.272116
0.935088
0.616589
0.35015
0.809837
0.74147
0.093497
0.236637
0.340041
0.942993
0.805446
0.997653
0.363969
0.145182
0.460248
0.851503
0.187543
0.448116
0.422987
0.055541
0.870422
0.181115
0.031237
0.24427
0.426413
0.412881
0.356889
0.557104
0.315674
0.435532
0.483066
0.479482
0.326302
0.191461
0.030711
0.599688
0.600738
0.137588
0.337549
0.642195
0.171088
0.207417
0.386721
0.491688
0.462592
0.824047
0.188924
0.510273
0.510926
0.207643
0.840369
0.376604
0.351464
0.278976
0.662202
0.834535
0.237817
0.818681
0.299253
0.595924
0.276507
0.418658
0.419601
0.479359
0.881087
0.213733
0.826684
0.013325
0.867675
0.700743
0.863098
0.587097
0.171
0.129653
0.342062
0.19243
0.968658
0.19266
0.945931
0.95918
0.881967
0.496811
0.870048
0.803448
0.624999
0.288925
0.100981
0.740584
0.80576
0.861297
0.367495
0.383306
0.198666
0.999576
0.102421
0.101986
0.415147
0.361101
0.563034
0.996396
0.672401
0.482571
0.188479
0.994362
0.86408
0.610632
0.658669
0.00519
0.974857
0.364751
0.167634
0.151485
0.402161
0.219618
0.114235
0.26944
0.531412
0.780357
0.533504
0.892867
0.09903
0.89788
0.228683
0.396825
0.82927
0.490723
0.533755
0.80204
0.687604
0.894999
0.452778
0.654498
0.030287
0.053058
0.298125
0.526134
0.97198
0.248591
0.665334
0.296769
0.42808
0.7709
0.807117
0.219905
0.822634
0.388969
0.031259
0.689387
0.395404
0.319547
0.979581
0.766572
0.960277
0.099825
0.920388
0.835642
0.255481
0.179695
0.057992
0.742068
0.631044
0.771253
0.527153
0.172945
0.491879
0.401234
0.169217
0.842129
0.318991
0.898413
0.720591
0.660641
0.922106
0.896341
0.815654
0.952466
0.789592
0.527377
0.315922
0.458943
0.510436
0.827943
0.33451
0.727945
0.852524
0.499158
0.741495
0.17266
0.676221
0.643912
0.146358
0.162194
0.894284
0.078836
0.782208
0.236233
0.83832
0.167869
0.490909
0.945545
0.682749
0.71726
0.706441
0.580845
0.364975
0.160448
0.606515
0.013183
0.578105
0.198684
0.764439
0.273336
0.453839
0.871032
0.723573
0.118259
0.736958
0.928596
0.449121
0.718795
0.109778
0.456466
0.674821
0.59716
0.972865
0.620477
0.358396
0.650781
0.62785
0.913338
0.332069
0.828819
0.523066
0.929956
0.290862
0.724554
0.344418
0.246886
0.022122
0.13965
0.851724
0.379559
0.750885
0.159373
0.90593
0.403989
0.549873
0.604309
0.583203
0.70365
0.339989
0.111693
0.865147
0.212204
0.475677
0.623638
0.271317
0.167497
0.527034
0.363789
0.691026
0.453474
0.375173
0.087844
0.555817
0.063941
0.450893
0.585598
0.993729
0.509486
0.449562
0.069714
0.277611
0.555112
0.309983
0.598536
0.244361
0.915386
0.54357
0.883367
0.919259
0.690838
0.311057
0.275833
0.906605
0.81619
0.712235
0.665721
0.842698
0.333786
0.04303
0.332072
0.009673
0.926355
0.14294
0.525684
0.178782
0.455938
0.522798
0.286046
0.067886
0.067145
0.592221
0.267286
0.813647
0.074019
0.221154
0.146263
0.959852
0.142669
0.724117
0.960974
0.733417
0.101071
0.9154
0.34203
0.535091
0.813496
0.886758
0.706839
0.718686
0.764153
0.122611
0.954128
0.129096
0.341875
0.109053
0.90758
0.306601
0.861868
0.060377
0.160325
0.9805
0.334452
0.068513
0.372838
0.63985
0.709801
0.671297
0.136319
0.029042
0.219916
0.748478
0.514965
0.078238
0.175298
0.527087
0.943796
0.330531
0.873622
0.855014
0.462494
0.650067
0.967087
0.221193
0.988462
0.79203
0.528328
0.63435
0.950218
0.183289
0.390393
0.813385
0.453045
0.669453
0.94567
0.131082
0.120943
0.414382
0.200321
0.128662
0.298917
0.044155
0.398305
0.7372
0.421901
0.692071
0.569321
0.258373
0.063176
0.33281
0.706239
0.925099
0.702139
0.883856
0.926735
0.650402
0.940737
0.65286
0.107298
0.496254
0.947393
0.743377
0.718595
0.562881
0.281887
0.031846
0.775196
0.800363
0.791875
0.994793
0.11842
0.650072
0.682525
0.85116
0.396919
0.058898
0.075482
0.378419
0.230914
0.115323
0.667809
0.580636
0.295903
0.413292
0.225
0.517695
0.301733
0.688263
0.313705
0.065593
0.629226
0.428602
0.150353
0.391068
0.638779
0.815082
0.073345
0.594529
0.525389
0.501783
0.867204
0.944273
0.948336
0.475253
0.20613
0.543623
0.788335
0.66219
0.002238
0.593776
0.556318
0.614323
0.067721
0.771734
0.695242
0.995672
0.288931
0.978312
0.155397
0.234787
0.175034
0.845528
0.195437
0.869156
0.24476
0.757064
0.205226
0.339914
0.707743
0.995765
0.205886
0.208471
0.142333
0.011407
0.276009
0.981742
0.239369
0.353289
0.474972
0.403407
0.209211
0.4553
0.276375
0.047458
0.89253
0.42636
0.056914
0.222315
0.213685
0.156045
0.446236
0.613016
0.049388
0.225426
0.822381
0.082653
0.49055
0.144149
0.972822
0.770115
0.421611
0.588369
0.073886
0.042791
0.885646
0.615567
0.1052
0.723536
0.547729
0.042636
0.679125
0.462381
0.525985
0.709393
0.369944
0.357357
0.426921
0.791841
0.308591
0.139522
0.830358
0.129437
0.459434
0.190665
0.019643
0.518846
0.914431
0.647393
0.277126
0.559628
0.388993
0.631658
0.170372
0.632012
0.060247
0.87691
0.174548
0.975226
0.406226
0.425875
0.06668
0.386254
0.128377
0.282178
0.818883
0.212229
0.352011
0.877323
0.958385
0.045976
0.907715
0.676794
0.128662
0.643946
0.106313
0.789643
0.429517
0.460526
0.999626
0.615883
0.859005
0.64716
0.214648
0.372478
0.557434
0.280175
0.426686
0.915607
0.267602
0.918467
0.220714
0.032489
0.085588
0.075003
0.268885
0.738338
0.766438
0.376826
0.945234
0.065398
0.815879
0.781488
0.450608
0.821546
0.682512
0.142716
0.602807
0.651374
0.234965
0.902212
0.975148
0.52445
0.506731
0.575464
0.737845
0.207541
0.357478
0.400908
0.089634
0.506203
0.405317
0.554279
0.141345
0.794701
0.341691
0.972874
0.911367
0.029673
0.943145
0.912686
0.698319
0.512365
0.473844
0.715745
0.665068
0.958865
0.657628
0.71701
0.920479
0.402813
0.275444
0.492961
0.798409
0.415621
0.81144
0.248501
0.955173
0.566084
0.308793
0.800777
0.894252
0.797714
0.901206
0.450412
0.196081
0.467383
0.746708
0.340328
0.266818
0.166997
0.693149
0.685374
0.732214
0.784026
0.820014
0.398721
0.933544
0.6083
0.607627
0.900605
0.601961
0.423652
0.079246
0.263568
0.796401
0.80478
0.071658
0.057083
0.957108
0.249215
0.438352
0.73206
0.093888
0.520803
0.602343
0.697415
0.610084
0.105614
0.698512
0.644495
0.832785
0.073991
0.613264
0.504221
0.821862
0.63926
0.500147
0.011598
0.802561
0.18518
0.995626
0.958082
0.389559
0.890438
0.710518
0.525095
0.213724
0.106966
0.954867
0.649079
0.41967
0.806164
0.314519
0.401763
0.555863
0.594314
0.440631
0.979287
0.789177
0.881524
0.583105
0.888513
0.517288
0.1612
0.496733
0.28966
0.386244
0.171987
0.294021
0.330834
0.067426
0.288331
0.777434
0.228106
0.135021
0.34637
0.106166
0.652263
0.718198
0.858303
0.106847
0.067018
0.372848
0.05442
0.659812
0.352512
0.062568
0.952555
0.692438
0.447859
0.278025
0.756886
0.75478
0.663405
0.549884
0.198658
0.637548
0.523165
0.371864
0.314173
0.284152
0.168334
0.3087
0.748034
0.252871
0.685578
0.239274
0.84434
0.397025
0.145014
0.238569
0.661667
0.488467
0.828926
0.233689
0.907628
0.854717
0.352832
0.528652
0.140287
0.975299
0.123351
0.029351
0.153818
0.679234
0.267505
0.971258
0.618197
0.655034
0.365596
0.365411
0.342486
0.105785
0.767588
0.918501
0.933561
0.547497
0.218933
0.612989
0.355288
0.89699
0.723409
0.473425
0.40952
0.752392
0.341167
0.513233
0.306789
0.015762
0.447909
0.496042
0.481199
0.212442
0.201686
0.792583
0.420499
0.451885
0.699395
0.160156
0.179661
0.468036
0.673611
0.990994
0.730929
0.434562
0.346164
0.020441
0.715337
0.262478
0.071713
0.015483
0.648775
0.39366
0.018638
0.920279
0.923682
0.297502
0.027902
0.674056
0.324749
0.648513
0.760868
0.420053
0.989143
0.41668
0.021281
0.331502
0.583389
0.856677
0.836697
0.529714
0.651889
0.833666
0.229934
0.925233
0.980537
0.243233
0.337188
0.817057
0.815807
0.797976
0.589914
0.746818
0.299632
0.138943
0.008063
0.652439
0.050579
0.731144
0.670323
0.361283
0.280698
0.912559
0.483622
0.800805
0.423512
0.115897
0.023482
0.145568
0.011405
0.684302
0.183371
0.471057
0.773349
0.057194
0.74181
0.62732
0.798263
0.682615
0.010245
0.556036
0.619304
0.208347
0.913176
0.402034
0.674275
0.911787
0.676277
0.1379
0.639812
0.615443
0.25599
0.045464
0.240437
0.055969
0.954454
0.376979
0.558748
0.300972
0.385752
0.858612
0.693954
0.890443
0.85539
0.426249
0.906134
0.30242
0.953075
0.845078
0.53033
0.280964
0.756869
0.931883
0.430168
0.823519
0.507979
0.027664
0.590091
0.454581
0.554949
0.442382
0.337791
0.603755
0.814588
0.546054
0.647778
0.714719
0.897384
0.855722
0.872598
0.176867
0.722768
0.234876
0.015672
0.306901
0.611805
0.585323
0.487204
0.362074
0.63274
0.877256
0.516096
0.170087
0.861165
0.917664
0.654762
0.385717
0.793428
0.17784
0.804441
0.986641
0.217312
0.846488
0.674169
0.315602
0.83295
0.486052
0.161505
0.727028
0.143279
0.16485
0.926262
0.225183
0.065023
0.669138
0.021958
0.841668
0.057029
0.344083
0.686012
0.31408
0.095825
0.474663
0.17671
0.278772
0.517619
0.147648
0.053523
0.234493
0.880124
0.690241
0.287446
0.959244
0.269659
0.967975
0.352814
0.074198
0.987423
0.200988
0.893303
0.066732
0.867078
0.465887
0.822435
0.030163
0.752115
0.308106
0.911406
0.873025
0.720108
0.921982
0.642225
0.223982
0.366157
0.215778
0.628979
0.6903
0.850451
0.734976
0.20517
0.113445
0.600912
0.104005
0.240283
0.477245
0.969518
0.974838
0.076015
0.929233
0.039032
0.618619
0.051837
0.309702
0.193265
0.077319
0.126395
0.501774
0.003367
0.131863
0.657328
0.166032
0.912141
0.527475
0.016963
0.651206
0.183849
0.18385
0.718215
0.268157
0.17068
0.667272
0.046733
0.326451
0.48878
0.288577
0.182429
0.124141
0.52411
0.96941
0.640158
0.78014
0.813918
0.958009
0.862744
0.78043
0.492864
0.838161
0.6913
0.191516
0.164663
0.641431
0.521882
0.017419
0.08903
0.718283
0.208197
0.959089
0.040916
0.989714
0.848004
0.194541
0.467836
0.949173
0.725299
0.783072
0.028607
0.360641
0.774498
0.418256
0.231629
0.647768
0.09493
0.686228
0.164428
0.672289
0.540632
0.602478
0.313768
0.35626
0.239133
0.679979
0.667791
0.477792
0.908612
0.705599
0.961348
0.58559
0.811363
0.182482
0.993248
0.758126
0.713467
0.460168
0.761351
0.787636
0.498684
0.067316
0.193941
0.333698
0.604283
0.567702
0.119657
0.856051
0.808947
0.081203
0.384989
0.605803
0.562643
0.2466
0.013159
0.322913
0.764448
0.898643
0.441384
0.116891
0.50909
0.241314
0.100184
0.015703
0.817123
0.518489
0.688923
0.468974
0.227807
0.351252
0.838583
0.124475
0.233916
0.999864
0.384042
0.69952
0.200188
0.551635
0.482326
0.806985
0.740797
0.863889
0.851752
0.490853
0.904889
0.664311
0.905687
0.970577
0.098345
0.408667
0.737481
0.995451
0.352077
0.020502
0.929981
0.696736
0.546224
0.123305
0.165482
0.124225
0.300383
0.752446
0.695759
0.934922
0.787516
0.611952
0.388186
0.726016
0.35995
0.381283
0.694913
0.477063
0.112238
0.999646
0.235326
0.981176
0.893426
0.097379
0.366636
0.492237
0.382575
0.509527
0.733172
0.616089
0.680153
0.567226
0.381903
0.212742
0.236901
0.128871
0.527708
0.352902
0.04442
0.534359
0.572275
0.6932
0.43994
0.512025
0.730557
0.450439
0.140964
0.26176
0.925515
0.821179
0.395892
0.2509
0.408694
0.197761
0.093097
0.334773
0.615979
0.063216
0.615077
0.121627
0.580786
0.976719
0.071802
0.749027
0.657004
0.64507
0.439468
0.786976
0.30262
0.703439
0.422612
0.021946
0.895401
0.953855
0.555506
0.649924
0.563193
0.075301
0.851578
0.127348
0.127195
0.628413
0.557066
0.080842
0.341452
0.970936
0.364536
0.751951
0.226789
0.520635
0.59086
0.87481
0.369684
0.226965
0.321573
0.614157
0.392681
0.453728
0.79894
0.813155
0.862016
0.527118
0.605503
0.438162
0.740789
0.82417
0.494781
0.441862
0.646425
0.716175
0.05008
0.552963
0.126926
0.49971
0.485168
0.633758
0.28041
0.848423
0.961269
0.52688
0.325956
0.161039
0.405997
0.364641
0.093049
0.441123
0.506399
0.792724
0.303277
0.957455
0.155575
0.342859
0.466593
0.03576
0.26408
0.062018
0.638893
0.364733
0.977899
0.754639
0.877923
0.188759
0.731679
0.145038
0.599377
0.99893
0.285986
0.474627
0.120644
0.523569
0.295024
0.402549
0.599476
0.335652
0.605695
0.804178
0.609103
0.841611
0.156226
0.894626
0.754654
0.251967
0.611061
0.320373
0.749232
0.106701
0.723585
0.961442
0.624691
0.408131
0.607124
0.855173
0.980177
0.409565
0.661849
0.11235
0.333529
0.564893
0.160998
0.911307
0.570345
0.797462
0.119008
0.681055
0.424269
0.899651
0.05626
0.611722
0.983573
0.412747
0.833547
0.591473
0.586129
0.661771
0.502283
0.000323
0.641807
0.854449
0.896204
0.174527
0.138439
0.032886
0.20761
0.666206
0.735681
0.806202
0.609727
0.444049
0.539207
0.264733
0.707912
0.029433
0.800648
0.955396
0.73396
0.542333
0.971772
0.68713
0.947431
0.110217
0.485035
0.335362
0.748235
0.63736
0.497731
0.243022
0.832605
0.834122
0.682516
0.850687
0.633814
0.674766
0.856966
0.624293
0.250385
0.931189
0.531521
0.482436
0.619573
0.577326
0.351117
0.646763
0.829792
0.664493
0.422938
0.448263
0.617706
0.504921
0.4228
0.41481
0.944315
0.572711
0.724641
0.680874
0.867942
0.518436
0.034417
0.904206
0.341571
0.93156
0.439905
0.043563
0.959841
0.638262
0.740354
0.125795
0.376187
0.592531
0.489873
0.008316
0.837027
0.411055
0.711858
0.012725
0.808622
0.891242
0.96163
0.787965
0.939671
0.406272
0.503592
0.270622
0.80181
0.782683
0.508003
0.376313
0.794714
0.288953
0.922322
0.308195
0.52097
0.682026
0.645004
0.944564
0.827558
0.483391
0.384473
0.890911
0.986226
0.316312
0.555428
0.40492
0.911438
0.166781
0.833119
0.611734
0.33886
0.239845
0.430032
0.024317
0.493106
0.534975
0.721839
0.766738
0.708897
0.016555
0.142386
0.11219
0.30196
0.33007
0.462739
0.432808
0.168633
0.951066
0.331087
0.056683
0.803225
0.36451
0.984089
0.62963
0.387758
0.033787
0.946326
0.54445
0.819551
0.143261
0.0064
0.846186
0.408707
0.253936
0.489051
0.732775
0.469546
0.891159
0.545189
0.466565
0.701001
0.190468
0.789628
0.986482
0.456397
0.35441
0.893056
0.280606
0.352705
0.993336
0.516001
0.362283
0.408144
0.011282
0.826721
0.016545
0.467539
0.44466
0.229913
0.772266
0.775117
0.776671
0.601553
0.887246
0.462454
0.209813
0.699791
0.41795
0.192367
0.374527
0.078545
0.097999
0.653427
0.54971
0.269172
0.562016
0.527818
0.839224
0.867454
0.453444
0.944023
0.418669
0.745553
0.068939
0.61531
0.386812
0.148051
0.995598
0.627709
0.431468
0.916196
0.6366
0.041706
0.37419
0.276036
0.578815
0.441809
0.453964
0.287522
0.647216
0.676191
0.079776
0.314541
0.509146
0.62079
0.253569
0.477112
0.033423
0.561689
0.334681
0.601645
0.057704
0.338943
0.16334
0.973112
0.646652
0.16237
0.09064
0.130283
0.068719
0.514688
0.094465
0.421379
0.978436
0.363013
0.532585
0.662265
0.379677
0.767611
0.680232
0.151804
0.883481
0.717779
0.487554
0.367046
0.139928
0.23457
0.384388
0.049108
0.002517
0.92397
0.471215
0.698264
0.07999
0.712416
0.836583
0.290756
0.107561
0.986787
0.58744
0.822984
0.962642
0.031573
0.703008
0.84701
0.432871
0.496268
0.76356
0.829779
0.459267
0.265065
0.864749
0.940591
0.932249
0.15024
0.374217
0.654605
0.873942
0.729305
0.60377
0.779342
0.306933
0.466915
0.891224
0.228514
0.606838
0.851347
0.44562
0.733405
0.906785
0.247043
0.159962
0.128349
0.186326
0.528334
0.179222
0.752025
0.01754
0.064162
0.262394
0.270251
0.919401
0.621245
0.352013
0.386032
0.523193
0.804132
0.35654
0.706491
0.069569
0.106574
0.062956
0.737222
0.605806
0.903428
0.787455
0.859317
0.167657
0.893283
0.586051
0.614708
0.73743
0.433413
0.912078
0.584526
0.455248
0.093594
0.112528
0.932897
0.075346
0.59388
0.346028
0.824016
0.163655
0.015004
0.32141
0.274877
0.960255
0.149058
0.417019
0.565631
0.27375
0.715472
0.801507
0.901372
0.436669
0.714358
0.790796
0.520003
0.461758
0.807472
0.972607
0.170809
0.532868
0.828938
0.323776
0.07226
0.786579
0.804321
0.019686
0.347766
0.240363
0.055032
0.974228
0.200542
0.479801
0.323031
0.201064
0.201275
0.698732
0.422937
0.100418
0.154516
0.64284
0.526939
0.56738
0.738456
0.428851
0.610331
0.139627
0.725266
0.100237
0.412936
0.821994
0.493778
0.78003
0.970182
0.169137
0.992648
0.327386
0.515414
0.486974
0.007716
0.701449
0.237161
0.742081
0.202581
0.698299
0.29315
0.607918
0.709956
0.656222
0.165256
0.695538
0.735609
0.276578
0.166844
0.078173
0.543639
0.943355
0.543727
0.206841
0.843921
0.253964
0.683141
0.44946
0.347475
0.499742
0.052014
0.537747
0.200662
0.56225
0.614946
0.894972
0.291097
0.731201
0.274626
0.082176
0.870601
0.723343
0.392842
0.212781
0.274147
0.940675
0.87988
0.150716
0.281179
0.31352
0.790514
0.260216
0.8525
0.878406
0.744735
0.045389
0.544857
0.99172
0.441708
0.882911
0.905802
0.369775
0.714049
0.137885
0.112968
0.813869
0.343772
0.34421
0.301002
0.770487
0.221214
0.319757
0.265067
0.118639
0.747238
0.65725
0.219446
0.820854
0.856668
0.760214
0.855105
0.823526
0.609721
0.723228
0.579687
0.251
0.704732
0.815741
0.936385
0.033954
0.409347
0.6002
0.561978
0.55348
0.078626
0.60074
0.62036
0.464909
0.089964
0.792371
0.769023
0.723605
0.027046
0.019346
0.649257
0.004057
0.509096
0.253066
0.921372
0.764671
0.216088
0.326056
0.125219
0.278287
0.410517
0.026731
0.973565
0.828795
0.18777
0.894902
0.792071
0.950886
0.073482
0.035541
0.111819
0.798728
0.318143
0.465076
0.281249
0.915352
0.768112
0.468231
0.075059
0.636746
0.272241
0.445289
0.901396
0.164908
0.503919
0.290953
0.827303
0.375459
0.422047
0.503096
0.206688
0.325155
0.645235
0.434032
0.849203
0.479151
0.477269
0.502432
0.51837
0.126356
0.115455
0.587136
0.156464
0.156387
0.457698
0.602306
0.215465
0.501801
0.340397
0.674095
0.859864
0.422044
0.924553
0.687564
0.96572
0.644698
0.565586
0.322002
0.792218
0.622178
0.360316
0.792781
0.708372
0.715297
0.523395
0.753182
0.344563
0.694209
0.476378
0.070374
0.189551
0.84037
0.468516
0.684758
0.184295
0.747383
0.893441
0.670395
0.561212
0.848151
0.118999
0.922872
0.768557
0.604938
0.492754
0.176349
0.365296
0.314154
0.444581
0.905897
0.879915
0.317063
0.77062
0.746989
0.615921
0.532801
0.518788
0.75866
0.508495
0.209465
0.953539
0.504805
0.92483
0.042649
0.547686
0.98145
0.625959
0.439022
0.182327
0.78894
0.521526
0.242022
0.621145
0.307287
0.207912
0.255692
0.264427
0.619857
0.20824
0.093478
0.403418
0.584632
0.981791
0.695822
0.428063
0.494063
0.347694
0.07964
0.561673
0.651842
0.618476
0.428536
0.21461
0.903311
0.995268
0.172984
0.0432
0.184784
0.896325
0.140779
0.189638
0.427846
0.370944
0.508085
0.500283
0.634872
0.882743
0.180121
0.363113
0.336969
0.977783
0.838433
0.030838
0.975772
0.868247
0.769596
0.964957
0.139321
0.033879
0.467222
0.398099
0.02774
0.479045
0.973921
0.103689
0.491489
0.500731
0.360033
0.153628
0.035255
0.737735
0.184711
0.001567
0.193273
0.710658
0.770828
0.650017
0.698315
0.503132
0.479712
0.657642
0.668567
0.534178
0.350137
0.952291
0.192116
0.955724
0.400425
0.513722
0.051248
0.510142
0.928112
0.247674
0.376183
0.959374
0.470047
0.246969
0.376464
0.651573
0.693371
0.369511
0.608573
0.345023
0.683554
0.096933
0.882431
0.462435
0.524519
0.404228
0.998233
0.33683
0.156627
0.460503
0.479741
0.748856
0.801029
0.525477
0.137233
0.21089
0.941189
0.796427
0.801364
0.371127
0.693527
0.014902
0.95118
0.30986
0.649676
0.190479
0.827229
0.365687
0.580374
0.084658
0.880044
0.424209
0.937941
0.6457
0.770028
0.148517
0.987701
0.47101
0.679166
0.40911
0.423274
0.322512
0.397607
0.802978
0.34999
0.874917
0.772048
0.849391
0.867132
0.000138
0.161663
0.265298
0.748873
0.760261
0.072078
0.036364
0.747919
0.993396
0.84262
0.3904
0.698871
0.085419
0.524951
0.995406
0.381538
0.855976
0.747673
0.895171
0.27523
0.676772
0.612778
0.205649
0.984474
0.223522
0.240539
0.839818
0.182836
0.249154
0.570764
0.395198
0.587791
0.823269
0.480983
0.836247
0.511211
0.317193
0.112274
0.646252
0.918582
0.545412
0.318074
0.862218
0.342223
0.282273
0.672407
0.953976
0.149442
0.523388
0.708777
0.089934
0.060431
0.273131
0.407893
0.733463
0.421843
0.865327
0.68484
0.121248
0.637697
0.063127
0.721574
0.445465
0.75374
0.654568
0.453996
0.454849
0.338219
0.543561
0.381887
0.553192
0.271056
0.017011
0.890185
0.593523
0.486694
0.185523
0.118829
0.685055
0.19723
0.239441
0.047112
0.175101
0.991766
0.467823
0.39869
0.471594
0.521971
0.311572
0.573164
0.140051
0.734949
0.891755
0.929866
0.016975
0.605611
0.502001
0.064829
0.361678
0.926244
0.186014
0.682893
0.449171
0.587301
0.138114
0.320569
0.74289
0.467563
0.901043
0.500174
0.746349
0.934079
0.410478
0.955504
0.24125
0.804219
0.53791
0.727957
0.174332
0.011386
0.653158
0.475396
0.889249
0.582404
0.222061
0.247482
0.698823
0.562843
0.309765
0.16507
0.872779
0.599597
0.956431
0.351725
0.116498
0.851299
0.127355
0.851297
0.296561
0.615735
0.378963
0.701982
0.839517
0.793275
0.945659
0.81019
0.326046
0.818205
0.719265
0.148959
0.371615
0.936573
0.790124
0.547054
0.435068
0.831069
0.074379
0.980052
0.05806
0.018431
0.12069
0.115432
0.717677
0.329618
0.402636
0.52866
0.874972
0.058238
0.954806
0.461287
0.65833
0.126176
0.877234
0.164744
0.018164
0.972014
0.116708
0.811278
0.921822
0.444577
0.087576
0.596812
0.071916
0.580295
0.630307
0.153759
0.934307
0.958934
0.148553
0.948386
0.097309
0.238001
0.577575
0.582363
0.851357
0.894985
0.968946
0.140178
0.544191
0.167624
0.149493
0.479771
0.659515
0.796737
0.275582
0.201202
0.714404
0.548049
0.73754
0.951249
0.550321
0.533731
0.794357
0.644303
0.100283
0.10016
0.867109
0.645721
0.039581
0.159779
0.817358
0.37488
0.457172
0.586663
0.326772
0.983808
0.551576
0.374422
0.487831
0.464566
0.716717
0.306041
0.463031
0.204821
0.511596
0.138058
0.126555
0.490057
0.02778
0.723545
0.74391
0.496179
0.347666
0.458926
0.68413
0.808677
0.849894
0.35551
0.436563
0.324042
0.10848
0.057744
0.605717
0.524048
0.288206
0.659082
0.557098
0.724325
0.950611
0.522058
0.118987
0.576526
0.939529
0.819845
0.730506
0.901092
0.845688
0.508606
0.879133
0.585783
0.130504
0.596951
0.567586
0.978296
0.408008
0.056598
0.170491
0.630912
0.555728
0.177598
0.469082
0.944705
0.633959
0.642708
0.996778
0.656414
0.434652
0.982687
0.73579
0.870659
0.947711
0.637145
0.775105
0.944119
0.083083
0.770344
0.131939
0.034072
0.983403
0.56515
0.505712
0.545435
0.013967
0.7437
0.258972
0.227828
0.021303
0.106108
0.44422
0.194521
0.246379
0.19227
0.124721
0.889811
0.835513
0.053625
0.963498
0.837504
0.018993
0.945197
0.309439
0.591554
0.275182
0.048645
0.681361
0.028945
0.044897
0.365901
0.32778
0.143958
0.738897
0.027872
0.120493
0.549121
0.00713
0.598918
0.682872
0.902484
0.332197
0.757057
0.687709
0.691669
0.470896
0.765888
0.514687
0.459211
0.727471
0.86801
0.222111
0.57342
0.503724
0.708532
0.456271
0.467411
0.550119
0.545006
0.814282
0.701107
0.966709
0.076577
0.003724
0.69956
0.903729
0.981594
0.487969
0.89456
0.638925
0.557223
0.032355
0.136531
0.368074
0.97146
0.001297
0.703264
0.648756
0.132867
0.36251
0.625901
0.276483
0.332807
0.100793
0.868686
0.961982
0.953645
0.425123
0.596531
0.789857
0.098729
0.910929
0.319188
0.64694
0.392533
0.196506
0.754278
0.674157
0.993612
0.570082
0.034793
0.983059
0.750179
0.467614
0.556684
0.966964
0.70524
0.535989
0.788498
0.232502
0.489888
0.483499
0.313014
0.084316
0.457416
0.558342
0.107896
0.045844
0.743843
0.250064
0.773951
0.883104
0.095319
0.64563
0.072502
0.457583
0.863741
0.745206
0.9792
0.14568
0.341868
0.996407
0.34508
0.62331
0.400431
0.784939
0.489303
0.299308
0.303865
0.531684
0.854093
0.271539
0.513524
0.501755
0.315581
0.095711
0.854646
0.71662
0.554158
0.998853
0.268292
0.98446
0.686923
0.471046
0.375518
0.009207
0.460525
0.229443
0.454631
0.238462
0.069287
0.461153
0.719387
0.331887
0.300229
0.659419
0.261757
0.550845
0.793998
0.117035
0.722144
0.731519
0.938429
0.82821
0.566504
0.048994
0.01984
0.680395
0.170911
0.757943
0.655817
0.649983
0.175935
0.113249
0.433223
0.35376
0.625007
0.887567
0.592325
0.741962
0.744123
0.50971
0.627249
0.167819
0.098008
0.354779
0.388081
0.566091
0.259569
0.358864
0.067548
0.030369
0.416749
0.755168
0.980717
0.795539
0.09098
0.83348
0.392684
0.117874
0.253915
0.960131
0.317324
0.603238
0.908525
0.088382
0.025785
0.985142
0.310393
0.815004
0.208665
0.883315
0.145222
0.229009
0.792043
0.865846
0.69888
0.218978
0.881799
0.099885
0.34296
0.57731
0.773815
0.663525
0.894384
0.761814
0.840528
0.568602
0.654619
0.093891
0.339006
0.027612
0.98515
0.622873
0.15881
0.25615
0.729881
0.669048
0.900931
0.840761
0.489387
0.706722
0.22665
0.637176
0.843291
0.234491
0.607289
0.568828
0.45157
0.610808
0.529504
0.497624
0.488727
0.436022
0.108891
0.951059
0.618798
0.235374
0.724339
0.643524
0.6411
0.233867
0.847523
0.21249
0.907224
0.940464
0.650014
0.914214
0.188032
0.132135
0.87956
0.579104
0.012593
0.035397
0.112238
0.776461
0.180977
0.36404
0.704322
0.067377
0.254654
0.485143
0.536085
0.106334
0.398738
0.94582
0.526223
0.942018
0.233082
0.452729
0.206695
0.069788
0.129629
0.847458
0.622162
0.854316
0.027227
0.045869
0.314367
0.310832
0.228405
0.659718
0.901347
0.379261
0.99856
0.438905
0.286791
0.065125
0.088981
0.91546
0.020772
0.465647
0.607704
0.177433
0.198248
0.290431
0.789734
0.236799
0.354548
0.195202
0.198087
0.781291
0.940037
0.231662
0.234576
0.103916
0.761723
0.884002
0.85649
0.044734
0.273946
0.247829
0.989277
0.69911
0.847811
0.977577
0.771735
0.09134
0.748802
0.959621
0.710368
0.111531
0.998494
0.739275
0.559829
0.700542
0.882612
0.932455
0.42273
0.335908
0.770553
0.537577
0.145598
0.227142
0.354181
0.373784
0.963997
0.559238
0.566463
0.828025
0.717756
0.869301
0.513849
0.440514
0.114775
0.267928
0.152426
0.61473
0.735914
0.126242
0.312797
0.202561
0.802784
0.87371
0.132045
0.139457
0.504652
0.526489
0.994269
0.769448
0.105845
0.624266
0.669793
0.361624
0.856168
0.427526
0.641205
0.26715
0.049531
0.030385
0.744995
0.505369
0.220042
0.233034
0.040898
0.652509
0.562874
0.179563
0.999636
0.942897
0.63473
0.172216
0.623513
0.377627
0.982998
0.750514
0.089289
0.676429
0.743607
0.067031
0.125213
0.496033
0.755527
0.235087
0.822299
0.327356
0.738906
0.060155
0.476126
0.892333
0.133447
0.721167
0.282093
0.201042
0.834702
0.516697
0.678645
0.549351
0.170067
0.496477
0.16543
0.227805
0.42223
0.536621
0.275792
0.913331
0.903768
0.247562
0.738293
0.558955
0.985755
0.707092
0.796236
0.059506
0.912718
0.192453
0.873913
0.544797
0.479691
0.257647
0.196922
0.815306
0.375351
0.312455
0.118513
0.404545
0.444905
0.327469
0.389419
0.62552
0.520391
0.906854
0.339256
0.464026
0.28089
0.150731
0.822516
0.204211
0.169325
0.800911
0.432914
0.677079
0.141056
0.766491
0.453458
0.147795
0.112121
0.819438
0.246547
0.752555
0.095946
0.152738
0.01025
0.98947
0.767095
0.274445
0.710115
0.320459
0.525826
0.349797
0.386905
0.836703
0.08758
0.160011
0.209624
0.076961
0.332982
0.998932
0.785537
0.106503
0.847626
0.566826
0.861973
0.249175
0.959258
0.057287
0.644408
0.162511
0.992609
0.69203
0.71749
0.398981
0.54264
0.933426
0.491614
0.395612
0.192731
0.848332
0.211145
0.246416
0.634971
0.814455
0.67876
0.823669
0.352288
0.396023
0.602889
0.589084
0.292134
0.474913
0.810576
0.42194
0.782388
0.364515
0.500657
0.803368
0.110346
0.530703
0.831182
0.883966
0.010236
0.802808
0.347026
0.884715
0.375844
0.68009
0.634404
0.361003
0.082227
0.76689
0.466642
0.125645
0.831991
0.792222
0.13388
0.403829
0.518805
0.397349
0.036988
0.439093
0.814027
0.338692
0.778093
0.291254
0.155166
0.06945
0.148134
0.765468
0.61819
0.403498
0.95018
0.76215
0.432768
0.866693
0.922514
0.724878
0.939877
0.247022
0.460426
0.307901
0.474074
0.98327
0.166752
0.195527
0.225935
0.139182
0.146227
0.971737
0.346314
0.12872
0.9061
0.178332
0.555577
0.808699
0.890684
0.824866
0.279485
0.098999
0.335198
0.615635
0.651035
0.822081
0.117923
0.972949
0.701016
0.203541
0.321512
0.185726
0.885075
0.823984
0.232238
0.500749
0.432311
0.323262
0.923997
0.391512
0.014204
0.134816
0.890555
0.886102
0.528651
0.377234
0.048655
0.778703
0.78197
0.076667
0.736981
0.969204
0.714024
0.029244
0.899563
0.382099
0.351585
0.556785
0.533257
0.655626
0.416915
0.573846
0.63388
0.187294
0.042867
0.6266
0.189141
0.403186
0.397367
0.295344
0.819655
0.057075
0.455676
0.549308
0.277239
0.955164
0.859386
0.865913
0.87408
0.23252
0.400173
0.80237
0.021302
0.668443
0.314509
0.225967
0.10602
0.681369
0.17334
0.902594
0.932547
0.153764
0.699078
0.786333
0.034046
0.221744
0.536903
0.50337
0.50768
0.824143
0.424487
0.168473
0.343353
0.064006
0.48213
0.955831
0.805028
0.924246
0.584838
0.807391
0.507397
0.975085
0.185074
0.63379
0.267862
0.094919
0.779181
0.409542
0.838019
0.057058
0.504668
0.913956
0.460395
0.665839
0.124873
0.494253
0.145361
0.654912
0.656075
0.846498
0.779069
0.67019
0.632
0.424549
0.223528
0.617403
0.365066
0.040835
0.546434
0.181817
0.83178
0.666488
0.088992
0.084441
0.73681
0.549154
0.866589
0.336128
0.712316
0.145198
0.677418
0.076065
0.756629
0.761014
0.510095
0.112593
0.548088
0.241362
0.026651
0.033005
0.193667
0.109646
0.391939
0.161317
0.948114
0.853755
0.041585
0.286182
0.320023
0.182076
0.73513
0.538305
0.547217
0.910505
0.638503
0.156194
0.632057
0.942033
0.717485
0.025334
0.477895
0.050536
0.568345
0.486491
0.798583
0.894696
0.931629
0.628135
0.837938
0.378188
0.553883
0.250582
0.908433
0.242878
0.294754
0.908605
0.154762
0.779026
0.789483
0.272899
0.263576
0.060599
0.832456
0.799924
0.993855
0.911428
0.520243
0.929634
0.844677
0.831045
0.677605
0.164424
0.964181
0.988991
0.991082
0.23823
0.856721
0.759739
0.234235
0.621528
0.327741
0.681571
0.375382
0.526048
0.103032
0.17441
0.667054
0.483277
0.212414
0.951246
0.529061
0.118938
0.651462
0.920063
0.264702
0.289936
0.226543
0.88206
0.713706
0.874289
0.549859
0.743423
0.504852
0.50839
0.471736
0.841153
0.977033
0.709554
0.291038
0.508524
0.456733
0.114447
0.249123
0.403977
0.830482
0.54206
0.54639
0.369658
0.278846
0.371851
0.340916
0.274122
0.63218
0.076882
0.792704
0.14166
0.083823
0.702667
0.713066
0.062221
0.373864
0.8558
0.721219
0.954271
0.830055
0.644565
0.068441
0.273857
0.253012
0.718021
0.834829
0.849779
0.949957
0.153347
0.250995
0.048103
0.228542
0.587833
0.298932
0.055854
0.641431
0.692415
0.025746
0.098473
0.107607
0.864147
0.279491
0.594373
0.821259
0.045924
0.904205
0.690686
0.057315
0.517361
0.25932
0.191476
0.883446
0.824227
0.155372
0.48208
0.974266
0.085363
0.215282
0.497937
0.190031
0.846225
0.469679
0.55979
0.93827
0.355068
0.636227
0.808443
0.370665
0.238432
0.915233
0.739553
0.792534
0.058259
0.903483
0.84199
0.441075
0.518195
0.689503
0.462129
0.711414
0.774913
0.55241
0.136082
0.755384
0.649958
0.006865
0.378378
0.376843
0.535278
0.771015
0.139264
0.004928
0.034148
0.016487
0.391779
0.474222
0.5339
0.109788
0.960352
0.246339
0.915663
0.957876
0.847364
0.763971
0.883536
0.784012
0.846272
0.510733
0.674617
0.882125
0.477238
0.317008
0.6808
0.813603
0.283404
0.668214
0.080343
0.775461
0.110194
0.177261
0.798938
0.795409
0.294443
0.317514
0.459581
0.693546
0.239848
0.468948
0.582806
0.166237
0.561836
0.950086
0.316007
0.127172
0.530433
0.644621
0.934221
0.48094
0.603943
0.579683
0.803385
0.648954
0.718
0.094467
0.559158
0.67446
0.144423
0.325463
0.670163
0.546834
0.13186
0.249516
0.599358
0.132651
0.119165
0.713081
0.84916
0.127957
0.712336
0.040474
0.762004
0.167872
0.712877
0.229651
0.639969
0.540755
0.990436
0.147449
0.268381
0.67122
0.245158
0.706336
0.364954
0.861029
0.196009
0.765539
0.737839
0.28141
0.305273
0.994954
0.449273
0.053405
0.696246
0.163357
0.192419
0.807068
0.884015
0.065349
0.425604
0.234707
0.718166
0.095443
0.180808
0.761084
0.190367
0.723321
0.86955
0.51998
0.130693
0.353264
0.745693
0.273488
0.348612
0.49908
0.686469
0.596947
0.414434
0.621533
0.810111
0.992015
0.842287
0.734879
0.237791
0.152757
0.827519
0.047473
0.406965
0.600336
0.443317
0.353438
0.803161
0.757315
0.968856
0.47851
0.94157
0.541296
0.591277
0.038926
0.51276
0.063502
0.691779
0.730385
0.498667
0.19574
0.400324
0.364992
0.529788
0.540613
0.229077
0.69878
0.935715
0.017062
0.63416
0.460959
0.77612
0.19734
0.770352
0.747642
0.297602
0.422419
0.420909
0.011373
0.878274
0.482374
0.271449
0.093871
0.398513
0.701642
0.88701
0.457111
0.823918
0.400846
0.773947
0.48938
0.462103
0.628972
0.755876
0.072714
0.666394
0.344812
0.79732
0.092135
0.850103
0.221665
0.15233
0.32715
0.956076
0.271676
0.002746
0.715915
0.425663
0.429719
0.450323
0.389478
0.019311
0.1071
0.049382
0.517038
0.553704
0.521109
0.035213
0.631753
0.226288
0.210551
0.912144
0.384304
0.967393
0.415794
0.153517
0.862601
0.64489
0.991918
0.556276
0.351638
0.823865
0.211227
0.00988
0.624623
0.330757
0.133573
0.258584
0.642364
0.768933
0.274371
0.213438
0.007628
0.948919
0.457884
0.849563
0.912865
0.109894
0.906231
0.566353
0.869441
0.400413
0.48056
0.790922
0.413259
0.039302
0.997086
0.460249
0.168048
0.064137
0.941714
0.185114
0.048862
0.026377
0.228493
0.786675
0.963834
0.151937
0.377313
0.856608
0.491698
0.767804
0.434554
0.485761
0.075342
0.468424
0.191983
0.025914
0.512661
0.537453
0.300415
0.906308
0.396808
0.718444
0.34513
0.878053
0.969106
0.542337
0.780095
0.310746
0.15176
0.992285
0.495931
0.842692
0.744915
0.339839
0.112333
0.542376
0.369831
0.754919
0.499474
0.978449
0.195006
0.149369
0.475201
0.500102
0.100045
0.029289
0.116192
0.884532
0.31802
0.976378
0.725633
0.688811
0.968948
0.059898
0.295445
0.423401
0.640022
0.045395
0.140911
0.024349
0.102002
0.388051
0.190979
0.539602
0.265673
0.174118
0.40591
0.082577
0.176435
0.279804
0.262498
0.295578
0.407242
0.656466