1024 1
0
618
1
110
2
271
3
683
4
464
5
255
6
899
7
813
8
1013
9
146
10
596
11
269
12
340
13
972
14
700
15
719
16
116
17
328
18
145
19
542
20
119
21
655
22
431
23
45
24
559
25
622
26
839
27
870
28
912
29
749
30
417
31
555
32
49
33
851
34
439
35
298
36
713
37
767
38
615
39
964
40
958
41
767
42
688
43
298
44
876
45
197
46
940
47
387
48
868
49
873
50
856
51
860
52
381
53
196
54
785
55
177
56
943
57
315
58
260
59
61
60
971
61
449
36
62
63
623
64
974
65
451
66
285
67
965
68
714
69
680
70
712
71
363
72
363
73
981
74
179
75
417
76
190
77
982
78
724
79
354
80
882
81
239
82
703
83
529
84
1018
85
713
86
122
87
301
88
950
75
89
90
668
91
398
92
235
30
93
94
628
95
246
96
680
97
1003
31
98
99
835
88
100
101
514
102
761
103
559
104
889
105
835
106
618
107
202
108
928
109
201
110
586
111
765
112
449
113
680
4
114
115
398
116
444
117
241
118
354
119
543
120
813
121
902
122
325
123
357
5
124
125
334
126
857
127
609
128
140
129
846
130
352
131
727
132
943
133
210
134
902
135
564
136
746
137
588
65
138
139
812
140
1002
141
601
142
497
143
800
64
144
145
794
89
146
13
147
148
256
149
858
150
799
151
276
152
554
153
362
154
543
155
472
156
643
157
389
158
203
159
899
160
435
77
161
98
162
163
517
127
164
165
244
97
166
167
429
168
443
169
265
170
261
171
805
172
326
173
583
37
174
175
525
176
643
177
898
178
398
179
270
121
180
181
866
80
182
88
183
184
413
185
577
186
971
187
552
188
381
189
272
190
781
191
311
54
192
193
1020
194
245
147
195
72
196
197
744
198
695
199
650
200
866
201
384
202
826
203
408
204
417
205
280
206
604
207
485
208
609
177
209
126
210
211
942
212
299
213
735
214
365
168
215
216
958
106
217
218
445
176
219
220
805
221
523
222
657
223
537
224
512
225
233
226
1016
227
643
228
465
204
229
230
366
231
800
232
516
233
718
234
236
235
913
140
236
237
710
238
303
239
437
240
448
241
656
242
269
243
675
244
320
245
859
246
584
247
285
248
661
47
249
140
250
174
251
252
802
253
337
254
337
255
945
256
679
59
257
258
426
240
259
253
260
261
634
262
941
263
431
264
280
265
379
266
382
267
552
268
322
269
994
270
985
52
271
239
272
273
537
274
568
275
904
276
290
277
560
121
278
279
483
280
850
281
739
282
755
283
386
284
790
12
285
79
286
287
481
288
629
289
668
290
967
72
291
292
458
262
293
294
341
295
875
73
296
124
297
298
347
102
299
98
300
301
760
302
909
155
303
108
304
305
482
56
306
307
789
308
566
220
309
310
948
311
413
312
454
190
313
6
314
122
315
316
375
317
620
77
318
319
522
320
382
55
321
322
529
323
521
324
342
325
684
326
843
247
327
328
379
144
329
104
330
331
767
332
846
333
654
334
435
335
530
336
833
337
636
245
338
339
389
250
340
341
870
342
427
343
560
344
525
297
345
27
346
42
347
348
838
349
547
350
649
351
617
352
620
353
609
32
354
204
355
214
356
357
852
195
358
359
691
360
853
361
626
362
729
363
753
323
364
365
617
320
366
367
796
306
368
369
469
370
458
371
890
372
418
373
602
374
674
375
433
376
831
377
713
378
727
379
719
342
380
381
687
382
425
383
603
384
598
385
672
386
391
260
387
388
430
211
389
390
486
391
744
392
800
393
422
394
938
302
395
396
535
397
669
398
869
192
399
400
915
401
974
402
995
403
539
86
404
405
898
27
406
407
499
102
408
409
981
410
752
411
872
61
412
413
766
414
644
161
415
325
416
233
417
249
418
419
450
420
965
421
453
422
476
423
462
424
973
425
578
426
744
427
744
49
428
429
779
304
430
21
431
114
432
344
433
65
434
435
704
400
436
437
521
198
438
238
439
440
810
428
441
442
605
443
862
444
862
445
525
238
446
447
983
448
560
216
449
450
620
451
710
452
607
168
453
454
760
455
810
112
456
457
955
141
458
459
880
460
640
461
637
462
1006
463
732
433
464
465
823
90
466
467
827
241
468
469
705
243
470
90
471
472
618
158
473
377
474
362
475
222
476
440
477
478
507
401
479
480
965
17
481
419
482
483
495
398
484
485
855
486
669
389
487
383
488
489
700
490
993
491
658
492
842
493
793
494
535
1
495
298
496
106
497
483
498
74
499
459
500
501
942
217
502
503
772
504
627
412
505
291
506
466
507
61
508
152
509
496
510
511
707
512
943
513
905
100
514
515
874
432
516
395
517
82
518
519
538
361
520
494
521
357
522
523
565
156
524
525
900
46
526
527
690
152
528
449
529
135
530
531
586
181
532
533
534
534
646
535
549
180
536
537
715
165
538
53
539
524
540
3
541
168
542
543
627
544
788
18
545
546
720
383
547
548
913
549
890
550
976
551
792
552
802
310
553
437
554
21
555
132
556
557
681
558
565
481
559
261
560
561
857
562
611
113
563
198
564
565
781
406
566
236
567
568
845
569
861
279
570
468
571
130
572
573
753
574
1003
575
940
514
576
577
586
170
578
239
579
234
580
581
638
582
700
458
583
384
584
562
585
586
1008
587
858
588
859
450
589
590
758
276
591
261
592
438
593
594
809
595
715
383
596
597
700
180
598
496
599
600
610
601
976
602
830
475
603
604
788
605
778
606
970
62
607
608
835
323
609
393
610
271
611
399
612
425
613
614
821
615
848
84
616
617
888
204
618
619
1009
384
620
621
768
346
622
97
623
33
624
625
655
116
626
627
658
628
661
0
629
574
630
264
631
632
704
633
915
634
771
354
635
9
636
637
996
638
690
639
808
82
640
398
641
249
642
643
928
168
644
238
645
88
646
411
647
385
648
649
759
14
650
159
651
652
683
304
653
159
654
533
655
332
656
190
657
607
658
527
659
102
660
661
849
491
662
374
663
664
830
665
894
384
666
400
667
74
668
266
669
670
711
529
671
192
672
136
673
210
674
675
897
473
676
645
677
496
678
592
679
680
965
510
681
682
733
661
683
684
750
685
793
218
686
194
687
72
688
286
689
548
690
567
691
288
692
693
786
694
834
695
769
696
936
655
697
698
876
345
699
291
700
424
701
211
702
277
703
425
704
75
705
706
819
416
707
326
708
381
709
399
710
375
711
319
712
480
713
464
714
446
715
354
716
717
904
241
718
6
719
720
982
721
842
586
722
426
723
291
724
725
943
726
789
14
727
708
728
729
1018
149
730
303
731
232
732
733
847
208
734
735
809
736
1023
427
737
696
738
647
739
324
740
646
741
742
903
99
743
339
744
50
745
672
746
319
747
733
748
607
749
534
750
751
754
555
752
343
753
380
754
755
943
756
762
757
988
213
758
111
759
134
760
451
761
411
762
478
763
660
764
765
954
319
766
661
767
768
995
320
769
61
770
757
771
19
772
515
773
691
774
406
775
748
776
41
777
44
778
779
808
132
780
147
781
782
924
166
783
113
784
744
785
680
786
329
787
693
788
419
789
9
790
791
868
301
792
793
889
77
794
65
795
796
874
152
797
512
798
799
1011
54
800
801
814
802
850
424
803
468
804
805
933
660
806
807
901
798
808
785
809
281
810
81
811
46
812
784
813
725
814
815
894
816
872
795
817
548
818
673
819
820
996
50
821
243
822
576
823
824
851
366
825
221
826
641
827
408
828
243
829
609
830
73
831
763
832
622
833
426
834
835
859
85
836
837
856
177
838
325
839
831
840
841
930
203
842
843
1013
715
844
112
845
846
960
657
847
5
848
849
903
850
876
64
851
542
852
853
1023
215
854
130
855
248
856
343
857
119
858
122
859
720
860
233
861
492
862
20
863
805
864
188
865
866
910
265
867
254
868
831
869
283
870
602
871
733
872
873
957
375
874
53
875
784
876
9
877
348
878
387
879
593
880
100
881
582
882
339
883
96
884
235
885
286
886
864
887
569
888
888
889
198
890
891
965
863
892
321
893
246
894
160
895
547
896
508
897
119
898
26
899
434
900
859
901
206
902
863
903
709
904
152
905
423
906
784
907
241
908
869
909
686
910
624
911
399
912
481
913
570
914
432
915
290
916
139
917
99
918
895
919
239
920
439
921
760
922
866
923
577
924
66
925
71
926
80
927
583
928
739
929
306
930
229
931
204
932
869
933
1
934
637
935
715
936
15
937
822
938
88
939
648
940
286
941
710
942
154
943
402
944
945
955
587
946
65
947
514
948
155
949
760
950
951
952
247
952
815
953
632
954
193
955
913
956
957
979
431
958
514
959
224
960
737
961
802
962
7
963
626
964
49
965
506
966
491
967
817
968
210
969
463
970
422
971
704
972
616
973
240
974
559
975
939
976
734
977
855
978
652
979
980
999
725
981
929
982
163
983
291
984
231
985
123
986
449
987
988
1005
134
989
548
990
524
991
444
992
805
993
144
994
85
995
250
996
204
997
164
998
368
999
583
1000
489
1001
625
1002
475
1003
624
1004
279
1005
586
1006
122
1007
184
1008
80
1009
483
1010
250
1011
277
1012
114
1013
155
1014
10
1015
99
1016
211
1017
673
1018
140
1019
972
1020
906
1021
671
1022
28
1023
0.084825
0.813924
0.555381
0.589219
0.304785
0.800403
0.769522
0.702383
0.856259
0.296687
0.283568
0.390648
0.948352
0.170474
0.246424
0.373991
0.958806
0.045841
0.120093
0.560517
0.681533
0.417225
0.469198
0.266982
0.808963
0.231053
0.835312
0.448057
0.157376
0.667596
0.717145
0.076287
0.817512
0.461772
0.558166
0.953078
0.662581
0.687532
0.484912
0.194787
0.874413
0.116944
0.61847
0.761114
0.734828
0.644799
0.297421
0.120631
0.304245
0.90661
0.623176
0.191285
0.888112
0.62447
0.521088
0.444192
0.696355
0.424655
0.097396
0.439784
0.737703
0.179128
0.247168
0.40219
0.744434
0.05581
0.531428
0.931087
0.583873
0.393446
0.486484
0.367772
0.177721
0.464452
0.932474
0.043193
0.145179
0.136696
0.716506
0.911484
0.030219
0.745436
0.941817
0.649204
0.444067
0.437562
0.738208
0.673391
0.154378
0.703181
0.850436
0.781101
0.774705
0.928934
0.478396
0.556561
0.188548
0.432519
0.288376
0.985266
0.188318
0.403164
0.971559
0.647276
0.723654
0.121492
0.217848
0.403982
0.235964
0.335901
0.859327
0.948894
0.408105
0.715369
0.768707
0.127199
0.649612
0.326831
0.573207
0.900736
0.651894
0.394132
0.42442
0.806987
0.872625
0.273926
0.211489
0.248551
0.281679
0.706848
0.242259
0.975382
0.592382
0.613285
0.413665
0.935399
0.577542
0.279579
0.13578
0.793044
0.682468
0.222889
0.163803
0.073914
0.487158
0.157964
0.600955
0.70676
0.446022
0.95137
0.626876
0.368723
0.176632
0.238176
0.492326
0.138521
0.615927
0.842945
0.17524
0.076488
0.263295
0.914915
0.026522
0.147059
0.392449
0.380127
0.370665
0.210777
0.326154
0.125116
0.684326
0.065274
0.047347
0.172361
0.0291
0.430064
0.026718
0.013122
0.943064
0.585263
0.382583
0.166578
0.603048
0.368498
0.026782
0.159586
0.996565
0.645399
0.281104
0.757277
0.396104
0.761181
0.971643
0.449488
0.165724
0.240999
0.480005
0.761241
0.123925
0.130226
0.246411
0.903382
0.234815
0.297798
0.291407
0.052683
0.988001
0.069945
0.795093
0.662813
0.470534
0.022067
0.670775
0.532662
0.9255
0.105417
0.810762
0.766435
0.688336
0.261307
0.982824
0.482246
0.902825
0.229174
0.221036
0.593608
0.649082
0.335441
0.690303
0.191356
0.346434
0.243569
0.973394
0.740923
0.860607
0.710606
0.893982
0.002585
0.142614
0.057408
0.418161
0.251012
0.521758
0.612645
0.820858
0.825527
0.956492
0.840792
0.849051
0.171741
0.051412
0.496484
0.078798
0.588713
0.351585
0.158375
0.729194
0.358543
0.259966
0.32846
0.046594
0.069279
0.023571
0.243171
0.5311
0.963272
0.125809
0.188713
0.828518
0.755782
0.472794
0.543069
0.416806
0.981994
0.465408
0.153971
0.635953
0.167765
0.060495
0.402201
0.822309
0.69986
0.358283
0.71484
0.876707
0.531545
0.740748
0.786563
0.851697
0.537084
0.255465
0.138295
0.60835
0.939179
0.564308
0.364911
0.979147
0.077085
0.774209
0.728307
0.555832
0.236112
0.978736
0.767932
0.940835
0.412967
0.084858
0.456361
0.022152
0.73743
0.323973
0.596346
0.228375
0.512281
0.74094
0.627627
0.052905
0.504856
0.513793
0.127932
0.256126
0.25467
0.842392
0.086207
0.438656
0.705446
0.788221
0.788222
0.084853
0.796912
0.853682
0.523498
0.03329
0.927353
0.131061
0.589506
0.747695
0.013188
0.610151
0.310415
0.744437
0.531114
0.338967
0.369112
0.794744
0.113556
0.982919
0.739258
0.692949
0.072829
0.345479
0.012044
0.074567
0.744323
0.217762
0.551063
0.410167
0.818233
0.270727
0.368259
0.985719
0.020725
0.50902
0.036353
0.786116
0.380707
0.942335
0.582932
0.472613
0.275732
0.246947
0.298298
0.96891
0.75391
0.573799
0.024144
0.523921
0.122527
0.08347
0.532403
0.428004
0.485176
0.677909
0.33403
0.51773
0.568649
0.804148
0.624223
0.295268
0.407944
0.431347
0.299197
0.799711
0.46166
0.856686
0.366512
0.049267
0.010201
0.952179
0.274637
0.167978
0.869048
0.312243
0.610741
0.594659
0.507376
0.095807
0.1065
0.38424
0.913247
0.828862
0.198349
0.42568
0.818255
0.984794
0.086417
0.159722
0.049769
0.941699
0.812855
0.897289
0.594781
0.273777
0.121448
0.28358
0.528681
0.688125
0.434585
0.220191
0.061413
0.392671
0.650605
0.623095
0.494333
0.711118
0.228254
0.556925
0.418512
0.785954
0.31665
0.457314
0.175719
0.31121
0.949509
0.276504
0.104651
0.697054
0.858102
0.871781
0.43652
0.831872
0.288075
0.603514
0.419938
0.207416
0.028811
0.598817
0.024783
0.394013
0.896292
0.928579
0.294363
0.369755
0.883128
0.454496
0.371661
0.777892
0.094285
0.039661
0.32807
0.658635
0.012874
0.193378
0.762696
0.804346
0.060872
0.640295
0.531699
0.763876
0.297818
0.889719
0.151915
0.191282
0.621525
0.819395
0.604133
0.780002
0.650518
0.906026
0.204576
0.108442
0.805576
0.245932
0.26229
0.474932
0.490641
0.191015
0.876477
0.1788
0.794076
0.512412
0.664098
0.401433
0.434838
0.073365
0.462943
0.301732
0.687446
0.25502
0.470466
0.067253
0.341129
0.807111
0.238685
0.162159
0.457924
0.39116
0.646708
0.740891
0.260759
0.732736
0.396875
0.245094
0.041567
0.756526
0.468372
0.704244
0.849251
0.395039
0.299292
0.699392
0.632549
0.541976
0.890429
0.411314
0.569078
0.030791
0.370961
0.618399
0.500343
0.704491
0.005937
0.936899
0.998363
0.165887
0.785849
0.062329
0.716299
0.701989
0.351459
0.051404
0.86364
0.271795
0.286793
0.905658
0.581208
0.251562
0.383657
0.953739
0.885835
0.391606
0.592895
0.716599
0.555674
0.481444
0.833098
0.466978
0.82948
0.235332
0.442074
0.227448
0.514707
0.112539
0.814421
0.697571
0.177909
0.624497
0.58456
0.819709
0.174633
0.210235
0.455028
0.520752
0.481692
0.368735
0.849232
0.795327
0.902581
0.657715
0.605645
0.395833
0.527483
0.015538
0.731277
0.098802
0.773613
0.727999
0.673728
0.071896
0.176409
0.547569
0.22385
0.84581
0.497465
0.978299
0.854969
0.075177
0.100887
0.444127
0.811351
0.271467
0.431892
0.301075
0.1611
0.284528
0.075967
0.070802
0.938068
0.19728
0.017717
0.959543
0.095323
0.087564
0.672617
0.325528
0.751613
0.806504
0.885521
0.616076
0.414099
0.507633
0.280335
0.775001
0.392428
0.395575
0.329133
0.314009
0.346079
0.408651
0.882163
0.137524
0.357255
0.276736
0.936924
0.645346
0.129064
0.255632
0.174348
0.732179
0.538794
0.975796
0.047501
0.841447
0.481142
0.310242
0.154307
0.944313
0.792783
0.534762
0.687337
0.302998
0.362842
0.10882
0.402944
0.93281
0.391734
0.341315
0.650456
0.898787
0.496804
0.148862
0.525079
0.687721
0.641379
0.885766
0.565122
0.40867
0.958848
0.702551
0.420045
0.681545
0.787669
0.280248
0.643075
0.37297
0.977904
0.091372
0.116328
0.990566
0.87167
0.696386
0.09489
0.956665
0.299325
0.839842
0.445998
0.79878
0.797034
0.07826
0.25975
0.093897
0.690538
0.872718
0.367033
0.505166
0.27665
0.581508
0.350829
0.854036
0.033479
0.880705
0.705472
0.468409
0.43646
0.531716
0.576604
0.219523
0.989677
0.975568
0.684654
0.408719
0.729416
0.393928
0.423876
0.923521
0.902447
0.729362
0.261666
0.618168
0.216137
0.38852
0.61043
0.019048
0.831547
0.142844
0.919085
0.061607
0.29218
0.154483
0.627322
0.063212
0.985948
0.733255
0.977063
0.61187
0.681922
0.387698
0.262866
0.232483
0.383181
0.805439
0.657074
0.721435
0.844952
0.37232
0.847942
0.507456
0.541599
0.435204
0.97501
0.863016
0.090434
0.546863
0.9032
0.404676
0.400925
0.030083
0.043243
0.404703
0.126067
0.551878
0.489915
0.920781
0.433623
0.261107
0.328732
0.847806
0.242105
0.226205
0.620224
0.755721
0.57132
0.577174
0.940159
0.38391
0.602803
0.891444
0.167013
0.71869
0.666675
0.295339
0.084539
0.324135
0.423855
0.838321
0.389703
0.192768
0.633987
0.716109
0.571691
0.365761
0.880041
0.108013
0.426483
0.137172
0.788223
0.661607
0.563936
0.714577
0.035939
0.736426
0.14136
0.274793
0.919534
0.668826
0.161546
0.993552
0.010467
0.314884
0.520227
0.957707
0.596903
0.765502
0.123664
0.421449
0.137194
0.004687
0.030677
0.04562
0.490189
0.794815
0.853993
0.261537
0.158668
0.437357
0.166801
0.78092
0.043701
0.123341
0.390719
0.053131
0.066768
0.17796
0.910358
0.225635
0.282388
0.519942
0.934687
0.408432
0.210373
0.299691
0.434821
0.125487
0.750502
0.05022
0.359585
0.107765
0.891369
0.0937
0.424527
0.514436
0.951955
0.358307
0.839271
0.286019
0.313974
0.139623
0.054885
0.249392
0.066643
0.349917
0.887177
0.391446
0.826561
0.763886
0.635369
0.175441
0.440678
0.962077
0.502225
0.896848
0.850257
0.12856
0.210297
0.294829
0.356081
0.537775
0.05309
0.074246
0.158419
0.23883
0.053412
0.341821
0.06962
0.702284
0.740076
0.191978
0.390319
0.269871
0.588192
0.809548
0.385431
0.428907
0.812479
0.193442
0.587792
0.347636
0.768911
0.612358
0.959131
0.472117
0.420866
0.819579
0.791013
0.382998
0.578797
0.484637
0.226996
0.578585
0.193315
0.919137
0.844828
0.485916
0.55787
0.40139
0.819651
0.648312
0.10443
0.20301
0.932265
0.336884
0.812774
0.58947
0.583276
0.827955
0.204183
0.376483
0.817579
0.691148
0.937386
0.935539
0.374502
0.728974
0.566479
0.197389
0.273987
0.110953
0.756436
0.687928
0.351261
0.505167
0.41122
0.535628
0.431556
0.365885
0.997664
0.178662
0.31743
0.792642
0.419127
0.017272
0.527674
0.58728
0.590554
0.552291
0.08315
0.073128
0.668786
0.04415
0.532424
0.29326
0.541973
0.986195
0.851835
0.804058
0.218898
0.235837
0.381147
0.929653
0.965017
0.743246
0.545395
0.331648
0.318763
0.332398
0.685733
0.335524
0.257769
0.159371
0.590218
0.034839
0.570948
0.068999
0.206641
0.82098
0.097067
0.81357
0.408834
0.744373
0.200734
0.564304
0.614351
0.874471
0.654857
0.148217
0.045373
0.165708
0.201563
0.32913
0.510328
0.344998
0.373879
0.019897
0.765732
0.369155
0.413156
0.135877
0.677598
0.953717
0.629218
0.127723
0.33647
0.977478
0.041982
0.821527
0.818335
0.872623
0.967571
0.83257
0.150836
0.792634
0.134812
0.836618
0.945813
0.394154
0.066758
0.256997
0.572951
0.401651
0.651056
0.401791
0.340637
0.840858
0.280207
0.391213
0.659733
0.803212
0.410615
0.8601
0.778527
0.021527
0.045698
0.843203
0.398468
0.220546
0.127763
0.550427
0.955996
0.105195
0.542179
0.086347
0.569406
0.487664
0.207796
0.696603
0.879119
0.938298
0.909569
0.318358
0.658619
0.160785
0.514547
0.60301
0.426894
0.135614
0.731055
0.194554
0.713305
0.501546
0.722202
0.446492
0.1623
0.68584
0.232508
0.664764
0.775241
0.759343
0.639655
0.384094
0.570352
0.277635
0.804962
0.758478
0.540831
0.528125
0.88125
0.779342
0.552181
0.674955
0.178681
0.172604
0.685971
0.29677
0.733207
0.990113
0.074642
0.979589
0.601237
0.817691
0.358831
0.0259
0.310767
0.151858
0.82402
0.776889
0.683158
0.187193
0.378066
0.021214
0.040212
0.502495
0.952894
0.774119
0.027518
0.374071
0.866004
0.313568
0.042472
0.305776
0.672873
0.788171
0.388268
0.653925
0.456096
0.68469
0.501237
0.586221
0.088649
0.604588
0.597719
0.768936
0.27373
0.033034
0.444287
0.669475
0.664047
0.311692
0.767349
0.423648
0.046684
0.629101
0.892845
0.030271
0.619568
0.916553
0.030236
0.720184
0.17948
0.227155
0.840352
0.165073
0.875433
0.830264
0.247773
0.519591
0.13857
0.566252
0.707963
0.045205
0.626642
0.182659
0.471279
0.497938
0.009077
0.280937
0.255341
0.491246
0.144117
0.89501
0.147599
0.234435
0.355345
0.142167
0.35228
0.799641
0.561356
0.08933
0.697127
0.855503
0.666313
0.256462
0.215887
0.465678
0.278432
0.221535
0.755692
0.535196
0.871716
0.901147
0.016631
0.595664
0.586653
0.337987
0.024351
0.276401
0.198934
0.485472
0.942659
0.478995
0.009425
0.989676
0.892142
0.74522
0.753187
0.560066
0.091217
0.595099
0.221869
0.537844
0.57853
0.601747
0.448885
0.870711
0.565019
0.6389
0.353645
0.839155
0.501119
0.213169
0.090448
0.518759
0.032017
0.289389
0.278761
0.516205
0.621863
0.987495
0.7048
0.164351
0.668476
0.678303
0.402382
0.678939
0.223285
0.90587
0.896034
0.275588
0.371148
0.977805
0.429965
0.633785
0.957643
0.126215
0.482496
0.050916
0.315994
0.457202
0.834057
0.318399
0.745883
0.475839
0.136533
0.188667
0.199055
0.384407
0.472182
0.93507
0.268681
0.908942
0.0999
0.087062
0.425473
0.222698
0.945113
0.571879
0.475279
0.77968
0.09469
0.865441
0.775617
0.744502
0.143294
0.759018
0.370692
0.801437
0.916597
0.215998
0.69101
0.687244
0.193418
0.089417
0.089882
0.277216
0.40907
0.81713
0.864728
0.797481
0.49585
0.255788
0.363008
0.886354
0.252446
0.121903
0.252242
0.819795
0.4359
0.525019
0.051143
0.60979
0.712562
0.302392
0.849107
0.006109
0.786817
0.776437
0.433591
0.279527
0.586373
0.465774
0.598391
0.68637
0.984414
0.668208
0.694936
0.625296
0.490252
0.809869
0.76024
0.603027
0.465881
0.16138
0.197009
0.818215
0.488137
0.61945
0.437732
0.420463
0.868073
0.309672
0.818251
0.749347
0.97579
0.005094
0.42272
0.774255
0.418149
0.946452
0.869232
0.310505
0.695308
0.097089
0.584332
0.221755
0.775161
0.530876
0.791564
0.69218
0.470991
0.547053
0.505944
0.361243
0.275599
0.822873
0.725813
0.681977
0.917906
0.556482
0.462737
0.267775
0.829411
0.130643
0.51475
0.83041
0.769042
0.184352
0.65552
0.847614
0.481262
0.788676
0.850319
0.078617
0.245986
0.709982
0.927099
0.769225
0.036183
0.571142
0.855385
0.482194
0.878922
0.96982
0.422542
0.598073
0.531481
0.11016
0.181303
0.312229
0.791671
0.023332
0.453363
0.061508
0.829558
0.548024
0.083254
0.55997
0.144395
0.542129
0.63686
0.25112
0.871743
0.328325
0.105033
0.360503
0.161778
0.173936
0.48785
0.127267
0.972015
0.760135
0.520025
0.43267
0.545109
0.087879
0.221778
0.284502
0.058247
0.329376
0.042509
0.214421
0.297368
0.705946
0.444625
0.827647
0.065151
0.369117
0.071843
0.843989
0.384553
0.704402
0.312464
0.132641
0.769816
0.1938
0.125306
0.841086
0.734787
0.494693
0.937574
0.421131
0.521815
0.438486
0.154337
0.312283
0.791222
0.05154
0.534265
0.162786
0.014082
0.715694
0.386809
0.155525
0.370418
0.186654
0.554423
0.152524
0.272851
0.513375
0.543454
0.994542
0.108477
0.203329
0.329038
0.329422
0.286909
0.550559
0.326453
0.976
0.046907
0.791431
0.461079
0.789387
0.841291
0.191721
0.938653
0.827011
0.549261
0.23869
0.816556
0.423067
0.169991
0.72093
0.009752
0.629282
0.725149
0.016504
0.304339
0.317395
0.935891
0.062308
0.423642
0.809844
0.886651
0.071086
0.085454
0.924724
0.790826
0.620271
0.901457
0.003947
0.909609
0.243244
0.768376
0.443098
0.703487
0.395511
0.722745
0.322349
0.467658
0.352657
0.113142
0.806275
0.581233
0.306054
0.018902
0.106559
0.674756
0.400179
0.161715
0.454764
0.141159
0.624577
0.868821
0.511634
0.994177
0.338696
0.533146
0.837087
0.749439
0.253042
0.444915
0.155489
0.184868
0.532797
0.508652
0.339196
0.405018
0.084586
0.249212
0.859909
0.007872
0.454621
0.241094
0.512245
0.160605
0.402704
0.699345
0.622496
0.865704
0.627839
0.492122
0.614235
0.234889
0.682365
0.133545
0.187259
0.152453
0.165065
0.816826
0.060781
0.00501
0.353388
0.03607
0.134035
0.786085
0.576786
0.559963
0.912109
0.733194
0.889395
0.88974
0.487405
0.497473
0.968461
0.580563
0.511797
0.541162
0.910555
0.093316
0.498386
0.259458
0.881085
0.569417
0.294757
0.947476
0.033704
0.429847
0.580824
0.471432
0.542699
0.475464
0.770085
0.535319
0.451802
0.363468
0.589859
0.343802
0.05001
0.101485
0.584421
0.161967
0.838582
0.136046
0.900803
0.538144
0.941513
0.561341
0.599347
0.174868
0.935194
0.022472
0.112568
0.230487
0.723102
0.053836
0.350721
0.526225
0.042029
0.043576
0.771863
0.543394
0.112207
0.866619
0.954376
0.025354
0.030295
0.9266
0.77858
0.527033
0.922325
0.872336
0.694488
0.158065
0.815941
0.032682
0.853319
0.10479
0.077369
0.130703
0.237825
0.227248
0.546705
0.728367
0.113596
0.118221
0.232218
0.321891
0.296822
0.236644
0.187091
0.261729
0.061482
0.892851
0.069293
0.101408
0.961288
0.230626
0.365116
0.897959
0.356366
0.863511
0.979434
0.243864
0.529425
0.372075
0.688148
0.572704
0.338447
0.273877
0.497096
0.006492
0.18104
0.305541
0.673463
0.233505
0.513623
0.93208
0.59678
0.152002
0.104154
0.006517
0.806584
0.360141
0.77119
0.606565
0.701683
0.845142
0.559494
0.252711
0.770091
0.860733
0.347699
0.092426
0.233665
0.699142
0.976909
0.869704
0.248161
0.657928
0.036834
0.476685
0.278789
0.034058
0.237247
0.459009
0.91442
0.806754
0.749039
0.09729
0.648497
0.540574
0.429342
0.040007
0.780011
0.266032
0.865768
0.639706
0.590304
0.91558
0.933329
0.256888
0.766263
0.679095
0.408062
0.21421
0.937344
0.09476
0.771209
0.342695
0.585561
0.043589
0.245452
0.327873
0.467696
0.507417
0.298207
0.300957
0.947
0.002723
0.28301
0.378038
0.879151
0.974664
0.119365
0.695129
0.371961
0.856108
0.217671
0.996901
0.122767
0.534855
0.747672
0.757773
0.722566
0.343301
0.720116
0.148439
0.986396
0.682356
0.922888
0.037838
0.037725
0.628963
0.275571
0.980701
0.324709
0.126381
0.34758
0.052846
0.508523
0.530076
0.245846
0.874906
0.815127
0.845905
0.250738
0.71983
0.667099
0.273995
0.666306
0.465602
0.650735
0.609268
0.935256
0.867655
0.96214
0.142258
0.74117
0.990984
0.65858
0.086163
0.405591
0.058191
0.348284
0.553868
0.91787
0.269335
0.848441
0.510081
0.74695
0.380495
0.664805
0.248312
0.410557
0.998841
0.152672
0.744147
0.671268
0.77434
0.402098
0.02849
0.09409
0.70905
0.375256
0.277807
0.908701
0.89938
0.631476
0.399477
0.06806
0.434725
0.320859
0.130623
0.012097
0.266222
0.516484
0.149087
0.982371
0.097113
0.445636
0.698728
0.599504
0.825268
0.599533
0.101138
0.945315
0.727183
0.722997
0.683745
0.094858
0.921273
0.036841
0.040009
0.414232
0.12778
0.313837
0.689409
0.775464
0.984802
0.556962
0.675133
0.292916
0.567763
0.369634
0.609167
0.30377
0.808232
0.326115
0.178282
0.188475
0.48129
0.643133
0.174551
0.27379
0.152638
0.82774
0.273565
0.297796
0.967335
0.877463
0.506721
0.521873
0.654357
0.238303
0.299386
0.299893
0.783652
0.145275
0.833866
0.389651
0.926643
0.737198
0.399118
0.098271
0.410949
0.213322
0.878869
0.991079
0.05847
0.062586
0.481221
0.239452
0.748361
0.198523
0.887549
0.17412
0.910659
0.601843
0.364534
0.04692
0.635977
0.188514
0.921349
0.486535
0.394976
0.842324
0.274792
0.124106
0.511242
0.848033
0.270664
0.309501
0.850057
0.499375
0.844874
0.009104
0.070916
0.508443
0.925852
0.698616
0.46636
0.252402
0.016779
0.05505
0.598247
0.523242
0.811646
0.279232
0.382661
0.602292
0.706284
0.876477
0.206881
0.10766
0.515228
0.490219
0.622229
0.455257
0.875189
0.667101
0.158548
0.628686
0.285262
0.208367
0.781532
0.94652
0.988293
0.968811
0.712034
0.327618
0.759629
0.932306
0.185806
0.148855
0.224355
0.146613
0.108644
0.056047
0.518165
0.74818
0.610233
0.462604
0.155767
0.723111
0.259862
0.277287
0.358402
0.75489
0.349638
0.831923
0.564086
0.272594
0.134924
0.946126
0.596714
0.414809
0.994173
0.288049
0.846088
0.288352
0.204687
0.64742
0.688104
0.377156
0.717507
0.321635
0.978032
0.834916
0.814107
0.707392
0.762263
0.642113
0.587127
0.00633
0.193381
0.78203
0.282932
0.140231
0.065259
0.393203
0.310464
0.649814
0.885444
0.029472
0.495875
0.970849
0.717008
0.837185
0.209296
0.603214
0.929416
0.655983
0.325697
0.299843
0.657554
0.743136
0.184015
0.620914
0.025193
0.023098
0.285654
0.333689
0.266645
0.765908
0.033676
0.286763
0.646702
0.078888
0.718592
0.831982
0.499129
0.44227
0.910304
0.238953
0.116334
0.788795
0.962605
0.970279
0.268593
0.643109
0.003855
0.350134
0.957671
0.92825
0.863797
0.865756
0.059036
0.789194
0.567943
0.679326
0.398395
0.031966
0.023087
0.209544
0.696713
0.328748
0.056469
0.215464
0.734723
0.803236
0.630821
0.527838
0.075121
0.015948
0.191667
0.077819
0.455519
0.690978
0.872794
0.808442
0.644167
0.542575
0.251185
0.912417
0.006641
0.446914
0.776313
0.146501
0.896463
0.01895
0.175517
0.293382
0.121473
0.259189
0.580176
0.494169
0.898262
0.160933
0.850374
0.218176
0.035629
0.883574
0.127607
0.534685
0.720683
0.445424
0.72218
0.394598
0.847197
0.036432
0.148992
0.862348
0.699223
0.963219
0.979754
0.366389
0.955001
0.329584
0.683901
0.566408
0.004177
0.379365
0.702501
0.876021
0.427509
0.163308
0.491095
0.632015
0.930643
0.218339
0.730127
0.647694
0.029332
0.589065
0.192234
0.359345
0.448869
0.759241
0.121322
0.653252
0.635688
0.780308
0.706626
0.140118
0.468978
3.9e-05
0.632039
0.231393
0.449893
0.55183
0.551765
0.710586
0.337432
0.540055
0.11613
0.224748
0.370172
0.343914
0.06524
0.557494
0.287889
0.489107
0.354218
0.562362
0.872804
0.576685
0.461749
0.228369
0.580287
0.80597
0.155156
0.931392
0.659102
0.647417
0.547544
0.893909
0.890556
0.601668
0.472623
0.343447
0.031352
0.542753
0.912292
0.15756
0.49238
0.210397
0.926262
0.508903
0.349067
0.277314
0.714586
0.742897
0.026537
0.133367
0.986787
0.438227
0.941909
0.778364
0.479332
0.654034
0.999072
0.553938
0.253465
0.184494
0.084913
0.185987
0.558028
0.617559
0.622862
0.829742
0.764726
0.477214
0.027343
0.27437
0.746183
0.492574
0.323855
0.998266
0.692706
0.069651
0.016731
0.771339
0.542131
0.605418
0.008273
0.54098
0.60107
0.302529
0.951677
0.383928
0.458767
0.501636
0.975993
0.576259
0.609315
0.044421
0.072165
0.329124
0.571853
0.278859
0.797164
0.756321
0.02162
0.313015
0.546593
0.226974
0.617665
0.952059
0.063118
0.6024
0.924391
0.797848
0.469131
0.953714
0.159499
0.520475
0.604071
0.031867
0.58614
0.568662
0.305347
0.549184
0.500179
0.641141
0.433365
0.844492
0.188929
0.107156
0.853685
0.290236
0.825587
0.547844
0.974528
0.136593
0.702989
0.964148
0.157559
0.27144
0.245995
0.556591
0.724737
0.745555
0.779831
0.818447
0.26837
0.420429
0.213659
0.18332
0.140249
0.378755
0.609731
0.663405
0.884507
0.499475
0.44849
0.761126
0.582783
0.285394
0.42404
0.785726
0.379189
0.569257
0.239781
0.595796
0.028694
0.552258
0.523209
0.10074
0.163677
0.102693
0.34346
0.809504
0.73513
0.766981
0.048104
0.211318
0.348326
0.611869
0.827397
0.721514
0.357504
0.913439
0.561195
0.481661
0.620376
0.629914
0.534654
0.385215
0.859258
0.729859
0.385845
0.015942
0.354392
0.784428
0.062641
0.284895
0.560726
0.44184
0.730302
0.08511
0.174152
0.932979
0.251183
0.633552
0.170815
0.540024
0.729462
0.437059
0.518468
0.171871
0.839858
0.130825
0.833088
0.048098
0.655412
0.491246
0.234518
0.920723
0.998626
0.503109
0.838914
0.240359
0.698317
0.085978
0.482327
0.902665
0.354823
0.201643
0.838974
0.08464
0.724066
0.480124
0.023061
0.66554
0.765109
0.766448
0.340185
0.695466
0.258953
0.672207
0.372822
0.908298
0.722406
0.429834
0.802143
0.975142
0.932792
0.943891
0.132593
0.927203
0.236455
0.27097
0.939212
0.353748
0.467493
0.475673
0.934832
0.883322
0.367306
0.976588
0.781454
0.057826
0.772226
0.788713
0.419204
0.547356
0.785046
0.57805
0.733663
0.580267
0.582018
0.552413
0.32916
0.916654
0.083301
0.560462
0.563157
0.737262
0.203673
0.003869
0.092157
0.648911
0.71184
0.894617
0.367372
0.171204
0.665871
0.563781
0.56043
0.442955
0.826766
0.912313
0.319226
0.196149
0.126805
0.59319
0.29904
0.215171
0.016656
0.154979
0.349994
0.930719
0.456321
0.937296
0.682176
0.31352
0.521999
0.377655
0.831067
0.989039
0.610915
0.852372
0.425667
0.468938
0.625184
0.732126
0.738638
0.259064
0.904398
0.521478
0.759123
0.192409
0.686174
0.176633
0.535462
0.038047
0.509499
0.428974
0.404799
0.858418
0.859122
0.386242
0.657535
0.88768
0.575527
0.568964
0.423375
0.449364
0.311799
0.912278
0.128038
0.089325
0.389998
0.398089
0.73793
0.714984
0.889478
0.34302
0.808959
0.986323
0.619435
0.517038
0.566219
0.13391
0.223489
0.323747
0.887986
0.818979
0.608847
0.050088
0.731684
0.005885
0.949264
0.537422
0.299356
0.518402
0.273412
0.514029
0.651857
0.51239
0.448017
0.396303
0.250068
0.666761
0.068956
0.385207
0.110933
0.499672
0.390618
0.717746
0.080918
0.808276
0.453039
0.16004
0.857342
0.194927
0.732232
0.058463
0.783963
0.729824
0.048877
0.890587
0.858019
0.062723
0.652972
0.551558
0.87795
0.165539
0.461985
0.096083
0.315915
0.198829
0.941756
0.451657
0.128876
0.787748
0.118406
0.059695
0.101435
0.450973
0.928874
0.267443
0.435618
0.350242
0.481647
0.651969
0.920881
0.85983
0.245361
0.613736
0.894618
0.916563
0.519384
0.811912
0.098592
0.128853
0.679577
0.754993
0.591691
0.788574
0.19012
0.813807
0.619668
0.30864
0.6644
0.273358
0.402188
0.55651
0.074869
0.444688
0.582367
0.317787
0.856004
0.06222
0.704516
0.069447
0.944163
0.175895
0.130592
0.482893
0.818914
0.662565
0.531993
0.057497
0.548705
0.778215
0.508693
0.497508
0.637577
0.397679
0.542652
0.403151
0.879717
0.220232
0.096132
0.379832
0.83377
0.895246
0.681416
0.372043
0.33726
0.558514
0.538249
0.602336
0.758072
0.456619
0.774776
0.895078
0.435234
0.620445
0.137181
0.655381
0.409523
0.019081
0.309272
0.063853
0.135646
0.487145
0.594957
0.145469
0.797139
0.200398
0.88418
0.750026
0.316616
0.526223
0.370585
0.444952
0.556526
0.876847
0.709728
0.471065
0.58359
0.108939
0.679704
0.441033
0.1836
0.638309
0.583588
0.629583
0.634367
0.984439
0.977964
0.643623
0.73296
0.43057
0.547844
0.00166
0.633127
0.567991
0.353052
0.227885
0.921442
0.413036
0.746527
0.059112
0.353678
0.298689
0.320121
0.553663
0.97812
0.819149
0.352183
0.125099
0.678991
0.874217
0.062861
0.634598
0.509515
0.703637
0.157798
0.305654
0.025596
0.970738
0.881696
0.486116
0.334966
0.985267
0.263341
0.385697
0.834431
0.927875
0.889869
0.039676
0.710642
0.539914
0.676293
0.440957
0.632408
0.813356
0.068378
0.694677
0.954745
0.308992
0.165983
0.79421
0.642094
0.781688
0.830767
0.891362
0.488441
0.758794
0.668741
0.626982
0.125315
0.191615
0.604464
0.361643
0.994586
0.431037
0.58879
0.403948
0.082428
0.736874
0.491744
0.670961
0.974541
0.541891
0.068331
0.179877
0.547966
0.41864
0.720885
0.375222
0.144529
0.85304
0.950936
0.814031
0.796034
0.510089
0.501182
0.032274
0.246238
0.86733
0.179093
0.591339
0.837074
0.386797
0.500599
0.823404
0.596408
0.915126
0.640118
0.078431
0.401309
0.633051
0.016832
0.692944
0.950674
0.74007
0.493577
0.467394
0.934284
0.865911
0.547108
0.855203
0.242707
0.264812
0.674598
0.256044
0.348506
0.926231
0.32615
0.406797
0.104249
0.7245
0.182307
0.556364
0.971079
0.167642
0.4968
0.095369
0.36766
0.060036
0.148402
0.657773
0.106274
0.623336
0.608438
0.338516
0.203115
0.559385
0.190215
0.048953
0.20849
0.747886
0.639053
0.974917
0.799179
0.819003
0.396465
0.640911
0.249646
0.459415
0.395687
0.410386
0.319399
0.923759
0.390692
0.69735
0.345446
0.034188
0.221983
0.569465
0.118982
0.120895
0.106447
0.883252
0.803449
0.212181
0.159982
0.86397
0.550658
0.188065
0.220646
0.268325
0.959755
0.209738
0.916919
0.119749
0.640132
0.278839
0.155725
0.185597
0.42252
0.234659
0.102943
0.955195
0.414265
0.341158
0.530104
0.186439
0.061784
0.907844
0.644585
0.354613
0.182413
0.005716
0.516616
0.17707
0.536953
0.318408
0.200797
0.474087
0.222925
0.34795
0.829367
0.135925
0.875228
0.400658
0.222478
0.655939
0.942845
0.628592
0.950726
0.750174
0.403745
0.748048
0.04945
0.799129
0.905827
0.400696
0.391799
0.368501
0.249317
0.724745
0.821753
0.355146
0.583906
0.851819
0.36276
0.545522
0.115684
0.434459
0.328831
0.210767
0.061527
0.908007
0.233868
0.74894
0.055008
0.53092
0.490964
0.674552
0.155931
0.162939
0.128781
0.944077
0.775939
0.785971
0.532479
0.203901
0.925496
0.891649
0.213888
0.832538
0.898113
0.172029
0.65222
0.733418
0.044386
0.708096
0.064451
0.447358
0.944115
0.174504
0.059032
0.755605
0.741275
0.893691
0.63655
0.172888
0.565034
0.335543
0.025935
0.474814
0.015105
0.879894
0.044002
0.341057
0.181149
0.640435
0.686452
0.628035
0.5289
0.997655
0.212197
0.986533
0.8329
0.124269
0.211149
0.410396
0.968992
0.853499
0.869198
0.431039
0.80032
0.251327
0.454484
0.600302
0.677027
0.612931
0.033198
0.158842
0.183877
0.45505
0.832498
0.845779
0.700591
0.233546
0.421598
0.827654
0.846705
0.063557
0.818228
0.091179
0.664412
0.14445
0.686583
0.69642
0.196345
0.39954
0.950639
0.335583
0.806226
0.884965
0.516759
0.524989
0.759384
0.877096
0.758382
0.269666
0.17526
0.241597
0.070633
0.560928
0.863583
0.11986
0.19223
0.884153
0.141808
0.760251
0.064419
0.688009
0.135223
0.811282
0.880616
0.587644
0.06456
0.424917
0.627936
0.621827
0.149315
0.527219
0.893209
0.049347
0.829114
0.226297
0.427219
0.247645
0.681726
0.536971
0.990629
0.864783
0.345685
0.904385
0.521984
0.922177
0.631321
0.200889
0.877645
0.472684
0.478671
0.743849
0.561856
0.805013
0.142716
0.140211
0.828992
0.578378
0.070094
0.421096
0.024315
0.870519
0.33799
0.510898
0.55337
0.970711
0.269834
0.335035
0.085267
0.269798
0.428208
0.634629
0.624855
0.386734
0.011724
0.040013
0.229882
0.366255
0.278869
0.464528
0.117016
0.028717
0.167316
0.991944
0.366053
0.129907
0.934496
0.282756
0.915325
0.977772
0.165594
0.301265
0.824491
0.54282
0.612195
0.757053
0.365613
0.641198
0.033159
0.37101
0.111184
0.832621
0.063856
0.482105
0.472847
0.218965
0.461301
0.453932
0.521227
0.190704
0.353831
0.077021
0.028596
0.22423
0.486133
0.82434
0.934077
0.505301
0.072549
0.274361
0.533943
0.981188
0.394104
0.606856
0.758077
0.482816
0.673044
0.019969
0.76198
0.748888
0.751197
0.245426
0.798034
0.710676
0.949987
0.901357
0.416007
0.713343
0.488277
0.595522
0.861154
0.191699
0.280808
0.419715
0.902663
0.54459
0.808585
0.201299
0.49324
0.596461
0.594014
0.443961
0.377072
0.065395
0.472473
0.971445
0.826068
0.569211
0.074375
0.724222
0.812528
0.448136
0.841903
0.17587
0.138696
0.214888
0.097367
0.819664
0.594747
0.761412
0.621563
0.50998
0.570428
0.85776
0.390062
0.402659
0.449426
0.617393
0.946896
0.237759
0.353833
0.988409
0.168084
0.020426
0.388785
0.565779
0.548533
0.083869
0.354553
0.832404
0.244641
0.155135
0.016691
0.221537
0.131671
0.034853
0.225622
0.345437
0.11519
0.156095
0.300806
0.141824
0.171458
0.335604
0.075459
0.978647
0.606309
0.094342
0.058251
0.700494
0.110498
0.833201
0.025406
0.298829
0.840187
0.122132
0.213687
0.035944
0.369444
0.119253
0.121168
0.208404
0.700621
0.886189
0.400577
0.614946
0.253174
0.673739
0.308489
0.483952
0.822632
0.549568
0.232856
0.270585
0.992096
0.84741
0.004628
0.992349
0.10222
0.225555
0.392051
0.766763
0.081602
0.142431
0.684236
0.074748
0.860941
0.989763
0.663151
0.147547
0.54261
0.116851
0.391004
0.506344
0.745444
0.522526
0.169534
0.007091
0.351362
0.277209
0.690199
0.7859
0.08245
0.03047
0.693214
0.865427
0.881745
0.050092
0.80404
0.852713
0.09904
0.155577
0.29464
0.59342
0.747347
0.129913
0.949505
0.025106
0.456606
0.753124
0.597807
0.296635
0.841067
0.801124
0.586403
0.359032
0.389016
0.117335
0.99268
0.868972
0.677355
0.882879
0.240719
0.441355
0.598514
0.267102
0.122027
0.279565
0.535958
0.445353
0.468932
0.549401
0.933138
0.1416
0.90154
0.884274
0.837221
0.320384
0.846717
0.428322
0.286103
0.627567
0.84961
0.817291
0.904303
0.988517
0.696167
0.240472
0.776943
0.793981
0.237135
0.428951
0.079807
0.060367
0.512131
0.877264
0.843453
0.613256
0.295084
0.221347
0.633361
0.189463
0.593051
0.525878
0.464946
0.687879
0.479954
0.748799
0.544282
0.248769
0.542438
0.857311
0.560126
0.462397
0.9947
0.978299
0.630365
0.58925
0.378043
0.929238
0.997867
0.735894
0.335873
0.0955
0.878198
0.274423
0.689191
0.003327
0.483829
0.357495
0.584742
0.442401
0.401671
0.668647
0.553533
0.031263
0.421621
0.859178
0.779601
0.820296
0.165698
0.855957
0.716027
0.501662
0.940748
0.268246
0.093789
0.139534
0.227462
0.84502
0.973531
0.490511
0.335289
0.053176
0.367997
0.742844
0.649216
0.531767
0.449495
0.105891
0.958949
0.366044
0.169219
0.263364
0.490759
0.319868
0.054134
0.694471
0.65461
0.99796
0.280985
0.630328
0.836643
0.681714
0.984973
0.128704
0.36829
0.892161
0.883334
0.298241
0.377444
0.57663
0.534117
0.14029
0.778633
0.472797
0.396967
0.782703
0.266881
0.548094
0.047777
0.215317
0.459489
0.58878
0.467441
0.132386
0.702184
0.220013
0.769121
0.553543
0.700641
0.866664
0.942751
0.627593
0.381645
0.146166
0.576889
0.702107
0.641122
0.678995
0.096228
0.175624
0.3349
0.717402
0.582184
0.657851
0.742554
0.985221
0.904989
0.287154
0.118255
0.277589
0.272008
0.304746
0.849788
0.179786
0.611792
0.728752
0.542707
0.691288
0.944241
0.384938
0.779562
0.966599
0.506616
0.911821
0.116624
0.924943
0.533244
0.562258
0.638838
0.616165
0.303688
0.398416
0.408119
0.784485
0.925284
0.632492
0.780365
0.000727
0.308199
0.248285
0.836571
0.480437
0.719209
0.666174
0.599998
0.882083
0.747202
0.888764
0.668249
0.235969
0.796818
0.943269
0.608004
0.301895
0.085289
0.282937
0.366354
0.656028
0.185149
0.244615
0.899023
0.147589
0.828594
0.147374
0.057872
0.41234
0.515504
0.013373
0.251762
0.150063
0.768643
0.083673
0.350394
0.22785
0.74688
0.519712
0.221232
0.03448
0.625428
0.961323
0.370644
0.541644
0.213299
0.866406
0.636555
0.156939
0.512188
0.535191
0.06429
0.508037
0.137534
0.673543
0.564364
0.08815
0.955804
0.713119
0.038706
0.400093
0.275431
0.745403
0.379803
0.890352
0.269239
0.830875
0.965845
0.528273
0.44688
0.113145
0.910581
0.032918
0.275606
0.676953
0.800405
0.168805
0.486935
0.643476
0.528779
0.186823
0.526466
0.052023
0.31511
0.344663
0.072531
0.189881
0.626204
0.991456
0.138911
0.162466
0.752088
0.607865
0.653272
0.995637
0.305704
0.676756
0.399028
0.880891
0.303674
0.599241
0.855735
0.428667
0.81027
0.650833
0.322363
0.120462
0.330128
0.615034
0.850117
0.671461
0.662819
0.990436
0.887933
0.867636
0.882929
0.228552
0.521055
0.18672
0.897235
0.793573
0.036386
0.452679
0.900477
0.746187
0.824809
0.552947
0.545057
0.090841
0.084091
0.260331
0.276326
0.349634
0.170583
0.777644
0.622675
0.691195
0.472466
0.176241
0.477256
0.878257
0.456038
0.865574
0.033724
0.734914
0.095204
0.276353
0.017059
0.957163
0.912697
0.763395
0.783104
0.254858
0.543144
0.468007
0.874634
0.727986
0.994401
0.32148
0.196222
0.582334
0.485102
0.00498
0.365795
0.881792
0.732039
0.757501
0.805891
0.617806
0.826588
0.170196
0.846025
0.780168
0.689624
0.223772
0.738103
0.899368
0.911093
0.50131
0.721907
0.964932
0.394293
0.948466
0.293756
0.044676
0.328489
0.642184
0.327617
0.676959
0.969261
0.281673
0.587874
0.967053
0.193049
0.021849
0.703989
0.158558
0.768415
0.224909
0.57378
0.922223
0.71888
0.455397
0.274502
0.684388
0.726788
0.681748
0.339335
0.089735
0.084232
0.231547
0.27485
0.554342
0.416721
0.830057
0.074275
0.540639
0.002343
0.495371
0.683966
0.134065
0.427741
0.65348
0.845746
0.486293
0.931535
0.447102
0.71316
0.279777
0.664371
0.708347
0.939627
0.697539
0.231301
0.950187
0.664071
0.005682
0.320438
0.810808
0.069702
0.081085
0.569984
0.947558
0.514527
0.59072
0.188365
0.884679
0.318426
0.089973
0.502906
0.231644
0.817638
0.032897
0.518136
0.231385
0.28872
0.133651
0.420511
0.232688
0.208231
0.992801
0.839054
0.307408
0.459963
0.611644
0.47901
0.407641
0.257878
0.563905
0.226942
0.482334
0.288607
0.997759
0.533612
0.02627
0.473484
0.24528
0.008516
0.666418
0.258637
0.475005
0.276876
0.858369
0.347791
0.246056
0.239464
0.195745
0.497208
0.414179
0.528488
0.958865
0.216765
0.613355
0.025783
0.435344
0.233372
0.811255
0.264701
0.475776
0.164405
0.615222
0.213223
0.351225
0.984986
0.202011
0.219637
0.306642
0.940398
0.5972
0.279258
0.30504
0.733744
0.160225
0.08343
0.276931
0.697892
0.242077
0.953639
0.104147
0.110525
0.200375
0.085364
0.87303
0.19232
0.19832
0.087791
0.615247
0.072053
0.791701
0.423713
0.27921
0.081412
0.521685
0.988732
0.268974
0.624579
0.277104
0.513376
0.860281
0.635642
0.42445
0.463949
0.872481
0.841059
0.145566
0.631039
0.122821
0.133273
0.142778
0.53571
0.742588
0.799384
0.032677
0.504147
0.267066
0.268156
0.185392
0.158078
0.875318
0.186115
0.898986
0.197697
0.194151
0.162129
0.644624
0.210263
0.176705
0.621364
0.04919
0.678574
0.466237
0.764352
0.250578
0.790476
0.492361
0.586002
0.613249
0.787384
0.900825
0.209743
0.225766
0.148734
0.558306
0.081315
0.022449
0.540383
0.563826
0.717034
0.062468
0.677056
0.878304
0.432519
0.237162
0.899203
0.173848
0.670531
0.312685
0.867613
0.274333
0.573566
0.516466
0.91806
0.17564
0.638631
0.656323
0.186715
0.270495
0.958717
0.714863
0.1412
0.929366
0.82514
0.978171
0.933584
0.885188
0.859796
0.028267
0.701853
0.653011
0.58309
0.969787
0.466591
0.639737
0.260356
0.669108
0.293731
0.944081
0.971608
0.462393
0.101746
0.553804
0.555583
0.114646
0.257585
0.115074
0.477448
0.154363
0.570494
0.192823
0.693816
0.342724
0.932355
0.655975
0.831079
0.258959
0.383826
0.843254
0.919903
0.110324
0.202403
0.803769
0.412862
0.799115
0.147065
0.478086
0.673799
0.674239
0.712718
0.527279
0.847655
0.651231
0.549222
0.483556
0.128667
0.636107
0.220761
0.217223
0.338529
0.60533
0.297689
0.781135
0.250806
0.015562
0.662408
0.756733
0.057251
0.479588
0.072047
0.447943
0.379453
0.564378
0.901813
0.014622
0.110839
0.891961
0.480862
0.722451
0.529965
0.085834
0.365321
0.398209
0.767334
0.373844
0.251298
0.418515
0.663569
0.100469
0.154042
0.092401
0.910787
0.216561
0.826586
0.618738
0.112401
0.239505
0.056713
0.572324
0.01935
0.06598
0.695068
0.100487
0.128003
0.397807
0.361892
0.30174
0.075025
0.136005
0.623265
0.756892
0.734095
0.599818
0.323032
0.902792
0.977207
0.952093
0.328815
0.460655
0.217929
0.41317
0.073372
0.877195
0.182792
0.994775
0.626798
0.326892
0.519918
0.641311
0.493608
0.812087
0.542021
0.147786
0.170159
0.025201
0.471398
0.891129
0.403529
0.856146
0.566651
0.016222
0.607583
0.946733
0.748574
0.982412
0.97661
0.27609
0.25913
0.32428
0.953303
0.024793
0.777817
0.329065
0.016521
0.409306
0.261969
0.710588
0.612472
0.590887
0.569157
0.228628
0.456014
0.131277
0.665711
0.277034
0.831092
0.948865
0.720688
0.752674
0.086264
0.260899
0.648816
0.197382
0.566968
0.626365
0.357605
0.881449
0.708133
0.190285
0.844793
0.438254
0.132993
0.16532
0.33472
0.520545
0.676217
0.779035
0.77593
0.862195
0.347671
0.573387
0.031068
0.897545
0.79093
0.264652
0.531111
0.265569
0.673697
0.367725
0.181595
0.944305
0.721041
0.336206
0.593285
0.905781
0.578501
0.494344
0.09612
0.864042
0.816535
0.423409
0.533503
0.204225
0.92132
0.876225
0.829233
0.50782
0.587961
0.641105
0.241165
0.985677
0.439225
0.090263
0.224521
0.172347
0.446392
0.323686
0.26747
0.542283
0.206678
0.691307
0.307832
0.769721
0.968529
0.130919
0.415394
0.415589
0.529104