1024 1
0
234
1
729
2
740
3
330
4
780
5
263
6
492
7
824
8
875
9
424
10
746
11
874
12
702
13
92
14
681
15
499
16
432
17
414
18
527
19
351
20
558
21
961
22
983
23
52
24
694
25
895
26
731
27
511
28
894
29
262
30
998
31
159
32
478
33
677
34
170
35
146
36
473
37
352
38
598
39
241
40
265
41
891
42
845
43
101
44
167
45
522
46
682
47
796
48
1017
49
243
50
149
51
729
52
848
53
590
54
932
55
210
56
485
57
120
58
136
59
840
51
60
61
223
62
464
63
872
64
913
65
97
66
673
67
273
68
260
69
664
70
194
71
120
72
658
73
534
74
190
75
148
76
805
77
632
78
185
79
662
38
80
81
118
82
344
83
930
84
268
85
528
10
86
87
398
88
140
72
89
90
529
91
352
92
580
93
415
94
327
95
552
96
1017
97
850
98
985
99
357
100
739
101
568
102
569
103
873
104
439
105
908
106
391
107
566
108
816
109
243
110
561
111
556
112
981
113
519
114
929
115
770
116
859
117
757
118
815
119
655
111
120
121
767
122
653
123
124
124
656
125
555
10
126
127
751
128
962
129
161
130
498
131
313
132
572
133
955
134
378
135
627
112
136
137
657
138
822
28
139
140
185
141
759
142
881
143
568
144
998
145
581
146
828
147
881
148
608
149
993
50
150
151
974
152
353
153
183
154
305
155
847
156
314
0
157
158
412
159
1007
160
528
161
712
51
162
163
513
164
176
165
703
166
740
167
1018
168
955
169
209
98
170
43
171
120
172
173
741
3
174
175
373
176
1008
177
749
178
250
141
179
180
187
181
228
182
848
183
333
184
494
185
197
184
186
187
388
188
859
189
646
190
691
43
191
76
192
193
208
194
217
195
455
196
301
197
993
198
1013
13
199
55
200
201
460
202
911
203
408
204
925
205
405
206
873
207
224
208
1014
209
751
210
585
126
211
212
780
213
243
214
534
215
1004
216
460
143
217
218
766
219
405
80
220
221
566
222
801
15
223
224
896
169
225
226
494
8
227
120
228
229
599
158
230
231
276
213
232
87
233
164
234
235
694
236
864
237
847
233
238
239
655
240
507
241
288
242
570
243
692
244
981
245
906
246
784
247
868
248
603
249
348
250
836
251
532
252
721
253
387
254
869
255
499
256
279
257
462
193
258
259
542
260
343
261
459
188
262
263
986
220
264
265
295
266
559
267
796
268
960
47
269
270
778
173
271
272
638
273
375
274
765
275
432
276
936
277
1023
278
365
279
651
280
478
281
356
282
294
283
704
284
492
280
285
286
516
287
521
288
514
274
289
239
290
291
828
110
292
293
354
294
466
295
911
296
428
297
562
241
298
299
789
300
396
138
301
170
302
303
674
304
997
305
727
185
306
61
307
308
981
309
1010
107
310
96
311
312
840
313
891
221
314
315
473
102
316
238
317
318
872
91
319
225
320
254
321
322
828
323
565
324
454
32
325
270
326
327
948
251
328
329
703
128
330
331
816
332
344
333
410
78
334
215
335
336
482
337
346
338
792
339
689
318
340
341
1006
243
342
343
975
344
922
345
841
346
787
347
678
348
852
95
349
350
739
53
351
352
929
225
353
283
354
355
870
356
839
357
645
358
918
359
761
360
921
361
389
362
519
363
834
189
364
85
365
114
366
112
367
283
368
369
374
370
904
261
371
309
372
373
469
374
661
375
519
376
609
377
865
378
577
311
379
380
1018
381
632
210
382
234
383
384
717
385
575
284
386
387
872
388
521
229
389
390
462
391
826
392
427
393
693
394
518
395
985
286
396
265
397
154
398
399
995
325
400
314
401
163
402
403
746
404
656
405
582
90
406
407
823
408
897
273
409
410
911
411
876
123
412
166
413
414
823
40
415
230
416
417
1020
250
418
268
419
420
910
166
421
422
808
261
423
73
424
425
781
123
426
427
931
407
428
376
429
430
792
431
489
432
680
433
819
210
434
435
536
313
436
76
437
438
655
439
666
440
967
441
495
442
681
443
963
267
444
26
445
164
446
396
447
448
809
198
449
450
752
426
451
452
563
227
453
454
503
243
455
1
456
457
951
45
458
459
871
387
460
461
533
462
905
259
463
260
464
465
511
428
466
467
955
302
468
469
661
84
470
6
471
42
472
473
710
474
683
475
492
270
476
477
497
478
878
479
712
428
480
165
481
482
659
483
742
191
484
400
485
486
867
343
487
488
521
489
641
490
851
424
491
483
492
493
825
208
494
495
1016
290
496
497
970
498
1010
499
505
500
532
501
513
502
872
407
503
504
700
505
952
506
903
507
622
354
508
509
652
32
510
511
1020
242
512
79
513
61
514
353
515
516
696
517
847
45
518
519
835
520
734
325
521
522
769
514
523
524
869
118
525
74
526
347
527
528
607
147
529
530
768
531
813
532
660
246
533
175
534
147
535
536
582
510
537
538
715
129
539
540
546
396
541
338
542
543
682
430
544
545
923
546
995
1
547
340
548
549
949
550
831
551
969
552
903
440
553
446
554
533
555
111
556
557
673
131
558
559
870
560
886
101
561
245
562
563
977
281
564
565
795
566
933
343
567
568
781
569
643
570
1009
483
571
173
572
10
573
574
724
307
575
404
576
280
577
458
578
579
1018
580
1021
139
581
536
582
453
583
584
726
71
585
586
906
527
587
367
588
472
589
590
771
184
591
592
596
593
680
32
594
595
786
596
884
597
880
232
598
599
709
49
600
601
960
602
803
603
613
604
959
579
605
606
729
607
988
257
608
130
609
610
740
611
651
72
612
505
613
435
614
164
615
472
616
586
617
579
618
619
694
351
620
621
923
622
844
225
623
624
826
246
625
198
626
336
627
628
906
353
629
59
630
14
631
90
632
614
633
533
634
635
871
281
636
637
1019
454
638
153
639
17
640
641
725
239
642
379
643
270
644
468
645
487
646
647
988
648
1018
649
958
650
902
461
651
652
701
633
653
654
958
270
655
383
656
502
657
658
995
608
659
660
914
661
875
662
687
654
663
130
664
647
665
630
666
667
755
668
725
669
735
593
670
416
671
464
672
673
913
83
674
544
675
676
746
594
677
678
682
608
679
47
680
150
681
682
739
683
717
20
684
86
685
686
983
83
687
386
688
689
856
198
690
56
691
386
692
222
693
120
694
695
746
226
696
697
941
323
698
583
699
223
700
129
701
702
944
703
981
704
718
292
705
706
792
237
707
261
708
292
709
710
805
507
711
712
751
203
713
48
714
239
715
515
716
717
762
365
718
171
719
227
720
46
721
722
794
723
973
81
724
556
725
66
726
634
727
728
792
729
886
592
730
528
731
218
732
733
875
384
734
735
873
630
736
616
737
738
786
739
762
40
740
387
741
742
815
743
751
744
919
543
745
746
882
395
747
287
748
42
749
234
750
751
892
752
998
753
819
634
754
533
755
435
756
232
757
403
758
312
759
760
889
30
761
18
762
473
763
764
1009
241
765
766
1015
468
767
270
768
769
1022
651
770
137
771
676
772
742
773
547
774
134
775
691
776
517
777
435
778
126
779
780
822
433
781
424
782
172
783
332
784
225
785
125
786
249
787
774
788
703
789
790
1007
791
938
792
830
793
965
23
794
712
795
351
796
2
797
422
798
799
920
669
800
801
880
802
1017
441
803
534
804
348
805
276
806
72
807
186
808
652
809
427
810
811
875
812
853
393
813
814
870
815
949
102
816
31
817
551
818
156
819
820
832
301
821
822
864
24
823
219
824
825
937
238
826
715
827
46
828
140
829
601
830
4
831
704
832
710
833
814
834
835
841
836
965
91
837
809
838
839
847
457
840
411
841
566
842
615
843
233
844
195
845
846
997
192
847
438
848
90
849
850
965
587
851
852
965
597
853
854
924
478
855
120
856
641
857
835
858
113
859
391
860
680
861
751
862
657
863
435
864
290
865
523
866
95
867
657
868
688
869
830
870
641
871
872
884
873
981
632
874
338
875
36
876
585
877
39
878
33
879
880
976
804
881
643
882
361
883
418
884
885
965
91
886
9
887
268
888
803
889
422
890
42
891
892
949
266
893
450
894
751
895
393
896
863
897
534
898
185
899
668
900
545
901
714
902
542
903
211
904
406
905
451
906
603
907
368
908
909
984
11
910
911
941
592
912
55
913
191
914
78
915
489
916
917
969
918
977
919
965
844
920
83
921
368
922
203
923
924
988
111
925
898
926
92
927
174
928
922
929
443
930
676
931
3
932
933
935
729
934
675
935
565
936
399
937
938
954
323
939
496
940
11
941
311
942
883
943
172
944
589
945
946
953
388
947
948
1023
421
949
69
950
467
951
437
952
521
953
789
954
910
955
528
956
231
957
615
958
933
959
674
960
9
961
891
962
265
963
829
964
649
965
474
966
586
967
62
968
139
969
714
970
587
971
682
972
963
973
57
974
363
975
67
976
207
977
255
978
11
979
279
980
666
981
982
1012
409
983
740
984
274
985
260
986
791
987
9
988
667
989
562
990
368
991
167
992
648
993
703
994
613
995
569
996
574
997
797
998
943
999
460
1000
535
1001
226
1002
548
1003
799
1004
219
1005
348
1006
839
1007
655
1008
840
1009
472
1010
418
1011
852
1012
636
1013
960
1014
343
1015
86
1016
248
1017
55
1018
337
1019
625
1020
173
1021
786
1022
167
1023
0.883761
0.428752
0.873862
0.279833
0.74987
0.536193
0.446346
0.054081
0.686835
0.91793
0.055564
0.193628
0.963356
0.302855
0.703938
0.329048
0.935927
0.887834
0.542084
0.78085
0.698665
0.514312
0.164001
0.319733
0.510156
0.38998
0.644237
0.490448
0.466219
0.646154
0.289953
0.249782
0.388316
0.871599
0.633718
0.575056
0.998849
0.272761
0.325524
0.626885
0.206593
0.769051
0.184568
0.89416
0.754789
0.846367
0.068213
0.502669
0.848357
0.099782
0.025954
0.945719
0.898483
0.079548
0.367981
0.001481
0.793747
0.363154
0.410593
0.654973
0.298532
0.588267
0.19055
0.262541
0.485414
0.280295
0.089458
0.820612
0.059562
0.620314
0.6727
0.00204
0.24757
0.241234
0.369419
0.019585
0.67397
0.501393
0.002081
0.014669
0.758827
0.579435
0.77427
0.924781
0.062732
0.00453
0.586955
0.764825
0.492104
0.086847
0.616008
0.435488
0.943368
0.63343
0.266252
0.103252
0.997002
0.759299
0.684091
0.968747
0.558298
0.106213
0.125948
0.768532
0.430949
0.829373
0.795447
0.266366
0.253896
0.924207
0.357551
0.738916
0.11219
0.730368
0.835781
0.263184
0.696088
0.294881
0.765965
0.534564
0.52487
0.367938
0.994049
0.703002
0.637733
0.913824
0.178245
0.237452
0.8753
0.135906
0.216596
0.711422
0.95028
0.353813
0.77169
0.978016
0.526126
0.099607
0.370231
0.409372
0.768877
0.743998
0.032296
0.823236
0.001743
0.220519
0.29029
0.186165
0.649564
0.404212
0.833572
0.127119
0.343446
0.948321
0.592776
0.400529
0.693328
0.473665
0.404527
0.651239
0.610638
0.535325
0.928785
0.338843
0.886413
0.693043
0.975233
0.045218
0.562939
0.001289
0.635941
0.757256
0.237414
0.026404
0.448589
0.594321
0.702929
0.21647
0.786689
0.068868
0.964425
0.929137
0.297155
0.272986
0.458416
0.305318
0.492522
0.993259
0.459615
0.706539
0.98886
0.208667
0.413133
0.993952
0.057273
0.179959
0.791809
0.965885
0.928645
0.473492
0.114781
0.648765
0.939635
0.759162
0.31615
0.334952
0.003843
0.90808
0.873318
0.608375
0.959202
0.283394
0.230073
0.308986
0.733264
0.351348
0.611468
0.122182
0.534505
0.254178
0.083883
0.141882
0.998132
0.674836
0.885496
0.369579
0.537071
0.565078
0.313857
0.618469
0.769033
0.601327
0.10762
0.187821
0.242223
0.983876
0.442948
0.650673
0.099519
0.877064
0.939296
0.197061
0.732414
0.777287
0.417093
0.073145
0.304524
0.35303
0.397515
0.063192
0.365531
0.746328
0.056937
0.623087
0.719244
0.995146
0.387028
0.860127
0.884966
0.556557
0.133282
0.778274
0.209334
0.64076
0.181616
0.040302
0.865939
0.900625
0.698159
0.42256
0.269164
0.284999
0.249609
0.004287
0.052125
0.160812
0.132009
0.694791
0.727355
0.780933
0.39931
0.326628
0.586869
0.30839
0.218651
0.2775
0.79885
0.909743
0.08902
0.560244
0.161016
0.682038
0.874702
0.022066
0.180801
0.784499
0.623712
0.073446
0.339579
0.451356
0.560297
0.967508
0.323529
0.97439
0.166955
0.018879
0.339573
0.667042
0.573742
0.467678
0.29663
0.028857
0.989861
0.234821
0.478459
0.900102
0.129963
0.225007
0.23808
0.953961
0.514678
0.734646
0.870205
0.252614
0.211187
0.368119
0.272456
0.696904
0.113233
0.148718
0.270828
0.413574
0.957024
0.12678
0.675033
0.033547
0.049704
0.913404
0.607941
0.858943
0.325043
0.73069
0.932076
0.142808
0.133786
0.728697
0.098352
0.932773
0.240983
0.50026
0.742412
0.989773
0.647294
0.832059
0.229923
0.002425
0.286107
0.368443
0.230162
0.062414
0.851115
0.369121
0.914288
0.973071
0.843494
0.973984
0.262319
0.800813
0.642075
0.906304
0.85385
0.175846
0.459968
0.437613
0.75504
0.150043
0.494512
0.580252
0.556969
0.261863
0.834311
0.047348
0.90351
0.145599
0.249578
0.506746
0.192374
0.532982
0.229939
0.990202
0.387172
0.094677
0.131949
0.156351
0.597355
0.506892
0.918974
0.605615
0.223515
0.966467
0.39369
0.657614
0.807769
0.326342
0.728425
0.012608
0.73303
0.850158
0.088979
0.783702
0.397247
0.189538
0.819256
0.210729
0.251425
0.06955
0.529493
0.539988
0.349689
0.1656
0.145149
0.495916
0.597431
0.845512
0.878456
0.837714
0.587543
0.061751
0.738037
0.554294
0.404916
0.686696
0.810725
0.183537
0.499939
0.371292
0.932441
0.291431
0.846935
0.564546
0.970313
0.318085
0.338062
0.660209
0.293862
0.476384
0.157712
0.788592
0.326002
0.734586
0.446571
0.226389
0.222225
0.218471
0.754715
0.152756
0.412757
0.280372
0.535521
0.580392
0.517171
0.23054
0.509172
0.944641
0.544725
0.392267
0.738715
0.538031
0.239263
0.354183
0.47963
0.690968
0.282041
0.051589
0.325701
0.989578
0.942849
0.070435
0.469541
0.411785
0.319123
0.05571
0.97555
0.877391
0.659623
0.807457
0.296285
0.186976
0.945276
0.648108
0.994072
0.821684
0.565366
0.773345
0.219707
0.122237
0.038882
0.73157
0.681021
0.728497
0.347639
0.42222
0.001056
0.182722
0.197357
0.150354
0.158099
0.901943
0.621874
0.836108
0.712704
0.980157
0.458649
0.229136
0.415932
0.177214
0.796195
0.657863
0.299501
0.209727
0.512318
0.896731
0.464582
0.249389
0.334102
0.341391
0.258743
0.225767
0.997256
0.013409
0.48488
0.542284
0.066117
0.36522
0.781951
0.663099
0.965579
0.626194
0.782383
0.056241
0.833247
0.5181
0.905338
0.090005
0.627957
0.231693
0.80985
0.751089
0.240922
0.472133
0.739229
0.423971
0.457092
0.210696
0.746107
0.737083
0.432519
0.274033
0.497812
0.606368
0.516175
0.775098
0.400708
0.145027
0.609833
0.496711
0.914714
0.263686
0.82927
0.780163
0.692483
0.52253
0.952668
0.773593
0.346144
0.338445
0.167624
0.209227
0.695159
0.01021
0.51256
0.066961
0.369788
0.908933
0.725292
0.999904
0.805433
0.60295
0.076273
0.996382
0.999598
0.961429
0.314776
0.404628
0.697593
0.969115
0.552475
0.057366
0.34939
0.387164
0.129234
0.101926
0.021628
0.028818
0.396899
0.831543
0.711605
0.507849
0.237977
0.600322
0.42879
0.460843
0.282825
0.33919
0.564995
0.185694
0.427717
0.03747
0.86762
0.660405
0.128411
0.088375
0.943893
0.492612
0.737746
0.025048
0.851339
0.223696
0.216399
0.620481
0.067627
0.852716
0.600493
0.854122
0.282707
0.707473
0.513161
0.148497
0.979319
0.899167
0.004002
0.414153
0.322326
0.562925
0.439646
0.877026
0.918555
0.217852
0.444125
0.082348
0.419577
0.289631
0.613663
0.428208
0.078294
0.749279
0.606563
0.563723
0.732048
0.573923
0.486655
0.77103
0.060878
0.244175
0.234205
0.901854
0.847315
0.29742
0.533046
0.526064
0.637067
0.879627
0.146137
0.608209
0.029383
0.081544
0.944218
0.86482
0.874959
0.354546
0.961448
0.136962
0.711172
0.207788
0.093305
0.649744
0.937052
0.337303
0.139595
0.497197
0.040715
0.669737
0.071333
0.6105
0.716881
0.487552
0.837421
0.240328
0.759512
0.233072
0.585003
0.272655
0.882514
0.825195
0.166316
0.499019
0.050684
0.324673
0.460762
0.151439
0.527612
0.234929
0.716398
0.419916
0.114838
0.520123
0.550407
0.762411
0.63112
0.824385
0.607043
0.288179
0.591983
0.771564
0.191257
0.114871
0.847147
0.681728
0.636959
0.395263
0.257579
0.520529
0.762346
0.061825
0.664676
0.0113
0.823093
0.967684
0.73349
0.412192
0.414645
0.13588
0.177139
0.516816
0.146913
0.547765
0.949362
0.966267
0.709967
0.4496
0.601665
0.241846
0.674533
0.806079
0.772033
0.871465
0.521013
0.050805
0.613853
0.901496
0.437553
0.493683
0.316603
0.609501
0.434206
0.706512
0.650163
0.450772
0.999132
0.124452
0.844934
0.426347
0.2838
0.425739
0.098849
0.21172
0.875798
0.049605
0.393299
0.426496
0.544381
0.074378
0.51415
0.502626
0.337923
0.605146
0.211988
0.874031
0.857087
0.820963
0.600862
0.496044
0.247575
0.267318
0.509346
0.536755
0.677923
0.58285
0.350384
0.18267
0.055885
0.600045
0.168405
0.754107
0.930293
0.667609
0.484504
0.738148
0.608385
0.757511
0.673215
0.15589
0.492415
0.427753
0.264894
0.458933
0.572256
0.284417
0.981576
0.936155
0.259288
0.577856
0.651211
0.816346
0.20088
0.628352
0.444231
0.089312
0.18446
0.499826
0.249705
0.693783
0.03001
0.23053
0.36657
0.09202
0.024726
0.956125
0.031886
0.626829
0.862526
0.565572
0.821723
0.203175
0.9041
0.690769
0.04652
0.386298
0.754874
0.668793
0.920236
0.000727
0.378541
0.190501
0.263477
0.676558
0.224181
0.601628
0.59034
0.57112
0.659083
0.187736
0.685886
0.904433
0.347341
0.778772
0.269199
0.321562
0.555786
0.400413
0.678811
0.3383
0.466865
0.944824
0.599333
0.631258
0.273686
0.903451
0.08712
0.483899
0.448273
0.160787
0.852512
0.269179
0.390563
0.55468
0.056302
0.232044
0.052709
0.16727
0.016709
0.103048
0.810876
0.570261
0.519861
0.720781
0.960013
0.586319
0.374116
0.75666
0.97723
0.025193
0.527874
0.037898
0.391024
0.317028
0.050898
0.46775
0.641648
0.046374
0.274616
0.893587
0.082488
0.273629
0.076396
0.622236
0.649718
0.007942
0.727843
0.183495
0.999668
0.503928
0.023772
0.079752
0.825819
0.069449
0.221491
0.166227
0.592484
0.14462
0.556472
0.965454
0.530226
0.286603
0.530062
0.857275
0.862038
0.845045
0.943008
0.080964
0.054301
0.525524
0.281147
0.989834
0.641865
0.443677
0.403447
0.419278
0.397859
0.707162
0.4885
0.069131
0.221625
0.838513
0.240491
0.336294
0.102632
0.428048
0.545764
0.019171
0.526751
0.516525
0.661382
0.97325
0.924144
0.188081
0.211501
0.080143
0.702108
0.05401
0.136992
0.242466
0.868032
0.304789
0.804611
0.685131
0.763109
0.777541
0.435149
0.073065
0.574443
0.933756
0.038905
0.47002
0.769017
0.223049
0.119249
0.019679
0.323465
0.120884
0.215666
0.66735
0.29586
0.592251
0.763473
0.987221
0.887972
0.14394
0.405976
0.299073
0.380025
0.417672
0.628341
0.746179
0.185422
0.709469
0.036093
0.009643
0.43209
0.282024
0.667823
0.723852
0.038857
0.367728
0.838712
0.03802
0.922873
0.989652
0.089052
0.456649
0.768165
0.536764
0.541387
0.233766
0.808593
0.339513
0.724122
0.921295
0.020049
0.067702
0.176642
0.357937
0.927431
0.230753
0.557175
0.719175
0.219265
0.476915
0.823404
0.264024
0.237527
0.257806
0.833682
0.803556
0.379609
0.456974
0.934279
0.624081
0.004146
0.116831
0.9099
0.457878
0.49083
0.35545
0.01034
0.054168
0.375974
0.044801
0.62033
0.764615
0.927482
0.606755
0.835036
0.005556
0.846658
0.407397
0.479849
0.747294
0.602647
0.561876
0.936003
0.004166
0.220195
0.809941
0.569644
0.04768
0.001258
0.186921
0.386102
0.431661
0.088534
0.981056
0.167881
0.22071
0.27268
0.87999
0.975455
0.330145
0.079583
0.868797
0.742953
0.063168
0.793548
0.913694
0.266353
0.08731
0.328339
0.394428
0.561791
0.843729
0.381643
0.209973
0.270223
0.345354
0.570846
0.701433
0.462931
0.442173
0.936741
0.611248
0.466305
0.191628
0.231536
0.290953
0.17931
0.153841
0.873504
0.722729
0.579537
0.808855
0.220133
0.36419
0.111156
0.924127
0.246506
0.332825
0.402003
0.971532
0.421768
0.784205
0.161636
0.587673
0.808931
0.425149
0.770099
0.690324
0.337201
0.466615
0.326582
0.300941
0.796979
0.902924
0.090016
0.869655
0.345866
0.903264
0.347815
0.488342
0.429524
0.107518
0.532954
0.303417
0.275571
0.657422
0.245701
0.896982
0.346665
0.099934
0.006645
0.023491
0.82127
0.189793
0.164324
0.150304
0.403057
0.73204
0.154746
0.888911
0.552958
0.764118
0.203891
0.62437
0.47496
0.517538
0.52175
0.794374
0.014606
0.182022
0.454271
0.670135
0.097982
0.705922
0.560078
0.469891
0.128639
0.060076
0.739968
0.395313
0.37653
0.758758
0.528238
0.976555
0.32334
0.369222
0.773163
0.025573
0.624896
0.42827
0.704761
0.195296
0.929583
0.51299
0.404115
0.971856
0.44452
0.088699
0.538872
0.308128
0.701285
0.280396
0.248938
0.599616
0.626384
0.029513
0.977734
0.29717
0.45351
0.738212
0.259239
0.146586
0.224322
0.172493
0.030624
0.614527
0.887046
0.374371
0.805921
0.808826
0.583758
0.69402
0.081047
0.203889
0.715309
0.612893
0.94343
0.353953
0.870516
0.52987
0.835453
0.622236
0.688422
0.396899
0.952561
0.824411
0.091995
0.02876
0.612543
0.69864
0.329517
0.295254
0.569671
0.614892
0.709
0.413145
0.032163
0.939684
0.626316
0.882561
0.865048
0.530143
0.5136
0.553101
0.153204
0.879692
0.216782
0.638847
0.525644
0.946508
0.629906
0.846729
0.559278
0.799429
0.525329
0.452763
0.525151
0.223424
0.246437
0.264115
0.770618
0.267871
0.372331
0.310637
0.193501
0.36115
0.204163
0.631104
0.751574
0.266151
0.717119
0.666978
0.438561
0.012905
0.793519
0.915122
0.474073
0.332714
0.669246
0.915475
0.661235
0.309219
0.882537
0.884071
0.271561
0.884473
0.579991
0.328229
0.305076
0.971152
0.221092
0.397389
0.434237
0.826484
0.07952
0.760459
0.03916
0.880628
0.895382
0.288207
0.961418
0.786758
0.668938
0.358653
0.648075
0.117435
0.754783
0.573507
0.138636
0.260806
0.655111
0.654352
0.274299
0.975672
0.720068
0.885887
0.219632
0.191121
0.708452
0.51056
0.240063
0.300334
0.926163
0.639228
0.265711
0.035909
0.14537
0.98196
0.038848
0.791524
0.246876
0.493429
0.266873
0.172584
0.899114
0.396124
0.451252
0.365604
0.463367
0.232351
0.492358
0.835034
0.55295
0.207952
0.484226
0.751109
0.678656
0.320423
0.542057
0.121416
0.18244
0.366846
0.403951
0.169878
0.408175
0.280168
0.658976
0.663798
0.168507
0.701599
0.37218
0.999015
0.272419
0.327473
0.660349
0.927271
0.104582
0.120323
0.241628
0.742138
0.46246
0.758224
0.520509
0.054794
0.217084
0.308156
0.506187
0.960368
0.542267
0.415229
0.349767
0.026768
0.067629
0.050087
0.244672
0.558249
0.643662
0.018307
0.857662
0.281639
0.746726
0.819049
0.597812
0.30707
0.471875
0.46881
0.842973
0.806815
0.973733
0.219752
0.186797
0.928228
0.024898
0.796713
0.65638
0.408654
0.493831
0.684198
0.959833
0.734072
0.322832
0.526022
0.343418
0.276074
0.87888
0.194321
0.70239
0.551903
0.01589
0.064513
0.172293
0.828062
0.790007
0.766697
0.733041
0.573691
0.756537
0.707106
0.649086
0.45416
0.595173
0.350397
0.142247
0.089419
0.675984
0.261652
0.083027
0.952881
0.219475
0.071542
0.798543
0.670466
0.677577
0.450748
0.753803
0.671782
0.881398
0.395114
0.318874
0.323461
0.941522
0.094407
0.382625
0.513785
0.960141
0.782593
0.135236
0.403487
0.47289
0.86624
0.113579
0.869854
0.363823
0.894175
0.18338
0.005607
0.944714
0.741215
0.681474
0.112871
0.02991
0.461355
0.115352
0.530546
0.291584
0.232346
0.266775
0.435657
0.940527
0.298908
0.878143
0.074685
0.525277
0.008773
0.786752
0.76547
0.673819
0.21261
0.918578
0.109442
0.618239
0.658597
0.4815
0.855864
0.977319
0.592878
0.324881
0.795499
0.375496
0.949318
0.622123
0.040488
0.700172
0.634867
0.468334
0.413599
0.528351
0.664129
0.728613
0.221245
0.375792
0.386299
0.979145
0.544232
0.390339
0.630463
0.850254
0.96244
0.890534
0.193261
0.961248
0.521042
0.450707
0.05895
0.872039
0.550755
0.856084
0.947625
0.676949
0.386827
0.324294
0.400806
0.192853
0.29907
0.349031
0.427358
0.223386
0.306673
0.514366
0.14936
0.571587
0.800688
0.539442
0.168532
0.14427
0.118879
0.537272
0.022071
0.288964
0.1753
0.607437
0.914119
0.231627
0.701325
0.709552
0.725686
0.046135
0.170999
0.447841
0.293829
0.469749
0.599053
0.909268
0.520734
0.447398
0.846719
0.216891
0.118518
0.694667
0.318885
0.314049
0.545115
0.55748
0.193623
0.744023
0.826762
0.431857
0.295748
0.208884
0.940434
0.137689
0.146015
0.929223
0.927853
0.979705
0.338191
0.503921
0.075573
0.703577
0.787166
0.274623
0.242884
0.319103
0.043108
0.545958
0.526788
0.457901
0.392223
0.617216
0.348062
0.16538
0.810924
0.944938
0.335557
0.750338
0.421983
0.514347
0.471007
0.16599
0.725546
0.524197
0.894416
0.09473
0.709913
0.860272
0.105259
0.306385
0.054381
0.226003
0.802774
0.723575
0.568405
0.328339
0.717493
0.37194
0.145808
0.1687
0.026068
0.108371
0.608116
0.311891
0.141201
0.194665
0.725825
0.743838
0.022476
0.989349
0.918138
0.653196
0.890348
0.455376
0.134008
0.345211
0.454228
0.879796
0.47016
0.686359
0.244941
0.840193
0.531951
0.418482
0.802729
0.638974
0.375011
0.321849
0.227568
0.12029
0.938304
0.058408
0.993451
0.321317
0.463955
0.609473
0.266629
0.891059
0.374457
0.420903
0.389505
0.579884
0.882337
0.534336
0.583579
0.892537
0.908623
0.806997
0.484101
0.95613
0.696666
0.712722
0.50031
0.018183
0.727463
0.51352
0.69927
0.182169
0.555277
0.451902
0.018876
0.21391
0.887523
0.111339
0.865849
0.094604
0.487798
0.860481
0.592588
0.49336
0.535532
0.227516
0.150373
0.591221
0.221276
0.259625
0.934987
0.3788
0.715683
0.622891
0.702387
0.956363
0.590702
0.890843
0.521102
0.231373
0.549976
0.903939
0.612168
0.753948
0.496093
0.217484
0.601509
0.623054
0.9019
0.936706
0.538951
0.372172
0.692704
0.073816
0.622259
0.66806
0.617014
0.651889
0.87867
0.606286
0.850593
0.251337
0.485627
0.989832
0.518407
0.990805
0.579389
0.822518
0.529333
0.258109
0.214679
0.981428
0.486008
0.868571
0.815855
0.287455
0.204769
0.102593
0.536894
0.200937
0.48368
0.179882
0.484128
0.905313
0.609686
0.646547
0.558364
0.409967
0.833529
0.34266
0.566695
0.179344
0.800641
0.767685
0.846581
0.777141
0.284776
0.311353
0.09433
0.877629
0.307704
0.55597
0.357034
0.765537
0.300545
0.173913
0.041033
0.457603
0.096977
0.50978
0.152067
0.426646
0.673176
0.230105
0.097819
0.210712
0.287406
0.179016
0.597659
0.161422
0.89383
0.348943
0.335749
0.744191
0.29929
0.980598
0.291918
0.346336
0.659177
0.810683
0.898016
0.153756
0.154979
0.330245
0.229935
0.259736
0.451815
0.247793
0.899275
0.685762
0.825538
0.218797
0.683586
0.431161
0.693126
0.678419
0.764282
0.517061
0.139816
0.907163
0.487477
0.0823
0.754894
0.184666
0.547688
0.890332
0.295411
0.855844
0.338317
0.895965
0.938667
0.24918
0.468377
0.117238
0.075371
0.110053
0.951293
0.327088
0.402443
0.604745
0.332942
0.113361
0.263643
0.164817
0.813265
0.185847
0.908084
0.15894
0.220559
0.574865
0.735951
0.282044
0.087517
0.982591
0.212292
0.488976
0.4108
0.041441
0.537398
0.475754
0.129756
0.27622
0.18893
0.694362
0.286063
0.664229
0.971771
0.346691
0.891368
0.09782
0.976651
0.236267
0.340253
0.607544
0.427295
0.833942
0.01115
0.174049
0.77918
0.662168
0.632789
0.543701
0.484639
0.394196
0.251279
0.618526
0.491139
0.9128
0.997657
0.732725
0.885853
0.12497
0.495952
0.227934
0.575616
0.48209
0.126611
0.371839
0.480634
0.462635
0.56865
0.293537
0.94592
0.988584
0.248039
0.203534
0.313411
0.200849
0.710306
0.01867
0.700656
0.428972
0.358896
0.09692
0.663187
0.697538
0.738725
0.849908
0.363065
0.289697
0.747531
0.537079
0.847197
0.370333
0.582229
0.911151
0.275338
0.234771
0.964894
0.127928
0.504357
0.016436
0.945173
0.785004
0.523385
0.909805
0.843123
0.529304
0.23255
0.659005
0.222826
0.376001
0.694671
0.593558
0.146896
0.028936
0.818861
0.094469
0.147431
0.502339
0.76892
0.443915
0.048053
0.860968
0.979182
0.658137
0.287821
0.835887
0.827648
0.561233
0.789434
0.380342
0.06814
0.102047
0.946957
0.441419
0.603905
0.528242
0.149915
0.496637
0.079381
0.959877
0.772252
0.721249
0.108235
0.506385
0.20381
0.630274
0.50408
0.608684
0.699815
0.9583
0.241999
0.309408
0.083917
0.411304
0.433672
0.546102
0.081645
0.668987
0.867702
0.250554
0.109865
0.787114
0.220785
0.653641
0.413402
0.409025
0.402443
0.93111
0.679442
0.765177
0.382101
0.021272
0.234613
0.434842
0.220243
0.880464
0.934441
0.546795
0.211592
0.229122
0.073029
0.827199
0.106972
0.210013
0.153884
0.115878
0.418556
0.807921
0.913031
0.237328
0.290698
0.984184
0.712066
0.395378
0.360183
0.071698
0.7785
0.235926
0.299601
0.028069
0.723865
0.475045
0.852454
0.557988
0.296708
0.644344
0.990351
0.770086
0.673606
0.485378
0.132252
0.069969
0.397604
0.701834
0.733316
0.74056
0.873418
0.211403
0.297925
0.415917
0.352581
0.756663
0.479232
0.067331
0.972189
0.053263
0.805543
0.842298
0.63357
0.741912
0.500209
0.996599
0.337251
0.887069
0.810186
0.6974
0.891553
0.79158
0.98051
0.076985
0.862365
0.696872
0.877805
0.307554
0.284818
0.058381
0.196686
0.232871
0.968677
0.086792
0.23783
0.639189
0.584382
0.644207
0.546289
0.220192
0.242514
0.895817
0.743003
0.823603
0.949536
0.618185
0.328103
0.137235
0.961385
0.763773
0.342589
0.099648
0.621022
0.542083
0.336361
0.118825
0.28072
0.044636
0.283176
0.514226
0.925763
0.909992
0.55459
0.988142
0.765604
0.081638
0.346056
0.478205
0.110305
0.751062
0.131171
0.438825
0.698436
0.12033
0.393174
0.362849
0.197067
0.762323
0.582741
0.629975
0.366016
0.907752
0.375309
0.422911
0.833725
0.549029
0.627906
0.03986
0.944408
0.763388
0.293095
0.95916
0.322968
0.928279
0.025063
0.982355
0.586024
0.915774
0.790194
0.216166
0.271241
0.034536
0.087307
0.051919
0.701799
0.429443
0.038467
0.879174
0.206715
0.670545
0.261627
0.250242
0.902496
0.591266
0.298095
0.284098
0.136595
0.532451
0.41832
0.259597
0.103393
0.574756
0.623699
0.816577
0.29565
0.981618
0.712599
0.562643
0.443696
0.299792
0.303781
0.398707
0.606803
0.691739
0.730519
0.183621
0.489668
0.105877
0.367646
0.006843
0.749901
0.297483
0.190518
0.586569
0.741037
0.967599
0.774445
0.552162
0.392217
0.330815
0.381394
0.119128
0.611709
0.2659
0.380767
0.069581
0.55446
0.183454
0.134883
0.644046
0.944959
0.674703
0.877633
0.218353
0.343224
0.530156
0.380289
0.745108
0.13039
0.72001
0.730344
0.999585
0.580297
0.619743
0.255429
0.828255
0.662044
0.579367
0.51725
0.264868
0.76309
0.359833
0.715695
0.285919
0.020085
0.93049
0.731219
0.756377
0.576685
0.434925
0.834622
0.455868
0.453456
0.077598
0.016326
0.561183
0.921487
0.852377
0.401779
0.533668
0.709425
0.678785
0.517589
0.896272
0.002669
0.913322
0.868102
0.025419
0.545191
0.253817
0.254184
0.748944
0.897837
0.686134
0.812533
0.852229
0.263313
0.775581
0.34384
0.313756
0.204994
0.15475
0.51399
0.600466
0.166251
0.329389
0.542437
0.574691
0.537775
0.545309
0.666855
0.325299
0.965241
0.600039
0.981048
0.838228
0.839439
0.010748
0.805791
0.015735
0.936659
0.637521
0.683653
0.426884
0.419888
0.226953
0.818989
0.994603
0.375991
0.38977
0.165514
0.483468
0.779977
0.073333
0.738247
0.133833
0.138
0.362984
0.64971
0.8721
0.924675
0.969192
0.252933
0.828568
0.656664
0.819791
0.007348
0.341858
0.470625
0.834204
0.101962
0.802067
0.805199
0.342995
0.862118
0.050674
0.505799
0.313102
0.291549
0.893507
0.463617
0.424048
0.215372
0.194107
0.072865
0.616621
0.099843
0.232246
0.715433
0.34219
0.377405
0.977741
0.432075
0.773284
0.647013
0.821357
0.458555
0.065668
0.230201
0.230775
0.073895
0.199328
0.069381
0.25603
0.625046
0.652394
0.909168
0.734056
0.73719
0.391427
0.597466
0.742632
0.132205
0.768019
0.819035
0.842043
0.869644
0.917793
0.086552
0.040378
0.75715
0.692209
0.947504
0.598534
0.637139
0.121832
0.08798
0.554952
0.173835
0.578032
0.844069
0.47836
0.240136
0.196395
0.501391
0.139286
0.976041
0.849635
0.685425
0.227504
0.300853
0.121187
0.708645
0.348721
0.52302
0.409667
0.209944
0.522165
0.111615
0.638143
0.860968
0.069167
0.9861
0.262395
0.37864
0.213546
0.342133
0.107797
0.570542
0.25349
0.074252
0.933652
0.036609
0.503048
0.49872
0.06582
0.933064
0.377148
0.455704
0.816425
0.738357
0.778929
0.44722
0.10568
0.658156
0.841636
0.553208
0.615919
0.799579
0.249689
0.181314
0.826844
0.99359
0.361035
0.824142
0.695874
0.523849
0.280055
0.798012
0.213671
0.496811
0.533299
0.026211
0.280908
0.819794
0.342572
0.308442
0.100918
0.192031
0.54345
0.949379
0.503006
0.020254
0.304602
0.829244
0.993835
0.157847
0.550274
0.034917
0.934159
0.391785
0.785688
0.294772
0.826129
0.597474
0.85826
0.017717
0.633923
0.095617
0.090148
0.49363
0.302284
0.533
0.826251
0.753047
0.869131
0.241586
0.51944
0.739187
0.15174
0.744952
0.794625
0.827508
0.785565
0.157266
0.909676
0.198643
0.778975
0.646941
0.161137
0.973057
0.227225
0.198127
0.247128
0.344024
0.769088
0.5942
0.890539
0.705329
0.757337
0.226999
0.358056
0.957076
0.035104
0.916002
0.476918
0.2348
0.458916
0.821716
0.545145
0.16941
0.335012
0.812543
0.976573
0.002881
0.707098
0.923096
0.346004
0.658081
0.167998
0.070055
0.682782
0.517319
0.068326
0.413092
0.56997
0.470019
0.810294
0.88479
0.396476
0.359895
0.348879
0.960763
0.88048
0.267046
0.991184
0.411447
0.533967
0.232681
0.447171
0.239502
0.58474
0.464765
0.213951
0.301165
0.550449
0.108359
0.508883
0.521671
0.122293
0.465632
0.712103
0.629691
0.413558
0.008561
0.722412
0.746271
0.790681
0.244749
0.371006
0.881911
0.957055
0.073408
0.30797
0.650363
0.419485
0.446795
0.14074
0.869382
0.133623
0.069165
0.755444
0.658641
0.959281
0.828701
0.108895
0.783251
0.092854
0.395751
0.041596
0.853714
0.239615
0.811919
0.53264
0.500343
0.166782
0.346493
0.313192
0.912597
0.791389
0.440607
0.720638
0.290644
0.397043
0.220722
0.214051
0.80441
0.235422
0.762882
0.571502
0.312995
0.376687
0.378298
0.523638
0.577258
0.913392
0.883455
0.808183
0.244504
0.860139
0.565827
0.088059
0.742097
0.041467
0.257484
0.791806
0.181556
0.661217
0.559113
0.409822
0.281635
0.137591
0.718055
0.014306
0.489386
0.762978
0.446653
0.111148
0.493239
0.367383
0.751305
0.73501
0.25439
0.702644
0.72693
0.483503
0.129205
0.89761
0.663103
0.840922
0.836717
0.225501
0.440835
0.68168
0.592489
0.55278
0.033275
0.436139
0.098705
0.112165
0.169334
0.24296
0.849232
0.488103
0.707202
0.855752
0.945688
0.397062
0.200546
0.290829
0.701473
0.428785
0.433149
0.935486
0.210346
0.317056
0.066161
0.742942
0.415189
0.540308
0.385037
0.304131
0.914965
0.400469
0.690289
0.286389
0.871775
0.269074
0.762925
0.505665
0.316553
0.334735
0.262953
0.421404
0.642669
0.663663
0.45953
0.515378
0.839501
0.733731
0.990079
0.925542
0.052798
0.845414
0.563502
0.67831
0.96277
0.113066
0.768156
0.36933
0.547815
0.498343
0.844029
0.602748
0.720039
0.144843
0.450482
0.787635
0.884822
0.222282
0.148743
0.244755
0.608396
0.276892
0.048947
0.363716
0.960248
0.631628
0.741311
0.581411
0.075705
0.815416
0.665933
0.998
0.506626
0.053442
0.133409
0.359665
0.035795
0.679996
0.474102
0.920358
0.653055
0.156261
0.582151
0.949177
0.834583
0.499909
0.997371
0.335182
0.680135
0.309089
0.989188
0.892354
0.450581
0.749696
0.664706
0.337213
0.158327
0.274274
0.311674
0.960234
0.864873
0.883359
0.400097
0.295127
0.048258
0.15887
0.260839
0.901578
0.856387
0.739048
0.473123
0.676552
0.511199
0.114078
0.870969
0.422256
0.010403
0.363413
0.566864
0.890179
0.84297
0.573404
0.123518
0.965395
0.387103
0.557099
0.160681
0.687951
0.548442
0.283597
0.549226
0.85275
0.684604
0.588909
0.885297
0.178145
0.771003
0.187932
0.709497
0.680652
0.460344
0.817423
0.304467
0.856663
0.871593
0.996723
0.013506
0.360071
0.166578
0.328486
0.673377
0.607541
0.5402
0.337645
0.276428
0.158571
0.234997
0.253355
0.26323
0.17148
0.19001
0.162285
0.505067
0.664278
0.552692
0.250343
0.089331
0.528092
0.225348
0.162513
0.962032
0.763258
0.98897
0.377646
0.456555
0.434727
0.440666
0.058327
0.183676
0.749563
0.769834
0.407454
0.10644
0.058169
0.822745
0.860877
0.298326
0.333332
0.287615
0.71122
0.702883
0.251782
0.126959
0.372115
0.720229
0.616669
0.664207
0.682007
0.27833
0.682319
0.566712
0.066272
0.569398
0.413331
0.379163
0.679875
0.237687
0.386763
0.561792
0.143148
0.320351
0.325037
0.942214
0.133789
0.915386
0.74219
0.073762
0.261451
0.144454
0.496243
0.599337
0.65538
0.550255
0.661665
0.410242
0.191472
0.405196
0.634243
0.62204
0.788865
0.751039
0.020389
0.199207
0.861696
0.341306
0.159208
0.867193
0.530043
0.700216
0.168485
0.596652
0.253239
0.617788
0.407783
0.441577
0.313649
0.996388
0.310422
0.660989
0.188802
0.548616
0.420191
0.868958
0.797911
0.322585
0.733609
0.996583
0.542034
0.078098
0.305172
0.1351
0.058627
0.020368
0.061547
0.091124
0.002256
0.382176
0.878174
0.472553
0.686753
0.872319
0.657029
0.506809
0.500221
0.522755
0.07071
0.49663
0.092079
0.679713
0.256342
0.761973
0.803145
0.225013
0.790958
0.734406
0.849098
0.052403
0.833046
0.202648
0.886285
0.013311
0.487883
0.966583
0.126714
0.109421
0.352472
0.8403
0.707638
0.702834
0.491778
0.809902
0.829397
0.047415
0.129553
0.93166
0.337617
0.959713
0.536997
0.875707
0.089222
0.72674
0.106458
0.536227
0.58737
0.159023
0.484106
0.268897
0.702058
0.64881
0.761363
0.797356
0.143066
0.625599
0.401793
0.846805
0.215547
0.246826
0.9861
0.288268
0.298576
0.493489
0.227371
0.819994
0.890443
0.090387
0.361679
0.512773
0.97501
0.209382
0.714721
0.948381
0.084622
0.437772
0.264449
0.289639
0.559959
0.63487
0.719584
0.950769
0.286809
0.382005
0.351247
0.358926
0.550738
0.564631
0.832439
0.392408
0.419568
0.698141
0.874417
0.815797
0.903555
0.422207
0.937211
0.671528
0.952766
0.595712
0.706181
0.519617
0.885914
0.396642
0.593577
0.41605
0.092403
0.24829
0.983811
0.796341
0.741718
0.867744
0.56421
0.098092
0.009917
0.405166
0.632762
0.929335
0.474175
0.039615
0.473285
0.409666
0.876923
0.91562
0.576605
0.65928
0.755027
0.855685
0.882293
0.635433
0.281618
0.423616
0.851239
0.772914
0.051342
0.681198
0.434669
0.813319
0.494336
0.030903
0.421041
0.365463
0.801035
0.689184
0.780926
0.112344
0.811003
0.177428
0.692339
0.956343
0.592617
0.11426
0.454395
0.711848
0.054583
0.153924
0.339818
0.391704
0.951861
0.982362
0.104856
0.504329
0.026038
0.684779
0.121399
0.499094
0.127014
0.192917
0.768171
0.423622
0.709521
0.948855
0.669539
0.062323
0.734522
0.019799
0.025432
0.155486
0.371682
0.79459
0.280295
0.513281
0.348373
0.666464
0.631358
0.919713
0.217115
0.995835
0.274659
0.202963
0.565342
0.127424
0.832569
0.588833
0.145582
0.285917
0.520699
0.071445
0.852417
0.116847
0.131003
0.970161
0.953278
0.208921
0.677383
0.970037
0.535769
0.215476
0.252772
0.74007
0.798067
0.767844
0.931918
0.721225
0.589941
0.979047
0.994159
0.701202
0.452118
0.088308
0.209601
0.096696
0.038928
0.801737
0.056262
0.226394
0.937846
0.650355
0.899353
0.516005
0.734055
0.318943
0.27442
0.46122
0.350191
0.826564
0.240661
0.217904
0.029755
0.36697
0.1855
0.734786
0.575983
0.789632
0.975384
0.178553
0.30397
0.893908
0.142704
0.103861
0.394574
0.870789
0.854666
0.055195
0.066612
0.229089
0.073309
0.416654
0.60491
0.9095
0.536246
0.251232
0.071881
0.521162
0.126046
0.594415
0.984357
0.105287
0.339767
0.545287
0.799151
0.752663
0.536344
0.011773
0.763257
0.575151
0.246496
0.036006
0.385718
0.944538
0.796239
0.754288
0.726594
0.304225
0.10509
0.087801
0.803167
0.924314
0.980188
0.977929
0.307429
0.137758
0.048908
0.45104
0.547552
0.4023
0.430451
0.941254
0.31265
0.652515
0.554515
0.501935
0.288171
0.422077
0.311544
0.820183
0.084346
0.424252
0.809396
0.701381
0.022847
0.6726
0.744434
0.66875
0.687338
0.934814
0.801651
0.427885
0.301469
0.461075
0.080654
0.84984
0.384029
0.611627
0.73409
0.105966
0.383951
0.521567
0.267444
0.706756
0.641046
0.53587
0.382991
0.294838
0.26983
0.028576
0.226962
0.279965
0.351427
0.495449
0.333484
0.192299
0.257045
0.086753
0.556704
0.404004
0.983226
0.963507
0.406519
0.271378
0.611861
0.05314
0.878901
0.534581
0.661559
0.913874
0.046791
0.57992
0.855662
0.405664
0.475016
0.782573
0.908073
0.43477
0.969004
0.353972
0.728597
0.155831
0.51572
0.199292
0.377023
0.907462
0.490672
0.691034
0.733219
0.872723
0.416943
0.492088
0.567065
0.369381
0.958948
0.610692
0.552592
0.155144
0.225865
0.840395
0.604385
0.448171
0.206153
0.29511
0.527055
0.126556
0.542596
0.452105
0.185296
0.357429
0.839074
0.303956
0.487564
0.357207
0.186534
0.811766
0.890927
0.945394
0.309948
0.678695
0.039727
0.208715
0.823027
0.205195
0.017565
0.676665
0.743872
0.429185
0.91448
0.150483
0.557629
0.003844
0.481646
0.837998
0.704345
0.123761
0.403246
0.947423
0.484659
0.826698
0.763851
0.022772
0.831062
0.949867
0.353368
0.940748
0.906539
0.01228
0.525706
0.007485
0.16962
0.757351
0.908384
0.591148
0.387513
0.652658
0.877483
0.00572
0.588256
0.630317
0.923614
0.490337
0.542372
0.986539
0.278133
0.837184
0.025791
0.387187
0.521246
0.349018
0.85318
0.136929
0.303753
0.935399
0.268528
0.007925
0.425816
0.476247
0.821887
0.796772
0.333883
0.370689
0.549654
0.653631
0.24611
0.384073
0.321001
0.424196
0.828518
0.560564
0.012798
0.977888
0.645004
0.841536
0.623825
0.176643
0.85535
0.40358
0.458426
0.582658
0.621505
0.938465
0.111667
0.188095
0.154642
0.221854
0.186076
0.147372
0.114982
0.920339
0.934306
0.518743
0.166425
0.760527
0.57443
0.153236
0.986826
0.895565
0.738036
0.418027
0.605584
0.347996
0.210694
0.152219
0.315698
0.109714
0.787365
0.305967
0.117595
0.848398
0.804842
0.9297
0.916886
0.983668
0.805673
0.688862
0.424944
0.819568
0.931142
0.195141
0.583867
0.562696
0.36761
0.992137
0.300277
0.32871
0.546741
0.118766
0.961292
0.481124
0.124332
0.877508
0.988798
0.241515
0.233647
0.266652
0.077482
0.917461
0.832005
0.155472
0.415185
0.764262
0.033092
0.717487
0.790732
0.438833
0.562617
0.314849
0.995106
0.920678
0.082124
0.795617
0.181832
0.158245
0.345931
0.311967
0.235121
0.749731
0.890362
0.44278
0.61865
0.07076
0.162441
0.652239
0.567492
0.153431
0.054556
0.699341
0.309637
0.96217
0.829852
0.06003
0.617036
0.449738
0.980189
0.291219
0.255289
0.357422
0.073667
0.18924
0.832412
0.45182
0.378724
0.928218
0.289622
0.839331
0.412974
0.345852
0.491844
0.662262
0.176045
0.865093
0.978065
0.250369
0.09626
0.511394
0.030397
0.201754
0.034182
0.213792
0.716068
0.863753
0.104388
0.84657
0.538774
0.637013
0.783732
0.912927
0.411732
0.679064
0.127555
0.147518
0.371361
0.052404
0.504803
0.105663
0.492999
0.373714
0.149281
0.570248
0.403983
0.835591
0.448541
0.970419
0.745873
0.330111
0.776794
0.467161
0.19807
0.007733
0.242067
0.428876
0.992706
0.697718
0.72811
0.061019
0.221067
0.814405
0.327767
0.973437
0.295191
0.689709
0.140754
0.794297
0.785017
0.132039
0.646604
0.342274
0.731317
0.393426
0.200265
0.882389
0.810205
0.486051
0.238869
0.268007
0.634107
0.096434
0.481163
0.183246
0.768712
0.262027
0.226592
0.402355
0.856213
0.044728
0.105541
0.216787
0.78698
0.046692
0.573516
0.069855
0.791831
0.587145
0.652216
0.035574
0.656196
0.537535
0.597932
0.55384
0.876874
0.55652
0.44387
0.557928
0.000434
0.57735
0.373525
0.152524
0.684354
0.539252
0.120869
0.866391
0.005523
0.055134
0.133472
0.615894
0.836137
0.579866
0.944175
0.263605
0.93376
0.777078
0.05557
0.548156
0.6203
0.408761
0.038151
0.861345
0.52493
0.016647
0.894612
0.457196
0.118431
0.492061
0.080081
0.510464
0.640662
0.407616
0.181047
0.835245
0.121029
0.618612
0.036402
0.136598
0.832893
0.732344
0.589806
0.670392
0.360223
0.675396
0.664136
0.113821
0.841556
0.844733
0.180695
0.128244
0.011839
0.488075
0.211991
0.166548
0.715603
0.539109
0.201751
0.058155
0.965458
0.135174
0.992486
0.790677
0.481624
0.237123
0.206081
0.772562
0.156489
0.615348
0.826499
0.615713
0.563409
0.532362
0.389339
0.504646
0.961694
0.430534
0.052119
0.767057
0.145755
0.427086
0.933341
0.797482
0.03545
0.481193
0.206465
0.101777
0.396019
0.743144
0.417431
0.562958
0.05004
0.440963
0.679225
0.9118
0.306099
0.731675
0.670976
0.86484
0.414508
0.111737
0.429508
0.214343
0.694877
0.044111
0.253803
0.771268
0.348564
0.617451
0.535717
0.831417
0.199591
0.414304
0.140849
0.584026
0.011554
0.01134
0.352425
0.572294
0.396099
0.509067
0.696304
0.97227
0.341756
0.862051
0.271654
0.028515
0.792718
0.829783
0.232018
0.649735
0.044481
0.918581
0.948703
0.253137
0.744964
0.855881
0.084406
0.818532
0.738439
0.599795
0.35621
0.412657
0.817595
0.338657
0.681244
0.504323
0.124971
0.680945
0.945586
0.718441
0.044194
0.560746
0.395618
0.308949
0.282268
0.528121
0.729808
0.929348
0.924179
0.236184
0.795082
0.97184
0.409603
0.437818
0.793788
0.16302
0.087558
0.185431
0.783104
0.152691
0.62257
0.170165
0.935953
0.646311
0.315424
0.378024
0.475324
0.625231
0.085665
0.800392
0.96251
0.398882
0.045604
0.834649
0.366644
0.92714
0.718765
0.608343
0.840088
0.702856
0.413505
0.153344
0.261851
0.259061
0.015074
0.028064
0.531288
0.426686
0.538257
0.928926
0.00388
0.652436
0.0813
0.849365
0.750579
0.815124
0.45511
0.094049
0.753805
0.795475
0.927754
0.931204
0.114251
0.978724
0.936287
0.761109
0.905344
0.039751
0.473159
0.458005
0.601945
0.233415
0.057626
0.379146
0.709953
0.458895
0.932318
0.438772
0.999186
0.590965
0.725856
0.877194
0.168523
0.559897
0.205996
0.652513
0.000801
0.027409
0.465516
0.165175
0.762761
0.843055
0.84778
0.646823
0.364442
0.194345
0.593411
0.02136
0.066609
0.758016
0.322697
0.060411
0.416828
0.985413
0.406647
0.765447
0.235696
0.51698
0.717521
0.324377
0.545769
0.644779
0.815065
0.120809
0.895306
0.883645
0.18962
0.708009
0.962535
0.065094
0.672792
0.209846
0.084703
0.084243
0.919653
0.766409
0.11304
0.39887
0.739366
0.402644
0.185772
0.068739
0.877353
0.311158
0.040549
0.503899
0.407519
0.863671
0.923447
0.129677
0.909784
0.295476
0.694959
0.815431
0.701887
0.08256
0.196443
0.627549
0.779883
0.87436
0.622491
0.168389
0.398845
0.207837
0.359822
0.785135
0.50212
0.553209
0.766147
0.814017
0.345243
0.503509
0.957947
0.528847
0.267855
0.865268
0.415629
0.194676
0.962781
0.105725
0.307679
0.495092
0.157079
0.353161
0.636832
0.553866
0.509814
0.137725
0.905679
0.812844
0.520776
0.777971
0.062028
0.539172
0.831972
0.53625
0.115211
0.585383
0.39417
0.734743
0.209289
0.743187
0.304753
0.049897
0.14094
0.048519
0.632034
0.122444
0.723832
0.622824
0.4536
0.758148
0.430438
0.518632
0.636694
0.013259
0.378237
0.058241
0.496738
0.571598
0.920548
0.975921
0.254383
0.78946
0.118513
0.835254
0.325183
0.719738
0.527223
0.287334
0.178855
0.52932
0.959522
0.114925
0.331202
0.168505
0.092545
0.46656
0.980468
0.040295
0.907372
0.587863
0.409278
0.388218
0.964387
0.045887
0.664463
0.725224
0.78163
0.355893
0.616203
0.562587
0.679963
0.271377
0.026705
0.866524
0.305397
0.33288
0.340185
0.427608
0.263804
0.649126
0.087804
0.176819
0.359381
0.207249
0.871096
0.723022
0.870015
0.086559
0.003941
0.269595
0.07416
0.136603
0.691661
0.955032
0.221568
0.096532
0.0042
0.145209
0.050768
0.069086
0.385222
0.593395
0.05375
0.313925
0.312462
0.330169
0.323284
0.794792
0.868279
0.858862
0.466672
0.087855
0.905267
0.698417
0.568477
0.769481
0.91605
0.640503
0.363257
0.971537
0.508264
0.947794
0.469748
0.34631
0.101284
0.150462
0.976521
0.534522
0.070123
0.757604
0.04344
0.23024
0.338346
0.803676
0.953492
0.641846
0.082639
0.30284
0.947213
0.313932
0.419234
0.661256
0.549303
0.458337