1024 1
0
950
1
141
2
307
3
788
4
716
5
764
6
1015
7
153
8
178
9
633
10
310
11
687
12
601
13
287
14
886
15
604
16
768
17
874
18
747
19
75
20
674
21
673
2
22
23
355
24
461
25
412
26
1017
27
846
28
772
29
1022
30
785
31
413
32
690
33
565
34
800
35
948
36
771
37
487
38
226
39
968
40
150
41
888
42
876
43
806
44
875
45
901
46
725
13
47
48
558
49
417
50
461
51
970
52
560
53
811
54
82
55
1005
56
477
57
778
58
894
59
782
60
300
61
786
62
1003
63
516
64
118
65
1001
66
310
67
421
68
752
69
917
70
853
71
718
72
393
73
644
74
132
26
75
76
79
77
845
78
123
79
804
80
658
81
251
82
397
12
83
84
311
85
873
86
894
87
424
88
311
89
332
90
493
91
258
92
698
93
287
94
107
95
199
96
765
97
412
98
117
99
147
100
505
101
184
102
638
103
993
104
677
105
279
106
647
107
930
108
710
109
618
110
924
111
117
112
159
113
651
114
562
115
853
116
855
117
636
118
613
119
947
120
513
121
890
122
221
123
684
84
124
125
937
126
460
127
777
128
239
116
129
65
130
129
131
132
262
108
133
134
713
135
947
136
468
21
137
138
368
139
477
140
261
141
695
142
902
143
271
144
323
145
669
146
632
147
962
148
774
149
284
150
508
41
151
152
245
153
391
154
954
155
959
156
1015
157
662
158
654
159
570
160
293
161
781
162
388
163
454
164
347
165
553
166
788
167
898
168
232
169
411
170
954
171
953
172
274
173
609
174
577
175
386
176
955
177
958
178
933
179
440
180
927
181
842
182
303
126
183
184
813
144
185
186
203
187
289
188
449
189
395
190
456
191
594
192
222
193
918
194
735
141
195
196
941
197
612
198
889
166
199
200
705
201
251
202
866
203
457
204
460
205
508
206
854
207
935
208
757
209
423
210
437
211
650
212
592
213
690
214
622
215
479
216
230
217
746
218
655
219
886
220
582
221
961
222
796
223
385
224
918
198
225
226
327
227
550
228
555
229
769
230
587
38
231
232
361
40
233
234
524
235
893
236
955
237
523
238
274
239
987
240
451
154
241
32
242
243
295
244
799
245
452
246
606
247
788
248
909
249
388
250
891
193
251
252
413
253
446
254
896
255
728
256
437
11
257
258
600
176
259
260
340
261
911
262
526
263
837
264
380
265
386
195
266
182
267
148
268
269
695
270
563
225
271
272
553
30
273
274
485
275
1014
276
797
277
304
278
823
271
279
280
525
281
573
142
282
283
1015
213
284
285
793
286
720
220
287
107
288
5
289
290
741
291
873
292
833
293
475
294
846
295
454
296
900
297
1017
298
525
299
532
300
509
301
785
302
803
303
926
76
304
305
714
163
306
112
307
308
989
309
321
197
310
311
411
312
623
313
718
314
959
315
1013
66
316
317
325
318
562
163
319
320
428
321
357
322
346
323
745
324
588
2
325
302
326
22
327
143
328
329
350
330
639
331
773
332
395
333
601
334
858
182
335
336
1005
245
337
38
338
339
852
80
340
72
341
342
472
343
980
344
526
75
345
287
346
347
432
137
348
349
789
130
350
351
460
142
352
224
353
354
974
355
680
356
431
357
840
358
861
187
359
360
698
361
707
360
362
363
448
223
364
330
365
240
366
246
367
368
638
28
369
370
874
371
411
372
956
176
373
374
718
375
919
205
376
377
886
378
745
183
379
380
538
381
768
382
830
383
632
384
534
385
999
386
570
200
387
388
401
389
457
390
924
264
391
27
392
46
393
394
472
194
395
396
987
397
800
398
952
139
399
336
400
70
401
402
969
403
1003
177
404
97
405
206
406
407
1002
213
408
409
611
308
410
411
574
205
412
369
413
414
615
415
449
416
996
417
954
418
690
419
733
420
911
421
671
422
749
423
846
301
424
425
569
426
808
427
489
428
718
342
429
430
970
335
431
192
432
433
772
64
434
435
464
436
980
174
437
226
438
439
580
305
440
186
441
442
547
410
443
394
444
445
644
446
703
447
611
442
448
449
573
450
795
124
451
80
452
453
702
454
964
171
455
422
456
457
625
458
1001
193
459
371
460
461
851
462
483
463
819
343
464
105
465
466
764
8
467
257
468
469
862
397
470
471
726
472
673
464
473
231
474
200
475
476
959
115
477
302
478
479
758
111
480
481
884
350
482
483
844
484
982
485
736
486
1017
487
633
488
521
489
992
490
824
95
491
235
492
421
493
286
494
495
675
353
496
340
497
498
945
499
847
317
500
0
501
448
502
247
503
504
606
351
505
81
506
248
507
242
508
272
509
444
510
511
753
8
512
513
593
430
514
463
515
516
678
190
517
211
518
519
858
520
765
454
521
522
736
523
730
524
608
525
1002
173
526
527
644
528
1004
507
529
530
842
376
531
532
598
533
836
72
534
535
657
50
536
367
537
538
550
289
539
268
540
236
541
542
736
230
543
392
544
545
1009
371
546
547
561
95
548
549
560
408
550
341
551
68
552
99
553
235
554
555
607
87
556
557
808
207
558
255
559
406
560
561
1008
377
562
563
822
564
917
90
565
85
566
318
567
28
568
569
921
570
812
282
571
572
895
299
573
574
659
575
631
559
576
577
958
578
591
579
801
117
580
456
581
282
582
292
583
584
888
64
585
586
988
18
587
419
588
589
990
141
590
231
591
592
959
593
753
594
647
518
595
596
767
10
597
233
598
259
599
600
775
29
601
601
602
603
755
580
604
605
824
328
606
491
607
603
608
361
609
610
1009
548
611
45
612
497
613
586
614
52
615
571
616
518
617
618
714
422
619
343
620
343
621
597
622
623
931
624
790
34
625
474
626
86
627
486
628
521
629
630
1018
183
631
231
632
224
633
633
634
82
635
636
916
637
755
27
638
155
639
294
640
491
641
588
642
643
859
441
644
188
645
646
932
647
998
6
648
263
649
60
650
651
825
17
652
653
896
654
748
279
655
382
656
657
780
658
813
659
683
119
660
204
661
556
662
95
663
379
664
545
665
46
666
221
667
526
668
97
669
256
670
592
671
500
672
673
909
222
674
153
675
460
676
11
677
165
678
274
679
603
680
598
681
682
704
683
922
684
937
685
878
636
686
32
687
673
688
689
913
352
690
377
691
472
692
693
973
694
710
695
981
96
696
110
697
698
834
165
699
525
700
94
701
540
702
703
780
704
1002
567
705
261
706
707
966
708
830
612
709
301
710
289
711
82
712
674
713
34
714
715
964
655
716
395
717
666
718
412
719
193
720
319
721
470
722
202
723
724
771
725
783
726
806
480
727
33
728
729
779
629
730
731
1020
10
732
363
733
734
852
706
735
196
736
737
985
718
738
739
778
479
740
741
880
584
742
141
743
588
744
745
808
746
814
339
747
698
748
139
749
717
750
613
751
752
766
753
872
123
754
643
755
471
756
757
846
429
758
618
759
760
794
761
922
367
762
203
763
735
764
765
869
452
766
746
767
149
768
438
769
356
770
470
771
410
772
773
954
173
774
127
775
705
776
729
777
82
778
311
779
780
976
422
781
353
782
183
783
685
784
612
785
681
786
612
787
605
788
742
789
615
790
791
1004
482
792
235
793
565
794
645
795
237
796
797
841
330
798
773
799
191
800
180
801
780
802
735
803
139
804
107
805
423
806
101
807
555
808
657
809
554
810
133
811
484
812
813
905
450
814
151
815
370
816
817
1006
818
876
669
819
670
820
192
821
545
822
121
823
566
824
825
965
7
826
827
861
305
828
829
920
830
967
467
831
832
838
294
833
40
834
235
835
836
970
315
837
792
838
554
839
536
840
66
841
842
844
352
843
309
844
424
845
652
846
148
847
386
848
453
849
772
850
170
851
343
852
837
853
229
854
648
855
856
874
290
857
164
858
15
859
129
860
796
861
292
862
108
863
864
980
865
983
134
866
325
867
665
868
111
869
845
870
871
939
872
1015
91
873
719
874
770
875
50
876
428
877
369
878
793
879
2
880
864
881
373
882
18
883
28
884
552
885
739
886
553
887
666
888
863
889
441
890
891
951
883
892
384
893
609
894
177
895
807
896
349
897
38
898
899
956
900
1013
901
977
762
902
839
903
901
904
432
905
265
906
415
907
908
987
259
909
799
910
648
911
912
945
753
913
459
914
486
915
310
916
856
917
333
918
751
919
750
920
852
921
636
922
341
923
868
924
46
925
575
926
691
927
47
928
573
929
254
930
376
931
23
932
309
933
400
934
484
935
402
936
937
979
827
938
760
939
557
940
628
941
491
942
943
983
537
944
236
945
670
946
831
947
484
948
805
949
646
950
700
951
636
952
404
953
381
954
847
955
955
956
370
957
797
958
959
1002
904
960
242
961
743
962
963
1017
894
964
603
965
810
966
579
967
292
968
453
969
581
970
195
971
949
972
933
973
486
974
271
975
581
976
736
977
702
978
244
979
789
980
981
993
982
1007
846
983
905
984
296
985
558
986
787
987
428
988
115
989
457
990
991
998
534
992
916
993
879
994
809
995
219
996
962
997
427
998
361
999
748
1000
273
1001
342
1002
259
1003
293
1004
20
1005
138
1006
741
1007
60
1008
31
1009
791
1010
587
1011
615
1012
319
1013
199
1014
150
1015
729
1016
360
1017
366
1018
517
1019
747
1020
369
1021
613
1022
550
1023
0.336571
0.41159
0.307285
0.789156
0.458461
0.882048
0.028121
0.568859
0.455352
0.741095
0.398689
0.988143
0.516971
0.309982
0.192788
0.488673
0.521745
0.764853
0.549206
0.55846
0.353193
0.376977
0.013493
0.060159
0.737253
0.941527
0.753763
0.338328
0.43457
0.844854
0.630152
0.951317
0.660605
0.616276
0.379743
0.812997
0.889544
0.813835
0.89094
0.188969
0.56657
0.847442
0.18847
0.485758
0.158743
0.238351
0.598928
0.394499
0.149945
0.436044
0.952437
0.879653
0.035403
0.200432
0.538579
0.766352
0.656065
0.072018
0.621886
0.238463
0.437693
0.678126
0.99527
0.796411
0.808637
0.013272
0.057779
0.138047
0.395492
0.119533
0.601241
0.211454
0.456088
0.478308
0.286985
0.554031
0.494308
0.601987
0.915862
0.141252
0.001866
0.024871
0.593614
0.175536
0.861277
0.782217
0.933137
0.195542
0.15665
0.942327
0.126757
0.80574
0.354198
0.125218
0.686425
0.433559
0.393896
0.163718
0.665417
0.401547
0.69986
0.262904
0.302488
0.415646
0.69009
0.42994
0.332484
0.989215
0.2611
0.206604
0.372987
0.199338
0.408494
0.996204
0.904332
0.529802
0.150231
0.328038
0.308037
0.65733
0.081487
0.201459
0.777501
0.17499
0.446214
0.086858
0.30232
0.335297
0.83957
0.64155
0.235298
0.976627
0.603455
0.917582
0.620701
0.435765
0.95012
0.422276
0.26929
0.099663
0.4915
0.941117
0.997112
0.645001
0.024339
0.551853
0.244663
0.111982
0.651273
0.688522
0.958976
0.964781
0.432174
0.385056
0.107833
0.233518
0.458036
0.452435
0.627562
0.269822
0.952905
0.839053
0.014032
0.792629
0.60775
0.858868
0.012239
0.047894
0.391607
0.263025
0.759476
0.073001
0.995408
0.061473
0.970731
0.895714
0.362438
0.534997
0.635599
0.261452
0.686966
0.112694
0.966941
0.077592
0.795007
0.152462
0.550799
0.64693
0.942096
0.262811
0.561855
0.995749
0.13474
0.408198
0.389989
0.04924
0.462808
0.631035
0.493643
0.727689
0.920096
0.216687
0.131709
0.396352
0.529528
0.998343
0.731464
0.77039
0.385698
0.770975
0.08473
0.138234
0.492545
0.877825
0.58902
0.624657
0.243166
0.875543
0.513633
0.804674
0.57288
0.159039
0.656679
0.1374
0.844146
0.118549
0.50304
0.894243
0.764019
0.106211
0.849421
0.363731
0.791947
0.001134
0.83073
0.818407
0.329178
0.409788
0.926054
0.09604
0.025024
0.66055
0.364704
0.935082
0.488282
0.775959
0.620043
0.78244
0.979524
0.137707
0.595396
0.496091
0.226626
0.649334
0.485985
0.060743
0.090656
0.863576
0.318253
0.005041
0.236467
0.817273
0.592103
0.98542
0.362738
0.192443
0.239722
0.383365
0.205868
0.26804
0.590312
0.0924
0.680734
0.480886
0.856051
0.036075
0.492214
0.654736
0.194847
0.903079
0.513044
0.591587
0.16381
0.043959
0.710235
0.804149
0.273448
0.301475
0.58248
0.531266
0.866796
0.9112
0.64034
0.75356
0.967567
0.106402
0.00902
0.822389
0.473086
0.687086
0.756981
0.118076
0.04497
0.932825
0.990898
0.771327
0.673379
0.800121
0.349367
0.760011
0.922657
0.231383
0.476579
0.19951
0.177809
0.204145
0.160325
0.023967
0.110825
0.689197
0.176973
0.535125
0.864826
0.814987
0.04977
0.775247
0.482727
0.470968
0.481749
0.130133
0.225738
0.590875
0.050926
0.873855
0.526905
0.239826
0.771998
0.564936
0.726625
0.220875
0.274759
0.56557
0.766944
0.032334
0.180795
0.827349
0.154277
0.628152
0.341509
0.922995
0.298772
0.167518
0.82559
0.237478
0.984906
0.654491
0.027519
0.925056
0.458339
0.602336
0.616931
0.133559
0.665541
0.945159
0.258777
0.464108
0.56219
0.668574
0.567823
0.070925
0.630256
0.098252
0.895135
0.660108
0.094303
0.0982
0.264407
0.886873
0.973913
0.589963
0.844943
0.894576
0.248251
0.359136
0.668174
0.7802
0.170873
0.540478
0.774457
0.547987
0.430736
0.139195
0.909306
0.497303
0.68147
0.191281
0.852799
0.21204
0.961989
0.983909
0.65319
0.410603
0.976711
0.222965
0.852792
0.905469
0.949467
0.920163
0.032025
0.213208
0.625233
0.698656
0.734763
0.246614
0.785013
0.977745
0.633318
0.282588
0.3568
0.305453
0.374709
0.675626
0.909681
0.294454
0.776615
0.873155
0.530009
0.450936
0.417747
0.990106
0.542429
0.609597
0.900528
0.562953
0.97617
0.602784
0.82125
0.284684
0.593058
0.231668
0.846233
0.384923
0.559609
0.797048
0.7038
0.086853
0.665237
0.593873
0.9374
0.433572
0.264119
0.946064
0.618789
0.941938
0.191676
0.45834
0.637002
0.093394
0.145679
0.784723
0.327
0.884004
0.308499
0.529659
0.61095
0.28153
0.566238
0.071875
0.87294
0.81007
0.570712
0.878767
0.764188
0.794927
0.015913
0.876977
0.632294
0.623552
0.609325
0.930999
0.950764
0.787856
0.179973
0.606114
0.103343
0.598725
0.48043
0.299055
0.982478
0.964716
0.852646
0.06132
0.572893
0.094417
0.907301
0.630413
0.553608
0.510706
0.979741
0.374395
0.484143
0.652332
0.690248
0.998415
0.871778
0.067165
0.380083
0.946162
0.513634
0.402013
0.460602
0.403003
0.093261
0.29319
0.372808
0.033693
0.784232
0.963609
0.782183
0.919296
0.574492
0.559996
0.81638
0.048464
0.279115
0.741958
0.255519
0.68781
0.266193
0.750057
0.320707
0.013293
0.113904
0.547453
0.081761
0.026777
0.253391
0.432148
0.82813
0.212205
0.67659
0.101448
0.384357
0.097869
0.255672
0.696372
0.459514
0.476018
0.031833
0.103154
0.702008
0.237276
0.982622
0.441796
0.707671
0.618683
0.435159
0.602848
0.607206
0.048688
0.578529
0.333345
0.067316
0.918552
0.884915
0.342415
0.379981
0.634565
0.454002
0.755824
0.55927
0.257959
0.937772
0.616079
0.034262
0.604075
0.000814
0.594327
0.295845
0.044067
0.96441
0.522893
0.094799
0.036331
0.59085
0.276996
0.135474
0.800085
0.445232
0.62538
0.286543
0.400455
0.669414
0.560998
0.32786
0.521597
0.044833
0.943886
0.510064
0.465708
0.606646
0.909049
0.585123
0.98752
0.58822
0.497328
0.172457
0.264725
0.948653
0.821443
0.656854
0.338286
0.164668
0.474751
0.968159
0.873393
0.921757
0.301075
0.268385
0.128768
0.684475
0.079906
0.802625
0.978786
0.186565
0.585016
0.063276
0.658583
0.478717
0.374727
0.203165
0.162629
0.213332
0.826843
0.594108
0.098114
0.194739
0.220845
0.035501
0.910953
0.618704
0.44439
0.378827
0.188504
0.765127
0.243442
0.482805
0.501015
0.112447
0.730098
0.618772
0.958666
0.220287
0.043963
0.324321
0.311656
0.11961
0.120177
0.538256
0.261642
0.347795
0.716036
0.720825
0.127785
0.368725
0.078651
0.477857
0.556587
0.194614
0.076117
0.142217
0.553269
0.031698
0.1619
0.711577
0.682422
0.541514
0.401803
0.057241
0.052234
0.721063
0.921515
0.334122
0.371503
0.682322
0.088648
0.6961
0.920476
0.818996
0.408969
0.305657
0.491165
0.700353
0.37739
0.947074
0.748267
0.053064
0.343941
0.855683
0.688835
0.594931
0.080718
0.47137
0.60255
0.233105
0.715835
0.407374
0.757822
0.288392
0.272303
0.435512
0.498049
0.222972
0.43135
0.396781
0.408431
0.769214
0.867567
0.429747
0.147391
0.817887
0.213515
0.256608
0.714843
0.195618
0.070047
0.837796
0.31818
0.873459
0.060707
0.768358
0.892446
0.71258
0.465071
0.885382
0.703744
0.294068
0.800365
0.457569
0.934539
0.879327
0.883825
0.250119
0.546607
0.34929
0.103493
0.395436
0.648537
0.523495
0.406982
0.899171
0.059289
0.537728
0.082809
0.501561
0.495579
0.410722
0.082453
0.909742
0.422768
0.465986
0.966433
0.716791
0.711619
0.452707
0.641872
0.390754
0.024097
0.689951
0.359965
0.446205
0.020063
0.982102
0.778092
0.703068
0.808483
0.724033
0.772815
0.750326
0.225343
0.311976
0.309798
0.292983
0.633046
0.008464
0.488706
0.710026
0.225774
0.33091
0.196736
0.762093
0.269011
0.77113
0.231884
0.357496
0.710656
0.936224
0.580691
0.851567
0.15561
0.002141
0.2715
0.024665
0.644737
0.685707
0.870296
0.885606
0.078287
0.45508
0.076487
0.900963
0.915241
0.941047
0.652846
0.428455
0.775604
0.478779
0.246688
0.986198
0.576974
0.247752
0.028573
0.715202
0.739298
0.123774
0.467385
0.872547
0.994636
0.179842
0.282236
0.697093
0.756448
0.976996
0.648693
0.505636
0.31403
0.963669
0.036276
0.375367
0.190047
0.15346
0.933729
0.457695
0.528444
0.745607
0.747493
0.284039
0.58893
0.316734
0.856706
0.359392
0.968243
0.183039
0.556188
0.79293
0.453123
0.98251
0.946894
0.172959
0.448037
0.05176
0.836808
0.549791
0.118315
0.630883
0.287893
0.659818
0.160984
0.312532
0.843941
0.04189
0.952693
0.723388
0.214874
0.91361
0.366033
0.924214
0.349487
0.31253
0.992795
0.104072
0.954342
0.272269
0.637056
0.312833
0.35322
0.112266
0.772749
0.721807
0.416784
0.771188
0.80563
0.783995
0.600583
0.621075
0.593327
0.962094
0.00459
0.853517
0.784684
0.999572
0.421612
0.58966
0.094755
0.760169
0.619525
0.568415
0.421139
0.244178
0.920205
0.428685
0.644824
0.531325
0.513508
0.706727
0.132321
0.909432
0.352768
0.966526
0.462451
0.837779
0.916857
0.304572
0.67018
0.460859
0.478645
0.500508
0.733776
0.859298
0.448416
0.501836
0.424019
0.584113
0.109183
0.120238
0.470753
0.536023
0.433237
0.462552
0.28123
0.723338
0.076132
0.928556
0.53229
0.185339
0.377308
0.416565
0.272026
0.775458
0.744602
0.215334
0.196398
0.770767
0.122419
0.347703
0.554073
0.902341
0.327567
0.752455
0.811814
0.075296
0.172445
0.627751
0.48149
0.888099
0.98478
0.876547
0.154809
0.318586
0.99972
0.955647
0.669666
0.126874
0.006761
0.21892
0.937308
0.62602
0.65586
0.642121
0.767376
0.147039
0.110906
0.871561
0.260541
0.404525
0.668384
0.650323
0.612757
0.548062
0.001424
0.350825
0.28401
0.100118
0.157938
0.196513
0.419118
0.005102
0.227776
0.839986
0.188372
0.080234
0.708683
0.151522
0.033586
0.269568
0.025077
0.122418
0.047996
0.583832
0.782502
0.149053
0.211072
0.683537
0.09692
0.841899
0.26374
0.118641
0.87184
0.31093
0.729921
0.375792
0.704803
0.172908
0.27257
0.378236
0.786586
0.372841
0.233261
0.602238
0.50358
0.654578
0.6946
0.452704
0.738206
0.848319
0.885157
0.869459
0.783532
0.60733
0.343977
0.138716
0.800524
0.67663
0.880039
0.296357
0.093509
0.357951
0.526288
0.514998
0.286371
0.724922
0.851041
0.527771
0.10523
0.426338
0.830318
0.874586
0.865584
0.287471
0.349008
0.885149
0.966179
0.931389
0.941871
0.358266
0.771269
0.443393
0.05482
0.145754
0.439432
0.277362
0.634286
0.290206
0.913459
0.081978
0.828399
0.796885
0.335616
0.775473
0.737338
0.554832
0.651764
0.393823
0.146887
0.572259
0.741384
0.268545
0.410663
0.771848
0.095083
0.807132
0.957221
0.083205
0.928338
0.882615
0.920365
0.482934
0.990482
0.609064
0.793339
0.159029
0.282236
0.625458
0.217764
0.208996
0.11831
0.381202
0.105597
0.241542
0.32735
0.049984
0.252548
0.073305
0.574938
0.277327
0.742726
0.842898
0.414597
0.681282
0.49658
0.140854
0.330336
0.204198
0.595458
0.734012
0.599531
0.305991
0.996141
0.964134
0.52845
0.223522
0.084773
0.569633
0.749042
0.292408
0.741813
0.184459
0.603996
0.277665
0.790106
0.847937
0.518646
0.450256
0.836436
0.404666
0.022662
0.11854
0.510031
0.310187
0.804606
0.543616
0.589207
0.93186
0.395691
0.238743
0.699803
0.622826
0.980019
0.191794
0.924727
0.260092
0.631116
0.961508
0.769808
0.27615
0.253378
0.266015
0.84058
0.22547
0.653105
0.925547
0.469644
0.29014
0.043302
0.70927
0.802265
0.09223
0.246668
0.826238
0.731213
0.564512
0.595879
0.264837
0.047892
0.043589
0.120027
0.973706
0.541658
0.982471
0.638769
0.536926
0.399007
0.860816
0.68304
0.354457
0.276675
0.639157
0.64314
0.93033
0.394304
0.20827
0.191225
0.816911
0.987406
0.948932
0.917411
0.356583
0.478919
0.238293
0.981058
0.675518
0.389416
0.145782
0.727229
0.597376
0.727962
0.758186
0.825957
0.584565
0.424019
0.520058
0.444345
0.102912
0.42949
0.361177
0.729819
0.762254
0.908691
0.090677
0.190693
0.252576
0.645294
0.869577
0.348284
0.897312
0.729892
0.736043
0.722777
0.246921
0.286854
0.571047
0.548295
0.726726
0.049525
0.440447
0.773614
0.565376
0.061901
0.36207
0.671595
0.63515
0.327195
0.061474
0.622689
0.428771
0.108223
0.397543
0.353067
0.981015
0.638096
0.468555
0.303309
0.932531
0.427023
0.69276
0.451643
0.523149
0.451309
0.10887
0.822735
0.083574
0.20236
0.216954
0.87228
0.947373
0.62864
0.861818
0.633954
0.33613
0.55275
0.098972
0.852243
0.933533
0.556721
0.907268
0.343665
0.943617
0.462212
0.209789
0.42283
0.803848
0.006162
0.043578
0.792978
0.456539
0.727119
0.233238
0.529593
0.958409
0.548565
0.472273
0.8969
0.384187
0.525053
0.897401
0.655448
0.054351
0.793283
0.599164
0.306999
0.194473
0.551426
0.460577
0.745287
0.013718
0.205081
0.034877
0.337102
0.718753
0.795798
0.771958
0.801808
0.405132
0.120278
0.953327
0.051744
0.579783
0.861439
0.08905
0.449312
0.138547
0.878596
0.235568
0.650959
0.973582
0.418061
0.707838
0.212403
0.221226
0.894193
0.751042
0.104906
0.428961
0.871432
0.956272
0.163744
0.024277
0.107595
0.913802
0.963524
0.393342
0.680345
0.219102
0.367591
0.36111
0.335969
0.730008
0.623234
0.621905
0.531199
0.290694
0.912734
0.875092
0.33181
0.668158
0.296596
0.962332
0.153028
0.722159
0.837303
0.120137
0.161656
0.78583
0.331492
0.519849
0.997576
0.254537
0.174451
0.099548
0.740599
0.640805
0.722867
0.612933
0.342279
0.753168
0.822855
0.711274
0.865015
0.498532
0.403756
0.454859
0.465529
0.35842
0.02198
0.300318
0.6046
0.007805
0.51742
0.105418
0.04878
0.720566
0.974329
0.780887
0.812064
0.568176
0.879531
0.42308
0.278396
0.325429
0.835923
0.934457
0.373583
0.9723
0.470289
0.507136
0.83378
0.348348
0.307081
0.240746
0.736877
0.786087
0.237166
0.63728
0.778135
0.0191
0.331385
0.454783
0.800207
0.832492
0.990309
0.135192
0.785315
0.059001
0.616989
0.469443
0.789024
0.317949
0.000642
0.707015
0.907631
0.211471
0.393086
0.400962
0.91336
0.495666
0.416624
0.396048
0.888244
0.913671
0.007942
0.78274
0.381623
0.90062
0.093507
0.580099
0.924595
0.130033
0.487103
0.488859
0.093214
0.596273
0.548774
0.980492
0.083553
0.834669
0.396386
0.01948
0.601898
0.149815
0.931863
0.507085
0.356234
0.891632
0.754374
0.026141
0.726108
0.786829
0.006758
0.556837
0.045652
0.790996
0.889313
0.320757
0.683962
0.085767
0.466158
0.528667
0.65256
0.319113
0.167228
0.093833
0.224675
0.261672
0.399096
0.756633
0.150837
0.742134
0.940693
0.370365
0.994724
0.01945
0.425142
0.874663
0.03192
0.802374
0.336542
0.912581
0.963007
0.944705
0.405814
0.836308
0.928542
0.666822
0.730153
0.905662
0.904681
0.259795
0.034862
0.919146
0.347577
0.021394
0.51783
0.623088
0.139546
0.998841
0.496331
0.76156
0.255847
0.833798
0.394882
0.889087
0.362071
0.325634
0.186424
0.710916
0.678251
0.505452
0.887642
0.99696
0.355004
0.942305
0.354196
0.281317
0.23557
0.015509
0.200109
0.652161
0.844561
0.192943
0.997654
0.643704
0.599954
0.527244
0.641219
0.704285
0.210184
0.143778
0.546509
0.738845
0.622566
0.652676
0.95094
0.254681
0.56598
0.366605
0.137439
0.28361
0.276802
0.258122
0.222687
0.00366
0.236786
0.229423
0.350388
0.170385
0.540253
0.568874
0.545531
0.275781
0.617372
0.125983
0.138731
0.880549
0.1177
0.624271
0.7253
0.248828
0.709085
0.97931
0.800347
0.799202
0.9834
0.831259
0.061383
0.261507
0.75089
0.172947
0.254408
0.303579
0.247394
0.891141
0.677495
0.725693
0.131126
0.004822
0.876681
0.786073
0.702883
0.635824
0.420714
0.568155
0.983191
0.210972
0.085789
0.790803
0.754928
0.450381
0.449303
0.653116
0.061267
0.600294
0.185254
0.30998
0.159878
0.238763
0.074562
0.526401
0.271028
0.101255
0.348429
0.071201
0.938732
0.020742
0.916378
0.200062
0.837756
0.731136
0.719004
0.719469
0.817156
0.780081
0.704551
0.19258
0.796339
0.626907
0.596603
0.447706
0.065718
0.028474
0.164358
0.445908
0.624428
0.288262
0.850761
0.919004
0.752181
0.480392
0.811231
0.495911
0.134359
0.046271
0.14888
0.582612
0.58328
0.475397
0.043829
0.513043
0.062316
0.356259
0.492127
0.0642
0.192303
0.900383
0.781038
0.607244
0.593056
0.982788
0.681633
0.399349
0.641726
0.459239
0.336988
0.743936
0.414261
0.544568
0.036434
0.441058
0.306644
0.27994
0.484202
0.342996
0.626939
0.126024
0.878785
0.813432
0.487845
0.436991
0.628763
0.401071
0.427682
0.593552
0.821248
0.252999
0.530592
0.708718
0.109307
0.210124
0.600389
0.162245
0.288818
0.918631
0.550379
0.361437
0.097768
0.725677
0.949187
0.726028
0.823797
0.834589
0.269631
0.246718
0.76605
0.626735
0.505694
0.737837
0.736072
0.097477
0.857238
0.840493
0.055593
0.784825
0.19751
0.804614
0.897596
0.067947
0.897292
0.501556
0.588225
0.40931
0.562615
0.814465
0.452814
0.377601
0.574053
0.951602
0.107178
0.244452
0.91004
0.710372
0.477601
0.324754
0.775803
0.324484
0.646056
0.246262
0.38172
0.728795
0.746145
0.842626
0.644287
0.395167
0.781942
0.071762
0.616079
0.081889
0.051308
0.036323
0.082608
0.817305
0.669073
0.832801
0.538294
0.143329
0.049446
0.865012
0.592225
0.175663
0.135123
0.21522
0.674507
0.477171
0.816782
0.25195
0.248308
0.903342
0.273591
0.859546
0.632086
0.031344
0.750861
0.323939
0.116231
0.090684
0.09923
0.807113
0.374118
0.50762
0.034879
0.206214
0.526109
0.891023
0.230367
0.6501
0.703621
0.897394
0.97031
0.459828
0.793249
0.588027
0.742288
0.767866
0.712161
0.233354
0.607753
0.09064
0.55792
0.646537
0.692107
0.532842
0.335376
0.116377
0.632327
0.252104
0.667458
0.426892
0.477498
0.348249
0.511011
0.42192
0.808149
0.673771
0.099993
0.289634
0.843994
0.670666
0.098871
0.325635
0.834727
0.118281
0.472517
0.777593
0.25803
0.373676
0.404408
0.416221
0.657799
0.347472
0.013497
0.918872
0.403949
0.495993
0.885275
0.396628
0.319961
0.425796
0.428767
0.660459
0.493528
0.892151
0.356572
0.894362
0.314529
0.580421
0.609419
0.933588
0.300142
0.107944
0.550709
0.55087
0.162471
0.161446
0.655084
0.544476
0.102842
0.273301
0.141352
0.241042
0.066291
0.225008
0.21695
0.55477
0.169259
0.982519
0.032275
0.693697
0.646786
0.536658
0.892501
0.137393
0.132041
0.808547
0.292396
0.581096
0.781449
0.29892
0.818721
0.68903
0.1739
0.865022
0.652747
0.53165
0.11323
0.146753
0.479972
0.381977
0.546205
0.758807
0.607829
0.019226
0.313741
0.439652
0.01244
0.013051
0.918871
0.872222
0.16887
0.402986
0.916253
0.760929
0.614785
0.274775
0.465346
0.183785
0.707355
0.772641
0.187769
0.975945
0.327171
0.06446
0.842477
0.710751
0.394224
0.279943
0.362996
0.405765
0.116107
0.061404
0.181156
0.279963
0.544188
0.119839
0.769726
0.202973
0.795223
0.270129
0.965576
0.980812
0.072433
0.799859
0.606195
0.975688
0.429849
0.118638
0.813817
0.131683
0.945165
0.674453
0.027055
0.25481
0.916551
0.174972
0.388498
0.61599
0.157226
0.32026
0.67771
0.76807
0.140575
0.589243
0.467971
0.932804
0.704823
0.499042
0.473213
0.943698
0.157651
0.737868
0.702801
0.379227
0.555551
0.679012
0.055371
0.249715
0.511386
0.970032
0.885366
0.375136
0.09928
0.307623
0.653865
0.020986
0.665986
0.673955
0.303322
0.49289
0.519321
0.789159
0.218223
0.36274
0.251258
0.956749
0.642312
0.259946
0.345911
0.308403
0.806661
0.683657
0.753782
0.328865
0.08746
0.067943
0.879311
0.111964
0.803189
0.65395
0.193252
0.931377
0.767799
0.200113
0.425979
0.777212
0.721024
0.742426
0.639316
0.194945
0.645115
0.522554
0.824043
0.483947
0.669484
0.874381
0.890901
0.785674
0.536084
0.168701
0.858606
0.688124
0.324608
0.322737
0.928065
0.339439
0.01731
0.805881
0.561823
0.716074
0.983257
0.428761
0.312032
0.540864
0.101137
0.537533
0.64495
0.177254
0.839883
0.689709
0.463697
0.634177
0.891559
0.044845
0.414122
0.088135
0.095236
0.208186
0.446375
0.086988
0.949448
0.736521
0.14992
0.692309
0.635323
0.750371
0.798676
0.04304
0.426156
0.777961
0.208847
0.458187
0.126186
0.480627
0.94174
0.698534
0.060358
0.502281
0.537846
0.30455
0.539193
0.217762
0.919091
0.506703
0.429751
0.652201
0.352292
0.66412
0.013999
0.140704
0.603994
0.101044
0.151544
0.560982
0.221356
0.384291
0.562898
0.826667
0.464425
0.257854
0.786457
0.677307
0.345927
0.91117
0.313739
0.531999
0.379715
0.657171
0.78194
0.564086
0.34662
0.346821
0.533598
0.975815
0.386564
0.811407
0.979213
0.928061
0.276091
0.019638
0.015332
0.696268
0.994051
0.688989
0.876656
0.792994
0.403232
0.013533
0.944435
0.883139
0.147395
0.296803
0.531104
0.923358
0.911201
0.691528
0.545372
0.087989
0.391617
0.699592
0.980411
0.575216
0.921144
0.797568
0.371192
0.25031
0.453827
0.9199
0.542027
0.409451
0.269101
0.524884
0.190591
0.620184
0.765643
0.095602
0.050401
0.484629
0.750774
0.719883
0.227901
0.204736
0.187241
0.749644
0.03079
0.532219
0.08675
0.943464
0.963682
0.657504
0.973366
0.21404
0.404382
0.032692
0.012007
0.064875
0.593413
0.284843
0.109802
0.198978
0.478697
0.396369
0.23055
0.712591
0.217847
0.916864
0.500334
0.934192
0.590526
0.331228
0.535485
0.864556
0.288989
0.516252
0.351762
0.424531
0.736905
0.495877
0.104863
0.304791
0.896513
0.360242
0.847023
0.667914
0.298299
0.797009
0.560189
0.93632
0.099881
0.862192
0.925814
0.103324
0.168665
0.045768
0.924767
0.868204
0.100641
0.814685
0.777488
0.111194
0.916994
0.584029
0.330303
0.595938
0.027833
0.354481
0.193784
0.391316
0.151687
0.026391
0.181996
0.149591
0.636945
0.419479
0.058397
0.567312
0.457952
0.628736
0.628205
0.999039
0.461352
0.604395
0.772968
0.595608
0.260098
0.703131
0.029458
0.034005
0.849961
0.649126
0.578919
0.847015
0.894359
0.195121
0.80859
0.485539
0.407864
0.757283
0.591319
0.371851
0.43047
0.239654
0.191254
0.92089
0.686959
0.791487
0.364928
0.574027
0.885828
0.486556
0.88645
0.133628
0.878319
0.768994
0.245859
0.727412
0.685439
0.823764
0.554857
0.972617
0.244116
0.328599
0.159483
0.835418
0.424199
0.957587
0.185371
0.326568
0.85216
0.049864
0.408101
0.952321
0.145941
0.616671
0.023567
0.087838
0.626797
0.260755
0.322087
0.891345
0.399651
0.863159
0.717538
0.987108
0.891147
0.686326
0.403458
0.466455
0.169149
0.139712
0.912995
0.36265
0.934136
0.844008
0.094586
0.975405
0.443619
0.818747
0.319508
0.219182
0.234651
0.246207
0.923079
0.998263
0.096427
0.717902
0.050858
0.809498
0.418806
0.510233
0.755309
0.589165
0.759204
0.587106
0.330502
0.525646
0.46199
0.221659
0.802112
0.216946
0.484665
0.999644
0.3383
0.847144
0.141195
0.210502
0.673731
0.822802
0.719895
0.434788
0.330596
0.010731
0.561612
0.154988
0.243835
0.962499
0.927717
0.439752
0.895162
0.349985
0.149545
0.884275
0.94658
0.902358
0.364932
0.117788
0.193922
0.17793
0.119997
0.455792
0.745609
0.086129
0.62381
0.39935
0.363433
0.128153
0.370427
0.21324
0.596179
0.63549
0.789754
0.678633
0.89801
0.807824
0.71966
0.833982
0.121632
0.677384
0.677063
0.692715
0.102983
0.780463
0.137284
0.535289
0.241886
0.06937
0.311255
0.996348
0.08135
0.477412
0.64318
0.885903
0.53848
0.303078
0.029735
0.208288
0.64824
0.947731
0.238855
0.13561
0.062336
0.310917
0.760359
0.824573
0.904715
0.918782
0.068165
0.239257
0.730519
0.94756
0.078953
0.026115
0.616956
0.758912
0.108503
0.299707
0.424895
0.733063
0.560425
0.348164
0.956947
0.232245
0.027591
0.835868
0.06104
0.050426
0.911058
0.460355
0.162954
0.757816
0.762362
0.933284
0.390639
0.74781
0.333155
0.92515
0.582294
0.101172
0.603256
0.350407
0.573662
0.241602
0.974657
0.158889
0.214405
0.210729
0.598603
0.705896
0.279958
0.293728
0.354104
0.108531
0.454122
0.207062
0.608421
0.399201
0.098049
0.664838
0.452425
0.810733
0.806272
0.828549
0.200949
0.443763
0.737912
0.214726
0.30621
0.63221
0.567223
0.818217
0.504259
0.413979
0.196406
0.118352
0.301764
0.403378
0.453802
0.413797
0.287178
0.213579
0.657659
0.914969
0.915977
0.296266
0.474388
0.155441
0.098559
0.905245
0.139587
0.178062
0.398193
0.698447
0.589727
0.421951
0.685954
0.617626
0.378416
0.618695
0.264895
0.484195
0.323524
0.082227
0.772196
0.208723
0.037044
0.917744
0.820756
0.464138
0.957674
0.444176
0.615304
0.258124
0.880416
0.11578
0.938616
0.336765
0.037583
0.766181
0.712165
0.376899
0.833142
0.362443
0.77074
0.521461
0.483537
0.06497
0.239654
0.125215
0.753164
0.289387
0.309211
0.378744
0.420245
0.455229
0.279456
0.966482
0.359226
0.9577
0.807407
0.163467
0.159295
0.403591
0.765899
0.288193
0.572781
0.794974
0.301422
0.906006
0.698551
0.885717
0.25973
0.248565
0.975157
0.065215
0.406235
0.080122
0.007921
0.052984
0.445364
0.980374
0.551189
0.939483
0.560088
0.683624
0.906434
0.446216
0.452129
0.775257
0.163843
0.443009
0.335951
0.02356
0.748458
0.670478
0.850639
0.612407
0.609854
0.136527
0.073444
0.256927
0.032408
0.177189
0.776413
0.019459
0.636758
0.457417
0.982426
0.034285
0.986385
0.318907
0.80167
0.369773
0.945612
0.371667
0.859184
0.354334
0.873927
0.114525
0.871558
0.500903
0.365496
0.274036
0.635346
0.394512
0.267559
0.195093
0.878417
0.315965
0.647734
0.67984
0.304832
0.016068
0.715002
0.523889
0.752388
0.033905
0.73331
0.845131
0.964481
0.311677
0.526586
0.737014
0.107676
0.414861
0.810369
0.75041
0.317954
0.269917
0.412843
0.096814
0.72167
0.176183
0.304742
0.226377
0.329223
0.392088
0.46309
0.635947
0.504922
0.437252
0.350449
0.115836
0.707771
0.461221
0.752018
0.119993
0.482535
0.731423
0.065535
0.363474
0.526271
0.812912
0.449319
0.640895
0.422703
0.461981
0.666782
0.254555
0.406756
0.912132
0.836379
0.083162
0.406259
0.435874
0.726449
0.637897
0.977037
0.4969
0.791967
0.220839
0.071843
0.061585
0.601076
0.063892
0.543804
0.776126
0.258738
0.221576
0.382594
0.404424
0.582041
0.940614
0.534912
0.186599
0.941875
0.473467
0.497831
0.854433
0.694868
0.884273
0.538092
0.915097
0.25277
0.180774
0.903009
0.126996
0.784835
0.665474
0.580456
0.565052
0.98615
0.849836
0.672888
0.155809
0.561532
0.667855
0.469487
0.405134
0.334365
0.908165
0.585604
0.044599
0.833168
0.476889
0.907224
0.972309
0.142497
0.999905
0.595995
0.012746
0.207118
0.247061
0.932521
0.295484
0.587301
0.003258
0.734986
0.98468
0.561306
0.707811
0.470715
0.487728
0.751497
0.253415
0.115714
0.57166
0.964048
0.541293
0.316163
0.284314
0.383718
0.156057
0.735235
0.292681
0.06139
0.641075
0.358707
0.672034
0.226952
0.27213
0.306752
0.27549
0.120173
0.499031
0.966049
0.106091
0.551135
0.264606
0.884147
0.612797
0.598253
0.256476
0.731966
0.548261
0.343998
0.015487
0.615625
0.295647
0.507726
0.463361
0.191058
0.450696
0.689021
0.723449
0.04194
0.900633
0.324238
0.364358
0.025844
0.350766
0.84278
0.604481
0.621251
0.628849
0.763063
0.293961
0.287502
0.441969
0.698747
0.390552
0.690336
0.256764
0.112216
0.944934
0.207632
0.252264
0.137192
0.027265
0.363783
0.200908
0.298142
0.747182
0.277193
0.638268
0.072545
0.015361
0.780335
0.808764
0.567234
0.174003
0.002933
0.130382
0.69605
0.239189
0.664763
0.414709
0.446109
0.613234
0.605003
0.885706
0.333025
0.002516
0.820947
0.304376
0.625049
0.040603
0.562983
0.314901
0.941411
0.662978
0.533928
0.548559
0.771361
0.026421
0.440658
0.12822
0.553361
0.511204
0.019448
0.221864
0.205207
0.917737
0.65622
0.051882
0.533358
0.015579
0.56858
0.60869
0.291046
0.963205
0.687824
0.494209
0.862257
0.778269
0.105186
0.694025
0.308139
0.790965
0.913253
0.134673
0.293228
0.323805
0.504442
0.409601
0.11647
0.661719
0.052553
0.299212
0.543764
0.172724
0.978152
0.899456
0.43065
0.688966
0.752285
0.822034
0.001156
0.211444
0.281373
0.392692
0.854622
0.702009
0.343928
0.299005
0.272385
0.329642
0.930231
0.398009
0.303837
0.823303
0.379028
0.771212
0.978233
0.420432
0.986243
0.648308
0.479597
0.73833
0.733297
0.686338
0.828121
0.609358
0.356169
0.84145
0.045943
0.708157
0.050718
0.013871
0.451379
0.033965
0.675005
0.045099
0.590799
0.64876
0.733342
0.980202
0.226884
0.245104
0.552576
0.900923
0.151421
0.513565
0.43429
0.838076
0.00496
0.2875
0.433508
0.972128
0.899583
0.039387
0.635386
0.18526
0.047934
0.656146
0.319077
0.249487
0.699562
0.431974
0.909065
0.323356
0.634339
0.84254
0.853196
0.991755
0.367092
0.603781
0.460067
0.558585
0.098964
0.844861
0.842854
0.586899
0.620027
0.384356
0.054328
0.845505
0.212745
0.45615
0.129804
0.392928
0.768855
0.1026
0.84406
0.387331
0.081568
0.112521
0.117986
0.071521
0.05206
0.994865
0.176724
0.065713
0.779575
0.484941
0.819401
0.58781
0.126772
0.889636
0.881038
0.927016
0.345696
0.50684
0.667379
0.056165
0.773838
0.060272
0.341961
0.758553
0.179436
0.683217
0.423912
0.591434
0.29589
0.187476
0.80753
0.726955
0.789613
0.679267
0.084014
0.071813
0.475773
0.551479
0.414226
0.411897
0.320255
0.467399
0.638597
0.622168
0.507825
0.080958
0.269255
0.797402
0.662939
0.829973
0.929827
0.044366
0.159185
0.407871
0.238202
0.558729
0.295129
0.576163
0.578779
0.996653
0.74432
0.000836
0.716862
0.614479
0.946424
0.07552
0.61299
0.577311
0.640921
0.496971
0.097386
0.040124
0.614301
0.205242
0.174074
0.628631
0.375916
0.070694
0.275359
0.545361
0.638472
0.167043
0.573519
0.670765
0.582583
0.914754
0.283969
0.119799
0.473312
0.132138
0.727899
0.799385
0.415071
0.514932
0.969142
0.776842
0.487733
0.895728
0.61963
0.082791
0.162851
0.711669
0.723486
0.400306
0.967591
0.224159
0.438583
0.597248
0.291207
0.608805
0.83845
0.094033
0.527912
0.666638
0.303169
0.682005
0.432999
0.278338
0.067934
0.587783
0.799653
0.280918
0.770104
0.088276
0.578585
0.594508
0.747269
0.185967
0.626908
0.894575
0.559287
0.543541
0.651601
0.243241
0.35326
0.914661
0.254774
0.457881
0.496417
0.612451
0.557359
0.324918
0.997525
0.808055
0.084487
0.498625
0.769203
0.417269
0.038162
0.352961
0.34872
0.394874
0.345915
0.818232
0.785445
0.116961
0.248254
0.774425
0.9897
0.297597
0.807737
0.437719
0.268972
0.027149
0.757113
0.534882
0.419492
0.395194
0.219437
0.717493
0.974966
0.647724
0.95476
0.1886
0.949108
0.790083
0.53827
0.141008
0.382909
0.009283
0.37155
0.951268
0.778861
0.202091
0.197098
0.938165
0.813875
0.10888
0.70323
0.189009
0.620276
0.775261
0.347293
0.063138
0.144111
0.041029
0.571909
0.978942
0.351142
0.622853
0.075103
0.64668
0.437599
0.300728
0.671469
0.270356
0.615654
0.905143
0.070093
0.151941
0.847859
0.454846
0.526839
0.432231
0.787303
0.966858
0.861738
0.819887
0.294045
0.389146
0.345298
0.787759
0.141304
0.917735
0.509279
0.487051
0.08502
0.419556
0.938577
0.314494
0.771218
0.700093
0.220674
0.958686
0.010215
0.058735
0.403344
0.865628
0.142543
0.540087
0.80857
0.698271
0.709071
0.105655
0.96667
0.870611
0.48112
0.459113
0.073614
0.381418
0.951924
0.265682
0.852633
0.52726
0.762292
0.623821
0.724955
0.893254
0.332166
0.122272
0.60561
0.365306
0.772756
0.980706
0.157629
0.350473
0.814971
0.634458
0.536145
0.327621
0.620772
0.543973
0.388571
0.874448
0.224735
0.697637
0.88378
0.086065
0.034082
0.405167
0.148511
0.082164
0.519762
0.881114
0.778713
0.541348
0.684264
0.179581
0.754719
0.748705
0.510868
0.646007
0.399582
0.229231
0.475689
0.321521
0.421508
0.673951
0.119941
0.788727
0.185311
0.555202
0.558327
0.607589
0.745313
0.498889
0.580348
0.868832
0.583982
0.024401
0.462921
0.758261
0.391641
0.167533
0.932456
0.006949
0.639513
0.16812
0.984178
0.163242
0.780614
0.113928
0.780787
0.104106
0.551925
0.588457
0.575273
0.990196
0.951543
0.659463
0.409755
0.685659
0.115344
0.136331
0.6449
0.629803
0.758642
0.593923
0.564314
0.469153
0.134917
0.749771
0.211759
0.740326
0.345451
0.335844
0.198574
0.572265
0.337234
0.606264
0.747957
0.339608
0.17455
0.660532
0.034403
0.619304
0.69868
0.507672
0.717719
0.279571
0.99128
0.805146
0.016747
0.05881
0.928973
0.920107
0.891733
0.272454
0.233969
0.044241
0.548161
0.57922
0.647656
0.876756
0.646955
0.488553
0.700458
0.06074
0.839806
0.349059
0.600356
0.56389
0.046213
0.108594
0.599012
0.914787
0.427517
0.08181
0.921407
0.096519
0.87717
0.890395
0.22421
0.680323
0.762815
0.629059
0.011264
0.945014
0.562094
0.47075
0.31786
0.045659
0.077613
0.965173
0.789312
0.394562
0.331534
0.584846
0.131462
0.161579
0.441181
0.744691
0.998124
0.366168
0.264209
0.570856
0.209052
0.721053
0.621148
0.788162
0.564593
0.274856
0.103199
0.127684
0.154445
0.800014
0.632334
0.935708
0.517577
0.926878
0.981129
0.387713
0.500726
0.795235
0.467352
0.938384
0.074912
0.681377
0.24681
0.179441
0.175304
0.867785
0.585443
0.017245
0.793295
0.099663
0.994531
0.347129
0.647214
0.045425
0.205609
0.477046
0.005917
0.997115
0.117808
0.572069
0.433415
0.06891
0.70513
0.730301
0.187207
0.678841
0.044739
0.902892
0.803671
0.058254
0.394976
0.187627
0.037799
0.942908
0.296372
0.912448
0.803536
0.623355
0.588838
0.040966
0.24161
0.142531
0.033434
0.63277
0.126934
0.423287
0.115172
0.409291
0.232216
0.529413
0.787274
0.901861
0.868472
0.833753
0.397228
0.28701
0.491981
0.426899
0.54858
0.772789
0.983087
0.188453
0.391146
0.34898
0.304921
0.978487
0.918549
0.260095
0.40652
0.862265
0.693325
0.352377
0.54885
0.774899
0.209554
0.674826
0.98241
0.250485
0.753186
0.342197
0.857593
0.481998
0.423469
0.20284
0.488302
0.50829
0.039242
0.489851
0.448931
0.734806
0.899744
0.687338
0.786984
0.200827
0.628906
0.532056
0.765989
0.673966
0.217173
0.144842
0.06945
0.112613
0.6644
0.25313
0.942531
0.519056
0.716948
0.138026
0.178783
0.907355
0.114015
0.960874
0.824624
0.889504
0.512501
0.134317
0.173903
0.191851
0.206472
0.837915
0.344256
0.723398
0.870887
0.038099
0.703614
0.761125
0.598657
0.468976
0.600985
0.985471
0.000717
0.693828
0.920792
0.695029
0.61439
0.582794
0.520726
0.964961
0.695892
0.498476
0.486525
0.210068
0.354347
0.141348
0.037911
0.058502
0.39055
0.46179
0.869177
0.199269
0.733723
0.550684
0.768167
0.946626
0.606854
0.382
0.313483
0.13595
0.175077
0.960066
0.020284
0.189769
0.15593
0.507582
0.55833
0.709443
0.720788
0.408397
0.766514
0.434521
0.283031
0.171375
0.968773
0.758827
0.896373
0.577364
0.201375
0.342826
0.156342
0.723549
0.372196
0.34735
0.869099
0.126838
0.968804
0.849046
0.048995
0.347074
0.732905
0.520454
0.295652
0.130306
0.015554
0.574715
0.703552
0.84805
0.744189
0.74561
0.508092
0.090244
0.298932
0.709125
0.727034
0.171578
0.968274
0.02716
0.769651
0.565492
0.695863
0.460316
0.841742
0.316871
0.093314
0.468489
0.303516
0.262256
0.941969
0.079312
0.898188
0.630344
0.664411
0.553874
0.739048
0.743314
0.514849
0.954559
0.81399
0.339972
0.272637
0.527418
0.811123
0.931159
0.164729
0.734519
0.989592
0.17987
0.863488
0.199679
0.756519
0.63849
0.200877
0.361872
0.443425
0.249015
0.017834
0.831965
0.506954
0.327571
0.699376
0.668047
0.549663
0.29719
0.421131
0.639286
0.554525
0.914741
0.242461
0.020272
0.836476
0.806265
0.601259
0.048531
0.468711
0.137496
0.946417
0.919147
0.628153
0.181752
0.88007
0.590813
0.700747
0.154696
0.911776
0.870458
0.513034
0.897272
0.955389
0.741008
0.123354
0.850279
0.47854
0.497888
0.494887
0.50424
0.328325
0.484509
0.826548
0.349491
0.30802
0.225592
0.115247
0.026033
0.26216
0.370588
0.391492
0.182107
0.260428
0.407925
0.868031
0.359113
0.243963
0.798709
0.553704
0.36202
0.839709
0.631116
0.806236
0.017472
0.464641
0.820719
0.160916
0.726794
0.316662
0.22656
0.932069
0.149387
0.43667
0.992298
0.752537
0.923424
0.247661
0.031611
0.965619
0.665156
0.548762
0.77156
0.962247
0.90492
0.036031
0.826948
0.891141
0.42089
0.439839
0.974888
0.704304
0.20202
0.110358
0.574857
0.503427
0.800917
0.685649
0.111425
0.016809
0.732283
0.066865
0.97215
0.487206
0.010731
0.315692
0.652473
0.666052
0.462962
0.042033
0.419877
0.102865
0.6832
0.990642
0.390613
0.502197
0.940755
0.384732
0.560995
0.633634
0.35496
0.46859
0.654208
0.570054
0.183636
0.479057
0.851437
0.416103
0.949553
0.911725
0.217123
0.68522
0.02561
0.067226
0.004619
0.962565
0.983643
0.260069
0.315692
0.682084
0.823329
0.687173
0.055626
0.65341
0.279734
0.262697
0.796501
0.364851
0.205167
0.994194
0.687977
0.718473
0.409311
0.527131
0.142672
0.666022
0.32645
0.715672
0.396735
0.228686
0.648077
0.195319
0.699009
0.385623
0.252928
0.612484
0.042635
0.776439
0.836289
0.691217
0.685694
0.350677
0.49612
0.370124
0.540749
0.658589
0.634978
0.677272
0.362
0.547661
0.149481
0.385712
0.103414
0.676503
0.411717
0.903672
0.002361
0.919551
0.276853
0.924489
0.888954
0.469817
0.522081
0.885896
0.883842
0.474241
0.748888
0.996064
0.303022
0.458551
0.702505
0.769512
0.756574
0.443212
0.255016
0.151317
0.475481
0.368436
0.724193
0.345779
0.439533
0.837387
0.595575
0.770038
0.962777
0.685636
0.65806
0.330489
0.336759
0.272602
0.572457
0.84834
0.237281
0.033591
0.641536
0.781958
0.76223
0.485104
0.557333
0.214344
0.028567
0.66206
0.026565
0.582565
0.234643
0.952038
0.046205
0.168195
0.298082
0.617256
0.684321
0.043226
0.852837
0.213774
0.47992
0.363997
0.784686
0.059789
0.320224
0.130559
0.155999
0.945718
0.730326
0.112451
0.023863
0.779717
0.457611
0.957289
0.852447
0.598192
0.964855
0.304202
0.105478
0.516138
0.094967
0.043931
0.831164
0.51216
0.844627
0.420998
0.065245
0.749716
0.393498
0.803024
0.275909
0.987307
0.446585
0.733625
0.763705
0.274769
0.564641
0.753771
0.657604
0.952845
0.877336
0.03009
0.666576
0.101072
0.78131
0.080972
0.869955
0.86038
0.374177
0.627914
0.281865
0.273239
0.515312
0.338783
0.261761
0.407418
0.232783
0.846911
0.973331
0.202409
0.820914
0.882859
0.096287
0.476659
0.50521
0.063443
0.033024
0.464005
0.185136
0.10957
0.215339
0.509784
0.086462
0.618816
0.895443
0.576863
0.173591
0.605876
0.894264
0.068157
0.833974
0.877788
0.433375
0.599092
0.795472
0.616806
0.419166
0.388972
0.116505
0.391804
0.004585
0.186094
0.316434
0.52714
0.916889
0.251648
0.927173
0.69597
0.844219
0.6199
0.824107
0.317397
0.117278
0.843914
0.235372
0.8146
0.058863
0.456826
0.287973
0.966626
0.489508
0.352346
0.641145
0.994869
0.712312
0.120995
0.289973
0.231668
0.459635
0.085052
0.947257
0.319096
0.650014
0.586323
0.924277
0.458151
0.383071
0.050545
0.852811
0.403015
0.508391
0.395932
0.310165
0.014135
0.809678
0.868906
0.200941
0.501407
0.735165
0.185453
0.382485
0.141094
0.98542
0.688493
0.896608
0.093849
0.740672
0.392444
0.328826
0.132304
0.357097
0.398946
0.893488
0.139748
0.681243
0.548494
0.320372
0.355678
0.997106
0.927472
0.159572
0.472046
0.479941
0.775283
0.33043
0.492572
0.898602
0.190663
0.83783
0.922231
0.242899
0.290819
0.901233
0.478752
0.106117
0.013368
0.819208
0.130129
0.093728
0.149745
0.415754
0.415157
0.199362
0.995937
0.986299
0.451886
0.517046
0.794164
0.457432
0.395024
0.14939
0.518015
0.543241
0.683694