1024 1
0
707
1
920
2
661
3
260
4
165
5
97
6
842
7
842
8
231
9
852
10
338
11
556
12
29
13
832
14
117
15
1004
16
83
17
839
18
44
19
137
20
763
21
793
22
937
23
966
24
214
25
313
26
148
27
949
28
617
29
874
30
926
31
199
32
966
33
510
34
555
35
684
36
180
37
317
38
988
39
347
40
442
41
545
42
213
43
555
44
100
45
218
46
686
47
357
48
724
49
562
50
889
51
264
52
197
53
893
16
54
55
243
56
769
57
580
58
741
28
59
60
381
61
498
62
855
63
270
64
972
65
288
35
66
63
67
68
436
69
608
70
932
71
557
72
422
73
552
74
707
75
481
76
284
77
438
78
159
79
554
80
85
81
852
82
629
83
704
84
503
85
489
86
361
87
352
88
172
89
825
90
472
91
385
92
952
93
352
94
1007
95
863
96
186
97
802
98
335
99
948
100
936
101
816
102
812
103
279
104
179
105
639
13
106
107
658
108
969
13
109
110
683
111
892
112
937
27
113
114
974
115
369
68
116
117
157
118
684
119
431
120
207
121
578
122
238
123
829
124
568
125
225
126
712
127
193
128
983
129
569
130
693
131
881
109
132
133
387
134
404
135
852
9
136
137
233
138
679
69
139
140
427
141
895
142
409
143
786
144
400
145
845
146
768
147
243
148
521
149
808
150
710
151
854
28
152
153
371
154
511
155
185
156
232
157
726
158
465
159
455
80
160
161
932
162
714
163
526
164
944
165
850
42
166
167
400
168
771
169
915
170
520
171
302
172
499
173
618
174
667
175
981
176
384
177
431
178
717
179
700
180
345
181
452
142
182
183
922
4
184
185
913
186
933
187
235
110
188
189
936
190
627
191
201
40
192
193
544
130
194
195
248
6
196
197
250
198
936
199
995
200
367
201
920
202
992
20
203
204
372
205
755
203
206
207
642
208
744
209
489
210
245
211
220
178
212
213
691
214
795
215
645
216
394
195
217
218
606
9
219
220
799
221
518
222
829
27
223
171
224
225
746
202
226
227
259
228
1005
229
1004
230
747
231
945
64
232
233
751
234
925
235
506
236
681
237
756
5
238
239
725
194
240
241
627
242
562
243
778
244
812
245
775
246
950
247
571
248
543
249
421
250
289
251
427
202
252
253
751
254
662
255
601
256
724
102
257
258
279
259
617
260
745
261
833
262
923
263
749
264
1006
235
265
266
983
267
869
228
268
269
813
158
270
271
479
272
767
273
539
274
453
275
645
276
382
277
576
177
278
279
825
280
389
281
540
282
503
5
283
162
284
285
640
244
286
287
536
288
568
289
592
290
886
291
374
71
292
293
465
294
512
295
410
296
309
297
832
298
468
299
802
300
697
301
361
302
335
183
303
304
875
305
810
306
978
307
358
235
308
275
309
310
979
188
311
312
443
186
313
275
314
315
589
316
424
271
317
318
809
281
319
282
320
321
436
322
892
323
327
324
643
325
377
326
755
117
327
328
537
329
407
330
568
331
603
332
865
206
333
334
515
335
852
336
1001
206
337
106
338
339
415
340
572
203
341
342
449
295
343
344
442
345
455
346
618
232
347
347
348
349
458
350
377
282
351
352
663
353
358
354
601
355
910
77
356
357
729
154
358
359
784
90
360
361
532
218
362
363
634
328
364
365
720
59
366
367
836
368
842
104
369
370
666
371
853
372
416
373
645
150
374
375
981
376
566
377
956
378
739
379
679
172
380
381
575
75
382
238
383
384
727
103
385
82
386
387
954
95
388
171
389
60
390
187
391
392
1020
393
865
394
656
387
395
396
457
397
453
398
711
325
399
400
962
401
842
402
736
26
403
257
404
364
405
406
469
407
415
408
891
409
637
277
410
411
486
412
498
340
413
414
551
415
873
145
416
99
417
329
418
419
1020
420
943
323
421
128
422
68
423
424
757
350
425
140
426
166
427
428
456
429
488
345
430
431
1006
432
481
433
525
259
434
375
435
40
436
326
437
438
712
439
924
440
987
441
818
442
780
443
756
444
801
154
445
446
700
447
971
448
806
449
454
450
485
451
553
305
452
453
988
39
454
371
455
60
456
457
547
458
851
459
470
460
507
213
461
462
541
463
526
154
464
465
974
466
706
271
467
115
468
227
469
470
722
471
814
472
953
473
571
242
474
469
475
476
1011
89
477
366
478
479
830
480
606
481
606
23
482
117
483
352
484
485
688
188
486
487
923
488
1006
489
876
490
644
491
563
492
803
134
493
494
831
495
696
496
668
497
754
498
835
499
601
211
500
501
663
421
502
503
734
504
518
505
975
506
599
507
939
508
974
457
509
510
679
5
511
512
669
513
874
514
590
295
515
179
516
372
517
518
560
519
942
520
835
222
521
217
522
523
706
65
524
396
525
381
526
52
527
409
528
462
529
530
624
531
798
125
532
111
533
534
622
47
535
146
536
439
537
473
538
13
539
182
540
541
960
217
542
389
543
544
673
545
559
382
546
547
896
177
548
549
685
251
550
551
742
552
694
553
850
253
554
555
618
556
905
557
895
464
558
113
559
560
603
258
561
562
773
180
563
139
564
535
565
566
664
567
779
568
920
569
1012
570
813
157
571
241
572
436
573
574
875
575
966
576
757
460
577
578
963
64
579
580
757
581
772
132
582
583
919
454
584
516
585
586
843
175
587
588
943
589
778
590
607
591
923
592
921
437
593
580
594
595
963
116
596
597
745
598
761
599
677
573
600
480
601
52
602
171
603
204
604
459
605
606
748
80
607
255
608
609
970
610
913
611
803
612
805
458
613
614
1012
615
847
566
616
57
617
335
618
382
619
620
802
240
621
488
622
623
854
458
624
625
834
626
762
483
627
628
832
629
792
630
789
467
631
588
632
633
939
316
634
181
635
186
636
352
637
638
693
574
639
640
687
440
641
452
642
501
643
644
912
645
1007
646
695
431
647
648
914
585
649
650
685
651
824
652
653
653
917
142
654
655
1011
656
965
657
781
235
658
199
659
509
660
352
661
662
809
368
663
664
778
216
665
666
716
667
890
668
884
669
981
478
670
667
671
298
672
269
673
583
674
340
675
640
676
245
677
678
711
141
679
680
1019
32
681
355
682
647
683
61
684
685
1004
546
686
160
687
688
1022
101
689
433
690
691
950
310
692
235
693
694
907
695
791
696
743
579
697
219
698
415
699
31
700
701
996
702
839
57
703
526
704
114
705
706
1013
707
889
82
708
456
709
175
710
702
711
528
712
713
805
634
714
317
715
716
884
181
717
340
718
642
719
234
720
240
721
722
742
723
902
616
724
572
725
315
726
251
727
728
870
729
884
730
825
731
764
612
732
333
733
731
734
34
735
736
991
269
737
659
738
154
739
159
740
432
741
742
767
332
743
744
930
240
745
142
746
338
747
65
748
749
999
698
750
36
751
666
752
197
753
128
754
515
755
756
1001
757
926
31
758
629
759
710
760
203
761
50
762
763
929
764
794
175
765
121
766
693
767
300
768
522
769
22
770
771
824
667
772
72
773
443
774
775
1011
102
776
646
777
157
778
88
779
780
844
304
781
460
782
783
840
398
784
117
785
541
786
506
787
788
854
48
789
467
790
664
791
277
792
93
793
374
794
795
926
117
796
797
836
407
798
799
930
800
915
490
801
251
802
333
803
27
804
758
805
806
895
807
813
287
808
691
809
810
1000
403
811
173
812
813
836
112
814
424
815
62
816
302
817
818
888
276
819
820
872
388
821
821
822
785
823
315
824
825
1021
579
826
524
827
613
828
418
829
189
830
299
831
817
832
116
833
26
834
835
894
836
989
453
837
99
838
839
867
840
922
37
841
651
842
843
874
359
844
102
845
382
846
235
847
254
848
287
849
135
850
345
851
169
852
853
905
463
854
855
923
856
871
857
972
364
858
534
859
198
860
779
861
124
862
164
863
372
864
865
874
654
866
214
867
868
952
869
927
690
870
172
871
507
872
703
873
433
874
634
875
855
876
877
896
393
878
236
879
633
880
234
881
882
915
215
883
251
884
784
885
771
886
749
887
888
1021
777
889
97
890
307
891
354
892
613
893
556
894
158
895
714
896
748
897
599
898
327
899
755
900
625
901
683
902
101
903
528
904
905
957
323
906
269
907
429
908
340
909
229
910
823
911
757
912
13
913
457
914
173
915
274
916
431
917
771
918
522
919
436
920
657
921
83
922
223
923
322
924
451
925
127
926
724
927
300
928
371
929
626
930
104
931
693
932
223
933
210
934
787
935
470
936
42
937
92
938
339
939
719
940
539
941
635
942
401
943
817
944
223
945
907
946
130
947
358
948
821
949
276
950
868
951
285
952
590
953
592
954
40
955
920
956
550
957
894
958
831
959
179
960
300
961
953
962
769
963
143
964
123
965
149
966
296
967
379
968
811
969
86
970
298
971
462
972
400
973
915
974
718
975
598
976
693
977
11
978
744
979
469
980
164
981
418
982
45
983
5
984
985
993
865
986
69
987
331
988
615
989
860
990
712
991
51
992
298
993
663
994
532
995
707
996
425
997
998
1016
238
999
990
1000
15
1001
862
1002
790
1003
336
1004
351
1005
971
1006
963
1007
1004
1008
705
1009
229
1010
889
1011
0
1012
675
1013
908
1014
573
1015
900
1016
10
1017
662
1018
776
1019
487
1020
519
1021
0
1022
407
1023
0.34337
0.004701
0.792787
0.365296
0.81254
0.92233
0.8251
0.288945
0.357456
0.551635
0.210343
0.56137
0.533748
0.728836
0.0046
0.559609
0.307171
0.456998
0.318656
0.458734
0.217414
0.560789
0.13169
0.946816
0.160569
0.558269
0.396913
0.478408
0.418143
0.195482
0.448333
0.506959
0.585759
0.183618
0.369169
0.821352
0.34083
0.392993
0.323539
0.087536
0.971474
0.111216
0.190702
0.13784
0.878425
0.250747
0.932003
0.17838
0.289759
0.048392
0.972576
0.897124
0.213109
0.524593
0.166362
0.24868
0.88459
0.613099
0.885064
0.98906
0.17456
0.950404
0.557048
0.172939
0.929306
0.778867
0.033198
0.723465
0.800028
0.977039
0.542646
0.259136
0.714003
0.679232
0.18448
0.066605
0.025588
0.950709
0.134359
0.649342
0.961052
0.746656
0.456886
0.113916
0.249083
0.67538
0.961238
0.559141
0.237805
0.39687
0.914906
0.159414
0.623537
0.922376
0.132075
0.871113
0.021817
0.894493
0.103605
0.400185
0.174902
0.74988
0.336977
0.715381
0.795479
0.473943
0.705532
0.306577
0.995022
0.43045
0.077975
0.346999
0.859492
0.625829
0.393163
0.834646
0.010421
0.994128
0.934455
0.445967
0.121629
0.414969
0.258253
0.743348
0.299424
0.063195
0.801223
0.308773
0.533048
0.06607
0.260821
0.849932
0.783151
0.213676
0.290387
0.158455
0.114041
0.11242
0.524889
0.626447
0.863193
0.850872
0.222252
0.501119
0.413531
0.29416
0.058357
0.288073
0.297542
0.143035
0.623015
0.517752
0.60837
0.448453
0.45833
0.060461
0.483615
0.63563
0.602761
0.877983
0.985603
0.918824
0.514452
0.356209
0.60636
0.332314
0.623983
0.133862
0.411323
0.314131
0.297329
0.355573
0.904131
0.154467
0.701487
0.251933
0.596724
0.179457
0.288938
0.573929
0.17455
0.952618
0.639304
0.871762
0.136415
0.544728
0.793076
0.059759
0.580354
0.411688
0.628115
0.765541
0.604471
0.704733
0.324882
0.535053
0.358249
0.6811
0.273532
0.54073
0.257068
0.33838
0.458082
0.634735
0.27935
0.605553
0.996069
0.546264
0.818518
0.377906
0.764628
0.44723
0.174458
0.904726
0.233423
0.20906
0.208508
0.152252
0.620743
0.797851
0.878166
0.583063
0.352902
0.682519
0.322781
0.321461
0.207257
0.510025
0.902138
0.708411
0.999355
0.202235
0.530939
0.659839
0.577878
0.727203
0.128451
0.073277
0.661835
0.339896
0.394903
0.570016
0.008913
0.785672
0.499763
0.336283
0.458812
0.186911
0.134801
0.206611
0.903461
0.193942
0.583345
0.219422
0.82116
0.813721
0.12951
0.006631
0.259408
0.834023
0.354592
0.182726
0.8316
0.775051
0.846501
0.648283
0.073551
0.841304
0.090726
0.474133
0.476455
0.016568
0.17263
0.458718
0.847497
0.828942
0.622623
0.987362
0.921443
0.993646
0.61756
0.840993
0.514866
0.150143
0.09938
0.146034
0.021791
0.648273
0.291007
0.580491
0.426303
0.219251
0.87789
0.494111
0.493954
0.656772
0.808104
0.40623
0.490144
0.565694
0.581356
0.995292
0.886727
0.526784
0.239534
0.576019
0.902813
0.734698
0.841895
0.639963
0.31877
0.287835
0.933641
0.085239
0.761345
0.720689
0.483364
0.496871
0.504834
0.088137
0.021939
0.239995
0.881983
0.175487
0.233162
0.969492
0.087442
0.522871
0.277108
0.23128
0.822049
0.11635
0.992019
0.483084
0.582124
0.914067
0.423284
0.95992
0.642233
0.893542
0.359677
0.237034
0.47025
0.727756
0.431079
0.70298
0.803591
0.072112
0.388919
0.837494
0.274202
0.790624
0.842595
0.305159
0.726604
0.679482
0.399351
0.787011
0.84681
0.676544
0.677063
0.643982
0.561453
0.596895
0.388997
0.092688
0.275005
0.687652
0.206747
0.428256
0.560324
0.920243
0.08085
0.562263
0.166541
0.833973
0.045412
0.454694
0.868975
0.706476
0.098436
0.179907
0.75536
0.734
0.34643
0.377267
0.41822
0.118784
0.734353
0.435068
0.349882
0.443671
0.205607
0.275903
0.056239
0.281368
0.058184
0.574762
0.611524
0.869361
0.405703
0.787603
0.830207
0.143223
0.485502
0.149938
0.956643
0.212599
0.363467
0.027208
0.97635
0.21561
0.164924
0.826007
0.575592
0.069838
0.530441
0.820582
0.154513
0.534129
0.721102
0.132706
0.189476
0.276824
0.227449
0.877243
0.774319
0.372022
0.073379
0.634847
0.536544
0.800765
0.220703
0.774902
0.786436
0.858246
0.832427
0.493697
0.356463
0.508089
0.118929
0.460499
0.945597
0.49732
0.915297
0.982089
0.325966
0.645359
0.109655
0.859657
0.030059
0.291625
0.908221
0.926718
0.995483
0.371278
0.218447
0.107772
0.161156
0.415975
0.941783
0.92266
0.718256
0.678326
0.063324
0.581666
0.827625
0.922716
0.7724
0.820476
0.646371
0.904693
0.230033
0.312165
0.350586
0.551077
0.697103
0.994427
0.762735
0.775968
0.869898
0.599285
0.533106
0.696575
0.788349
0.340459
0.792505
0.620827
0.205817
0.307261
0.564977
0.598868
0.578571
0.081249
0.223295
0.036316
0.545637
0.255318
0.171184
0.03728
0.241394
0.693146
0.987732
0.317221
0.27474
0.774063
0.005626
0.76284
0.43106
0.426418
0.032658
0.649652
0.887134
0.284811
0.932275
0.654323
0.991162
0.890538
0.410743
0.578463
0.520969
0.805341
0.526155
0.132281
0.404303
0.678826
0.623887
0.789621
0.227831
0.481635
0.869651
0.635829
0.147247
0.677462
0.249235
0.374134
0.559557
0.478358
0.425531
0.74393
0.11435
0.353257
0.283961
0.70945
0.140688
0.183826
0.558322
0.01416
0.629103
0.577136
0.690918
0.39694
0.120152
0.121041
0.264692
0.038416
0.276249
0.080849
0.438996
0.706735
0.790627
0.410482
0.273756
0.84189
0.705484
0.444448
0.966285
0.616199
0.294228
0.36173
0.275869
0.969162
0.049565
0.630731
0.988369
0.559229
0.280769
0.144087
0.902801
0.756965
0.022284
0.930794
0.133208
0.687356
0.693575
0.866094
0.618798
0.216685
0.440998
0.664098
0.648872
0.360713
0.604848
0.17194
0.200937
0.925735
0.379938
0.492877
0.362522
0.886668
0.394534
0.163723
0.921699
0.494104
0.226202
0.547951
0.410611
0.5035
0.737012
0.393201
0.456101
0.273567
0.276408
0.118201
0.851578
0.682226
0.779928
0.175325
0.872324
0.1104
0.739993
0.728269
0.318426
0.238014
0.322338
0.728734
0.029263
0.746719
0.712589
0.764367
0.9392
0.847366
0.205653
0.466269
0.405763
0.182641
0.0801
0.600347
0.30388
0.179182
0.2687
0.114855
0.345728
0.441743
0.275287
0.762131
0.490398
0.491792
0.36241
0.171457
0.596976
0.172994
0.419213
0.221604
0.068859
0.722985
0.95702
0.506898
0.584189
0.242021
0.006043
0.675097
0.498913
0.098063
0.04696
0.104851
0.853474
0.328941
0.851377
0.283648
0.077096
0.040484
0.331789
0.525538
0.496432
0.097722
0.400614
0.907606
0.57092
0.227929
0.313656
0.953587
0.335172
0.403603
0.310639
0.837662
0.914231
0.578288
0.305076
0.675852
0.696386
0.867824
0.11983
0.526322
0.126686
0.032642
0.379307
0.567541
0.570792
0.481618
0.310058
0.275794
0.953988
0.872534
0.281773
0.425895
0.271489
0.819281
0.918768
0.718734
0.549055
0.855997
0.446184
0.263676
0.636939
0.676813
0.112253
0.510124
0.461732
0.500862
0.974232
0.821115
0.700316
0.655938
0.210987
0.949326
0.01227
0.129364
0.416795
0.330943
0.111423
0.26034
0.900386
0.118701
0.688024
0.411588
0.440082
0.472725
0.709598
0.720757
0.696881
0.721939
0.315388
0.683012
0.844533
0.58424
0.43147
0.655616
0.750403
0.658804
0.844421
0.958151
0.188249
0.058527
0.955033
0.688126
0.603928
0.624615
0.90617
0.724331
0.536725
0.309693
0.490609
0.753622
0.933047
0.913564
0.368531
0.206754
0.50778
0.934992
0.503781
0.568384
0.411512
0.765408
0.194085
0.863607
0.555578
0.433503
0.868883
0.17125
0.976698
0.788418
0.91626
0.920368
0.046708
0.686388
0.001148
0.125918
0.749896
0.717749
0.114457
0.169371
0.255575
0.539285
0.800763
0.517492
0.184735
0.86355
0.028329
0.679493
0.329804
0.005685
0.398875
0.348219
0.993763
0.471052
0.203733
0.645146
0.711358
0.328997
0.858774
0.232868
0.544133
0.732774
0.217765
0.307527
0.026035
0.594317
0.954782
0.224868
0.940945
0.350587
0.950769
0.714563
0.12171
0.937426
0.826258
0.564968
0.737955
0.46674
0.404994
0.75028
0.709146
0.865537
0.400153
0.883481
0.212277
0.136062
0.615277
0.086251
0.808527
0.025829
0.586398
0.001746
0.21883
0.269539
0.495553
0.135787
0.761102
0.018339
0.415089
0.356656
0.334701
0.706677
0.259292
0.719679
0.574181
0.616185
0.611763
0.47629
0.206939
0.671898
0.811557
0.93026
0.464059
0.125454
0.2536
0.741327
0.620118
0.94489
0.341001
0.621991
0.577265
0.51146
0.208185
0.188311
0.193468
0.408496
0.355015
0.71179
0.672612
0.772061
0.606864
0.984547
0.715752
0.735746
0.927109
0.083215
0.782303
0.120392
0.490536
0.19466
0.01855
0.586855
0.043046
0.07761
0.497765
0.99281
0.005452
0.394018
0.664613
0.511139
0.257445
0.748867
0.988121
0.499968
0.514562
0.565477
0.541916
0.883872
0.243908
0.841109
0.962873
0.095588
0.073101
0.180187
0.653985
0.704388
0.351548
0.013452
0.557471
0.850236
0.573889
0.996233
0.735868
0.453616
0.684146
0.587376
0.15611
0.68487
0.2927
0.252896
0.591449
0.590356
0.185291
0.301821
0.032243
0.692259
0.761914
0.338545
0.388613
0.170204
0.190216
0.834546
0.159154
0.362743
0.174712
0.213039
0.619021
0.779515
0.605761
0.906602
0.498088
0.528491
0.632168
0.722298
0.999325
0.031978
0.763531
0.738613
0.709631
0.124672
0.463857
0.432412
0.721671
0.268426
0.47536
0.164217
0.782306
0.089217
0.408108
0.599144
0.85813
0.564051
0.179903
0.443261
0.503824
0.443053
0.696671
0.614099
0.91976
0.727606
0.902114
0.028089
0.31446
0.083903
0.894412
0.349055
0.142347
0.789433
0.150658
0.819762
0.104223
0.985694
0.498657
0.376243
0.765811
0.521104
0.992066
0.478813
0.497964
0.356927
0.141402
0.176532
0.97961
0.233404
0.379213
0.981551
0.858992
0.169797
0.643254
0.90267
0.777311
0.449948
0.45677
0.853226
0.672036
0.454921
0.048759
0.399466
0.134637
0.981281
0.038674
0.796214
0.247921
0.944026
0.120677
0.479697
0.186029
0.146233
0.425542
0.779765
0.532496
0.424446
0.678872
0.528982
0.081798
0.68536
0.899646
0.188241
0.379599
0.702824
0.99692
0.070747
0.023553
0.69955
0.72203
0.764581
0.819958
0.221934
0.067021
0.024308
0.38416
0.977856
0.938663
0.545742
0.833421
0.25453
0.487947
0.121872
0.52325
0.898908
0.091368
0.44703
0.935521
0.183533
0.764243
0.837381
0.64713
0.585776
0.092784
0.979119
0.167889
0.077803
0.70137
0.480461
0.607816
0.036967
0.766063
0.098766
0.542418
0.106637
0.89349
0.014813
0.117904
0.425004
0.004479
0.932208
0.703117
0.285264
0.80156
0.315574
0.685643
0.222738
0.380922
0.092859
0.807874
0.598469
0.213381
0.931355
0.835826
0.8587
0.6086
0.961072
0.574843
0.358
0.224897
0.710466
0.282604
0.415011
0.881742
0.703137
0.727905
0.161383
0.434445
0.325474
0.148102
0.749047
0.53231
0.227624
0.18121
0.78248
0.443653
0.421279
0.782543
0.386031
0.329854
0.415165
0.670599
0.41395
0.96146
0.048026
0.003713
0.471778
0.113431
0.420505
0.862707
0.147269
0.540018
0.934371
0.427481
0.919312
0.972265
0.676171
0.317197
0.114198
0.653006
0.9254
0.720592
0.574757
0.685634
0.351973
0.491863
0.490831
0.271577
0.2042
0.733611
0.839962
0.548576
0.553175
0.756231
0.421655
0.776038
0.456944
0.084717
0.539962
0.428953
0.230896
0.201926
0.771885
0.752518
0.648911
0.923211
0.519455
0.394405
0.555137
0.569464
0.285526
0.68808
0.642065
0.234844
0.498853
0.707263
0.430112
0.742562
0.957451
0.873927
0.419924
0.4668
0.622478
0.931979
0.696867
0.582473
0.435058
0.307379
0.788718
0.199803
0.344322
0.556217
0.06822
0.232616
0.358852
0.904201
0.269439
0.491273
0.313557
0.740771
0.181783
0.925993
0.64061
0.09336
0.195276
0.862677
0.146515
0.649635
0.849274
0.362853
0.50701
0.392763
0.995082
0.738377
0.066732
0.562519
0.745314
0.144441
0.218981
0.943337
0.407918
0.449932
0.351469
0.018241
0.212084
0.939486
0.683478
0.044928
0.503667
0.253907
0.814584
0.042807
0.888657
0.87924
0.261396
0.550402
0.785955
0.566134
0.488645
0.335837
0.565862
0.161679
0.996622
0.998064
0.667185
0.640718
0.580789
0.209725
0.322692
0.590297
0.479695
0.030791
0.194863
0.543973
0.964722
0.507224
0.011218
0.881995
0.156631
0.054631
0.498368
0.394209
0.82503
0.600549
0.427101
0.671147
0.532111
0.969647
0.458838
0.819669
0.136756
0.277556
0.145048
0.558366
0.257413
0.587872
0.173533
0.192815
0.127093
0.474379
0.245188
0.064308
0.785142
0.187917
0.486734
0.954239
0.137934
0.56918
0.391155
0.581868
0.833917
0.945565
0.261046
0.628684
0.29763
0.252904
0.088041
0.238325
0.193744
0.608336
0.079148
0.877203
0.734807
0.050589
0.69223
0.318399
0.937942
0.499229
0.028142
0.494313
0.464724
0.822881
0.409656
0.8837
0.48193
0.354735
0.931129
0.311886
0.772838
0.774747
0.003759
0.983929
0.93563
0.404342
0.750879
0.778369
0.042396
0.069569
0.767503
0.859346
0.3076
0.542521
0.187423
0.106773
0.809794
0.415644
0.571758
0.608089
0.762235
0.276511
0.397498
0.368193
0.816751
0.115763
0.255354
0.342203
0.159284
0.904136
0.873334
0.581549
0.18481
0.202794
0.846634
0.759003
0.084645
0.003491
0.25436
0.84348
0.096522
0.242823
0.291037
0.127045
0.976519
0.467181
0.147309
0.362981
0.028918
0.608871
0.688276
0.352361
0.255883
0.705812
0.054729
0.949517
0.888626
0.186593
0.738839
0.532636
0.950227
0.45459
0.038567
0.581923
0.824851
0.204825
0.775814
0.136686
0.730469
0.885382
0.945906
0.099796
0.499536
0.295589
0.440639
0.089555
0.379834
0.880824
0.301894
0.737257
0.033912
0.234744
0.892674
0.92879
0.950752
0.192662
0.852159
0.88002
0.098054
0.135871
0.292866
0.809952
0.939556
0.151047
0.496966
0.891178
0.829798
0.9197
0.454106
0.506213
0.669874
0.655518
0.733717
0.209801
0.885472
0.395694
0.905354
0.832266
0.917508
0.637327
0.62976
0.649468
0.303934
0.337177
0.727453
0.733387
0.907769
0.620087
0.202794
0.640655
0.006708
0.255213
0.888435
0.563636
0.210483
0.721291
0.281649
0.299716
0.922207
0.780677
0.245726
0.190586
0.625421
0.744288
0.794186
0.62645
0.667705
0.329011
0.542329
0.919741
0.3878
0.597341
0.440115
0.278858
0.66934
0.646357
0.296179
0.312609
0.222102
0.594868
0.62425
0.792776
0.414692
0.215031
0.980792
0.728818
0.8798
0.915517
0.501633
0.467428
0.547128
0.150374
0.950347
0.509032
0.587324
0.123036
0.070553
0.83534
0.480261
0.780472
0.668918
0.973808
0.64839
0.04401
0.207899
0.960892
0.629472
0.401537
0.343279
0.309522
0.645741
0.546085
0.495641
0.860082
0.722902
0.357037
0.510023
0.432095
0.356991
0.142634
0.971897
0.560877
0.383725
0.333013
0.534799
0.808112
0.364359
0.081985
0.09944
0.936751
0.364812
0.523554
0.606344
0.355608
0.843085
0.084493
0.660378
0.642129
0.93073
0.673176
0.674742
0.339575
0.210549
0.073284
0.685557
0.555509
0.375869
0.485015
0.954009
0.103575
0.578241
0.910241
0.767331
0.384106
0.077331
0.467874
0.035168
0.068919
0.935059
0.695171
0.618775
0.866295
0.869764
0.452527
0.18013
0.684233
0.766748
0.937194
0.802765
0.0839
0.812486
0.250584
0.473224
0.15325
0.808517
0.809854
0.177918
0.962029
0.560842
0.616867
0.709964
0.959385
0.775896
0.833994
0.029441
0.978036
0.198554
0.356946
0.479195
0.698498
0.757219
0.889634
0.475137
0.774472
0.151777
0.96351
0.804143
0.072839
0.547813
0.473822
0.028473
0.130587
0.519192
0.669404
0.39142
0.57553
0.877902
0.351637
0.197747
0.336694
0.907222
0.942714
0.084308
0.505641
0.229456
0.616332
0.400339
0.846467
0.278226
0.844212
0.391535
0.210286
0.737825
0.220694
0.572198
0.174922
0.774395
0.786142
0.944475
0.285774
0.122494
0.076926
0.362383
0.020696
0.495366
0.763823
0.935453
0.248342
0.098147
0.249245
0.114496
0.116732
0.352373
0.470862
0.400355
0.34684
0.169759
0.238837
0.319298
0.331924
0.480332
0.174671
0.146968
0.434673
0.166281
0.410661
0.864626
0.550323
0.95371
0.655818
0.781899
0.481983
0.281334
0.29586
0.886472
0.174715
0.327425
0.569496
0.236441
0.124964
0.28461
0.257536
0.98483
0.683413
0.961719
0.439674
0.731396
0.323486
0.083454
0.127392
0.588192
0.767882
0.090538
0.414373
0.973557
0.505414
0.964943
0.996154
0.714503
0.469209
0.882675
0.289406
0.982754
0.728362
0.513502
0.712894
0.278249
0.411379
0.593967
0.707803
0.511021
0.370022
0.492451
0.049986
0.034039
0.242574
0.209891
0.377316
0.227306
0.610025
0.061527
0.805062
0.7662
0.542847
0.414826
0.715237
0.284292
0.359279
0.422366
0.201864
0.952029
0.319571
0.899867
0.271171
0.059773
0.840879
0.634679
0.657851
0.562096
0.623602
0.605045
0.787899
0.22423
0.481423
0.56821
0.273826
0.63442
0.136653
0.059492
0.501
0.121487
0.898869
0.067397
0.424996
0.75867
0.033069
0.87558
0.344686
0.585731
0.607935
0.286179
0.997402
0.246612
0.470175
0.681813
0.108097
0.25359
0.087405
0.923396
0.339361
0.410156
0.065598
0.860604
0.913931
0.169864
0.306033
0.231732
0.555789
0.185618
0.311147
0.914672
0.128149
0.535137
0.872197
0.363048
0.646158
0.464085
0.266348
0.891188
0.331266
0.241054
0.11526
0.26967
0.799773
0.719253
0.984996
0.438319
0.468209
0.645882
0.200815
0.830824
0.832893
0.525738
0.760371
0.631417
0.109154
0.648926
0.220108
0.233391
0.693464
0.348984
0.027995
0.900149
0.63465
0.630044
0.141227
0.287392
0.175798
0.541899
0.803427
0.761159
0.609966
0.556132
0.688683
0.506292
0.675074
0.818067
0.842542
0.880883
0.369109
0.730362
0.926683
0.553499
0.622429
0.5937
0.085938
0.455907
0.415915
0.403188
0.875061
0.002718
0.606659
0.730239
0.929702
0.065474
0.596114
0.772957
0.902126
0.908885
0.299123
0.213651
0.2936
0.498467
0.831974
0.250086
0.839294
0.745626
0.898132
0.610648
0.725248
0.199924
0.856924
0.465075
0.7759
0.432928
0.083765
0.533504
0.058036
0.408884
0.905423
0.908931
0.577431
0.242959
0.587407
0.18102
0.673064
0.10651
0.177562
0.905864
0.336972
0.192256
0.646775
0.188875
0.102748
0.014464
0.586745
0.301744
0.503903
0.369698
0.967315
0.813695
0.869941
0.965992
0.62004
0.12934
0.752912
0.994444
0.314627
0.397313
0.759933
0.115028
0.623818
0.45942
0.654812
0.502542
0.513421
0.254361
0.604466
0.375546
0.424427
0.786334
0.263486
0.678394
0.733013
0.406719
0.489047
0.776196
0.132847
0.139936
0.823448
0.476908
0.176945
0.964662
0.661318
0.464507
0.668207
0.782487
0.337676
0.354547
0.969771
0.779541
0.808351
0.157084
0.505524
0.852999
0.736852
0.630492
0.421493
0.298858
0.231929
0.294082
0.812436
0.146396
0.251659
0.566266
0.361328
0.5714
0.028828
0.331587
0.515959
0.230946
0.045024
0.738232
0.501776
0.289209
0.278018
0.631099
0.214028
0.72336
0.13637
0.903938
0.710566
0.746505
0.421875
0.286781
0.120121
0.568481
0.508492
0.733491
0.520008
0.90238
0.096367
0.227278
0.721612
0.768345
0.201687
0.268738
0.098823
0.194789
0.568518
0.699757
0.160728
0.416371
0.113661
0.716377
0.786938
0.741431
0.621312
0.164465
0.433805
0.560543
0.553153
0.553158
0.734684
0.831232
0.069987
0.79798
0.496597
0.379577
0.295657
0.251684
0.661938
0.545334
0.558931
0.624963
0.091105
0.464937
0.648639
0.974202
0.979494
0.788162
0.995995
0.725047
0.504224
0.645192
0.566156
0.225666
0.632826
0.653865
0.652335
0.202484
0.163424
0.274795
0.763372
0.221632
0.929343
0.110712
0.612407
0.125703
0.759163
0.6502
0.650839
0.968532
0.894989
0.322829
0.664071
0.541359
0.017504
0.930646
0.638822
0.81593
0.71701
0.560234
0.647471
0.9561
0.236359
0.26036
0.023151
0.5162
0.436501
0.158337
0.608068
0.65266
0.140723
0.94327
0.671111
0.237905
0.183232
0.886037
0.292283
0.88508
0.987674
0.504638
0.986596
0.86921
0.466358
0.144896
0.397608
0.56802
0.598735
0.352628
0.202013
0.070128
0.135064
0.777577
0.425406
0.24164
0.867016
0.901466
0.058704
0.366218
0.412205
0.855759
0.824661
0.443475
0.145317
0.362934
0.080324
0.164295
0.19693
0.462426
0.358058
0.430682
0.843906
0.296969
0.153443
0.417559
0.2792
0.694057
0.105148
0.897969
0.844211
0.869059
0.20083
0.796701
0.569106
0.059446
0.702304
0.048672
0.858102
0.729657
0.845138
0.36966
0.872514
0.399768
0.041382
0.876884
0.299475
0.238012
0.094766
0.684679
0.048892
0.423594
0.875723
0.541143
0.268306
0.960614
0.261415
0.336985
0.54646
0.477787
0.463764
0.503548
0.847042
0.311042
0.47972
0.531439
0.403975
0.677648
0.345957
0.084658
0.689949
0.962429
0.527036
0.434855
0.092804
0.552661
0.48643
0.166095
0.379773
0.38156
0.394216
0.460461
0.328966
0.180372
0.558549
0.365812
0.147248
0.900003
0.858187
0.28988
0.887244
0.16496
0.443533
0.576907
0.921452
0.110346
0.199684
0.144538
0.028405
0.007719
0.686855
0.284405
0.55971
0.101929
0.621721
0.139575
0.167522
0.236908
0.740749
0.580751
0.560484
0.118459
0.058577
0.97429
0.444214
0.420429
0.51183
0.800916
0.175747
0.262625
0.42813
0.650925
0.039471
0.672171
0.653277
0.289459
0.714153
0.443512
0.903719
0.263937
0.673379
0.943519
0.53836
0.599199
0.872006
0.743736
0.591399
0.714275
0.95312
0.606594
0.751621
0.451317
0.17759
0.539541
0.446804
0.345942
0.101939
0.849648
0.597391
0.363168
0.950972
0.726077
0.58181
0.819956
0.370172
0.662898
0.80911
0.047413
0.615014
0.714462
0.712522
0.850892
0.196947
0.321057
0.584468
0.315995
0.854272
0.829214
0.57986
0.449021
0.024758
0.33989
0.392138
0.71277
0.824328
0.910874
0.338124
0.956272
0.45805
0.545713
0.67854
0.389557
0.527328
0.000703
0.86782
0.119029
0.265076
0.856773
0.569593
0.695711
0.39096
0.919622
0.164928
0.088228
0.186842
0.510872
0.021766
0.598078
0.5206
0.953029
0.22165
0.273462
0.191468
0.352425
0.874373
0.803431
0.551701
0.352638
0.972586
0.996731
0.933676
0.956541
0.431635
0.321915
0.600071
0.927785
0.424777
0.087675
0.888789
0.193529
0.23617
0.448559
0.62772
0.701629
0.410933
0.891975
0.403987
0.664935
0.705983
0.230101
0.27042
0.266484
0.23666
0.669717
0.982659
0.549618
0.550667
0.923323
0.574691
0.172035
0.714567
0.121853
0.722751
0.397888
0.268859
0.916199
0.915088
0.215627
0.064196
0.732291
0.281678
0.559168
0.491109
0.250939
0.084766
0.579734
0.525099
0.177452
0.453179
0.094934
0.343497
0.582166
0.698802
0.493644
0.363835
0.749552
0.410351
0.762649
0.018242
0.738459
0.807986
0.072933
0.286362
0.843666
0.923873
0.124558
0.653522
0.118977
0.367083
0.273948
0.611593
0.23991
0.534386
0.94343
0.082311
0.287295
0.055479
0.906863
0.148334
0.658228
0.616798
0.163592
0.422438
0.317472
0.86496
0.843068
0.172198
0.48972
0.19166
0.028166
0.001492
0.9237
0.408156
0.061416
0.181837
0.384994
0.308495
0.846972
0.247727
0.240725
0.532329
0.358242
0.075681
0.841396
0.139543
0.141968
0.686706
0.127572
0.959095
0.705707
0.432539
0.356018
0.598279
0.08837
0.956664
0.863925
0.495571
0.698255
0.948924
0.524759
0.940902
0.275834
0.227506
0.008471
0.481139
0.257111
0.108738
0.601648
0.46674
0.9331
0.998359
0.994641
0.65584
0.878963
0.983106
0.728863
0.363556
0.159864
0.119693
0.438781
0.709795
0.284106
0.297635
0.467653
0.196427
0.707962
0.46052
0.836338
0.641918
0.503704
0.885005
0.675883
0.521338
0.147596
0.939131
0.223469
0.740501
0.517882
0.470065
0.705494
0.415387
0.066496
0.876886
0.36649
0.532767
0.872973
0.230394
0.895105
0.585247
0.238886
0.597777
0.009059
0.552868
0.664476
0.550839
0.966048
0.050127
0.854344
0.754854
0.867797
0.917289
0.602918
0.168362
0.439607
0.539098
0.814043
0.563436
0.505743
0.773979
0.298444
0.173177
0.505514
0.982386
0.933502
0.686182
0.340966
0.382046
0.354848
0.065972
0.890235
0.308381
0.978838
0.418146
0.141953
0.648841
0.733968
0.836034
0.098775
0.790194
0.132461
0.712577
0.955401
0.078023
0.62834
0.636534
0.767723
0.222944
0.541719
0.315099
0.589212
0.99678
0.939199
0.061298
0.015506
0.61467
0.323855
0.63565
0.011557
0.208361
0.494884
0.41299
0.700013
0.5378
0.551148
0.106829
0.73959
0.675337
0.39623
0.267604
0.005323
0.577841
0.374277
0.224781
0.950355
0.981611
0.010953
0.004327
0.201634
0.924818
0.001496
0.734083
0.149622
0.480391
0.099408
0.602232
0.060865
0.629893
0.806266
0.585528
0.19634
0.201204
0.769918
0.064012
0.379475
0.314484
0.606083
0.573625
0.676362
0.14431
0.784428
0.051879
0.952713
0.275502
0.611694
0.276923
0.753581
0.274815
0.930891
0.093629
0.364478
0.124952
0.91675
0.346687
0.78956
0.676105
0.144186
0.937047
0.017799
0.330751
0.909404
0.672501
0.249103
0.214562
0.675072
0.106048
0.403385
0.960658
0.28942
0.128012
0.173277
0.557707
0.961177
0.138877
0.258262
0.547345
0.147503
0.751847
0.607615
0.663233
0.679874
0.914566
0.146308
0.212016
0.461018
0.645004
0.939089
0.434239
0.560597
0.073779
0.676149
0.86399
0.663608
0.70638
0.468113
0.424528
0.743695
0.761811
0.891367
0.511481
0.940814
0.019336
0.392092
0.224627
0.474828
0.361716
0.859866
0.176257
0.838893
0.898411
0.20022
0.32916
0.626696
0.516951
0.556263
0.188552
0.257504
0.052782
0.613511
0.181447
0.651676
0.132572
0.801751
0.170552
0.15974
0.144169
0.339256
0.596871
0.649591
0.922322
0.984123
0.369777
0.870385
0.001266
0.235524
0.822122
0.513646
0.405381
0.72109
0.437733
0.611638
0.435823
0.17762
0.364133
0.271769
0.050724
0.333704
0.260597
0.137148
0.291535
0.167195
0.646885
0.786241
0.303562
0.817257
0.844852
0.546134
0.139189
0.651321
0.375531
0.901307
0.266788
0.14957
0.768952
0.727035
0.161688
0.862729
0.589487
0.20518
0.330767
0.72849
0.201098
0.903803
0.074992
0.94418
0.92861
0.414879
0.813935
0.567726
0.381189
0.675932
0.874414
0.992891
0.683894
0.217807
0.216733
0.313953
0.511134
0.050996
0.785205
0.017237
0.570194
0.511494
0.740226
0.71519
0.623477
0.141272
0.357128
0.488436
0.592482
0.451937
0.944068
0.04637
0.452719
0.350399
0.907679
0.276327
0.558587
0.671458
0.453225
0.402259
0.035145
0.355499
0.541666
0.529956
0.254179
0.905698
0.008783
0.307154
0.903857
0.389522
0.89387
0.477025
0.051793
0.995747
0.614446
0.126921
0.925039
0.318527
0.854848
0.57861
0.482597
0.644261
0.355692
0.608515
0.101717
0.62217
0.294
0.066424
0.990315
0.484072
0.648126
0.551811
0.420988
0.85279
0.848219
0.981647
0.703639
0.329158
0.333582
0.072645
0.679694
0.677815
0.530469
0.574686
0.303119
0.499934
0.926927
0.673714
0.188849
0.864301
0.282227
0.726804
0.23771
0.101012
0.254525
0.712825
0.108041
0.250857
0.977989
0.428898
0.825956
0.372375
0.994394
0.607836
0.352453
0.994448
0.445667
0.251225
0.242466
0.112105
0.259971
0.031642
0.842787
0.277092
0.351379
0.601022
0.338378
0.669006
0.274059
0.851712
0.117221
0.277932
0.150572
0.4701
0.65341
0.691448
0.308183
0.49259
0.115326
0.961648
0.385152
0.409185
0.932381
0.220967
0.412064
0.594888
0.841003
0.212053
0.171567
0.335901
0.524229
0.136776
0.082714
0.437507
0.795221
0.554507
0.297793
0.536274
0.238065
0.526783
0.006433
0.842473
0.829852
0.638421
0.823412
0.297313
0.903681
0.599929
0.260465
0.024674
0.411739
0.44642
0.314883
0.399876
0.152776
0.593187
0.535894
0.731282
0.419135
0.886632
0.872785
0.952652
0.641435
0.542361
0.039771
0.53015
0.25814
0.254266
0.990179
0.280249
0.873681
0.544301
0.218364
0.652611
0.211966
0.456496
0.306932
0.006606
0.399791
0.384116
0.027467
0.179116
0.009717
0.485996
0.344428
0.862564
0.010901
0.412476
0.622493
0.994017
0.822236
0.852299
0.789158
0.677587
0.556635
0.368078
0.703445
0.144577
0.738292
0.794708
0.790194
0.801398
0.190563
0.30186
0.857434
0.161313
0.40731
0.28941
0.958568
0.022361
0.251176
0.991099
0.569175
0.555238
0.57802
0.296463
0.019267
0.997246
0.246512
0.61961
0.481542
0.691213
0.191164
0.317877
0.711914
0.095562
0.382955
0.313421
0.959628
0.696694
0.498667
0.995116
0.060001
0.406168
0.519954
0.725556
0.955978
0.657037
0.777721
0.623827
0.564034
0.905923
0.305213
0.374856
0.685717
0.482463
0.685358
0.279926
0.702146
0.170105
0.989844
0.792457
0.342035
0.310917
0.731024
0.361832
0.588263
0.567119
0.016918
0.429864
0.970342
0.757508
0.443323
0.829394
0.41422
0.189796
0.124003
0.302427
0.588856
0.964472
0.068742
0.27626
0.94211
0.57908
0.599445
0.139824
0.626923
0.495529
0.961595
0.199435
0.902792
0.295513
0.064322
0.53076
0.360987
0.781183
0.146045
0.127022
0.484903
0.678941
0.57941
0.64024
0.66937
0.79534
0.806218
0.139605
0.951017
0.233064
0.26366
0.313334
0.371557
0.570784
0.943046
0.17141
0.744734
0.391213
0.424839
0.266227
0.735113
0.987716
0.162951
0.657782
0.691044
0.674839
0.902281
0.227006
0.384635
0.903958
0.383602
0.671007
0.463856
0.87221
0.33197
0.654022
0.177883
0.627556
0.020145
0.664222
0.998815
0.31127
0.10844
0.42353
0.285519
0.937693
0.258288
0.383614
0.755181
0.769725
0.172124
0.150988
0.567009
0.699494
0.99382
0.066133
0.535359
0.70219
0.092228
0.721554
0.822759
0.868149
0.444694
0.663022
0.331685
0.957778
0.16977
0.084319
0.234639
0.763291
0.2223
0.570646
0.188002
0.107171
0.454737
0.975642
0.199846
0.436905
0.982353
0.399763
0.174815
0.962439
0.073827
0.195702
0.389129
0.188972
0.709706
0.832819
0.531872
0.676912
0.893207
0.07429
0.466488
0.562813
0.584068
0.488698
0.843009
0.178934
0.078647
0.713753
0.129203
0.699685
0.146592
0.523229
0.142413
0.532629
0.361011
0.804743
0.178615
0.826925
0.746423
0.44646
0.16702
0.103455
0.333378
0.271875
0.432742
0.96054
0.766268
0.007574
0.823347
0.131416
0.820267
0.694328
0.400706
0.044699
0.041993
0.461356
0.937945
0.177009
0.382299
0.925328
0.402485
0.889817
0.794544
0.228838
0.237849
0.329545
0.511072
0.235751
0.659386
0.760154
0.631189
0.263447
0.709374
0.845645
0.232152
0.486134
0.758084
0.409093
0.517127
0.323466
0.471827
0.917334
0.275969
0.890102
0.108221
0.572019
0.684437
0.861541
0.628974
0.602921
0.345861
0.314686
0.230816
0.918346
0.914765
0.99272
0.405432
0.198412
0.436507
0.857845
0.648596
0.219073
0.830204
0.955652
0.020368
0.520643
0.578804
0.624923
0.755927
0.722013
0.916393
0.279252
0.215872
0.706028
0.110675
0.857586
0.766718
0.581535
0.81888
0.590923
0.267955
0.779494
0.111454
0.841255
0.09984
0.658876
0.652673
0.75631
0.033959
0.06527
0.135295
0.732055
0.58434
0.87759
0.195509
0.466174
0.823844
0.090563
0.225953
0.203526
0.788697
0.867027
0.412255
0.751001
0.210829
0.777236
0.80638
0.213337
0.82686
0.534926
0.580546
0.274902
0.839566
0.359838
0.088361
0.210629
0.248626
0.346233
0.972765
0.124457
0.038352
0.963527
0.921652
0.531624
0.93056
0.187593
0.749433
0.676852
0.981753
0.051283
0.785384
0.0258
0.986988
0.123158
0.885067
0.049524
0.845454
0.747099
0.88092
0.598953
0.316513
0.246243
0.955057
0.448234
0.998203
0.52495
0.331143
0.302839
0.443165
0.379061
0.406584
0.33763
0.502871
0.618625
0.902518
0.48522
0.209404
0.427084
0.124746
0.540951
0.13096
0.033134
0.41687
0.391134
0.117126
0.652319
0.704844
0.145821
0.772446
0.519945
0.097747
0.86517
0.151189
0.366327
0.337969
0.942535
0.071566
0.278101
0.786424
0.829063
0.495073
0.028581
0.11985
0.00683
0.433796
0.425389
0.880292
0.713383
0.220939
0.263859
0.137383
0.37797
0.234128
0.061164
0.515104
0.616246
0.128925
0.004071
0.99329
0.405327
0.377203
0.264505
0.105354
0.576107
0.198267
0.069935
0.495123
0.660809
0.46169
0.945505
0.658788
0.274933
0.170739
0.574552
0.051574
0.047016
0.361279
0.530623
0.266248
0.629717
0.700296
0.255575
0.586934
0.590843
0.612771
0.957469
0.80193
0.633985
0.699852
0.653211
0.647339
0.593816
0.067081
0.483643
0.031161
0.062216
0.033756
0.074641
0.975574
0.240407
0.000277
0.070777
0.278532
0.275128
0.107876
0.502113
0.377871
0.880775
0.976427
0.947626
0.077911
0.116186
0.424611
0.256131
0.615981
0.531352
0.188417
0.355474
0.902525
0.688822
0.241122
0.149579
0.185584
0.287439
0.924457
0.671809
0.78471
0.600675
0.084426
0.267474
0.30768
0.016654
0.431519
0.502835
0.276894
0.254031
0.814506
0.233639
0.461439
0.920822
0.969989
0.765633
0.079598
0.525855
0.521027
0.256684
0.241528
0.030487
0.629244
0.521888
0.794245
0.382614
0.447953
0.027822
0.627852
0.85378
0.676243
0.707073
0.429938
0.825609
0.594505
0.212222
0.718635
0.523475
0.902565
0.957341
0.557492
0.655273
0.881693
0.962862
0.926408
0.251702
0.554955
0.698207
0.861898
0.075081
0.52133
0.651106
0.297803
0.889393
0.732379
0.941779
0.864868
0.557474
0.361705
0.893719
0.588342
0.46722
0.043711
0.73357
0.369227
0.443653
0.126323
0.693218
0.168604
0.718241
0.355676
0.544266
0.296579
0.278934
0.306325
0.37084
0.570596
0.892171
0.154505
0.858842
0.389113
0.015077
0.435843
0.710084
0.665729
0.773305
0.244026
0.809894
0.217811
0.785412
0.078713
0.059112
0.365426
0.707969
0.416188
0.101911
0.186242
0.144927
0.96022
0.651609
0.2523
0.766177
0.933678
0.889684
0.748686
0.452527
0.639267
0.703981
0.004933
0.805388
0.372602
0.378375
0.296858
0.641894
0.61351
0.376454
0.927462
0.471735
0.090774
0.222463
0.862688
0.781715
0.632896
0.494424
0.403324
0.972806
0.413186
0.360941
0.64197
0.367009
0.701715
0.43384
0.51596
0.864905
0.64696
0.092086
0.219942
0.424392
0.763857
0.917944
0.218306
0.836563
0.20701
0.954019
0.070062
0.749061
0.032131
0.693784
0.275458
0.139963
0.242775
0.383495
0.3602
0.597977
0.740668
0.790011
0.721364
0.744061
0.632041
0.505521
0.231883
0.977575
0.983796
0.415694
0.655111
0.783851
0.608669
0.916714
0.034123
0.585268
0.296153
0.212771
0.465433
0.135765
0.186288
0.413314
0.225596
0.351694
0.381865
0.721922
0.365443
0.667509
0.312633
0.73748
0.667311
0.118256
0.129554
0.488675
0.124081
0.083031
0.168802
0.214157
0.491533
0.726168
0.379763
0.283235
0.605157
0.257719
0.915495
0.303612
0.538641
0.260361
0.193029
0.479119
0.194513
0.044639
0.030144
0.087949
0.694289
0.539397
0.73364
0.629098
0.195409
0.324296
0.88167
0.522531
0.871559
0.74406
0.819279
0.802892
0.454018
0.270835
0.093129
0.398861
0.548784
0.582019
0.640939
0.794175
0.406017
0.019676
0.929423
0.81529
0.114425
0.996661
0.460135
0.951433
0.459758
0.222887
0.03879
0.96491
0.265705
0.064097
0.698744
0.525278
0.822006
0.783304
0.744456
0.569491
0.349251
0.513735
0.085867
0.209707
0.895654
0.847263
0.74248
0.549945
0.920699
0.202647
0.656667
0.994656
0.798751
0.845834
0.450764
0.002039
0.821437
0.661768
0.353968
0.028126
0.529959
0.32202
0.256961
0.555938
0.408754
0.166552
0.478495
0.497829
0.243063
0.504089
0.456115
0.244516
0.952914
0.641039
0.656621
0.447605
0.323014
0.197136
0.011234
0.259171
0.205256
0.497495
0.488576
0.226123
0.154836
0.155144
0.83439
0.861717
0.540324
0.040673
0.500325
0.663951
0.245531
0.36624
0.24683
0.732934
0.022413
0.36322
0.193504
0.142192
0.333637
0.119465
0.732933
0.974066
0.197694
0.364943
0.824424
0.606159
0.269719
0.276718
0.781939
0.880498
0.510884
0.158029
0.416596
0.873861
0.998869
0.809498
0.920457
0.893518
0.196559
0.413399
0.144423
0.206198
0.313243
0.744097
0.092342
0.966304
0.857443
0.265643
0.350629
0.415793
0.487293
0.011566
0.086428
0.781383
0.466031
0.240516
0.984002
0.196176
0.978897
0.674441
0.040284
0.816935
0.366834
0.523075
0.449024
0.970997
0.81344
0.334454
0.073868
0.437894
0.856977
0.165013
0.293855
0.326555
0.097713
0.001465
0.522849
0.053125
0.861957
0.420309
0.842084
0.335667
0.008302
0.889427
0.494898
0.132266
0.313548
0.248479
0.482517
0.786093
0.586389
0.356081
0.238171
0.747173
0.059752
0.827932
0.454714
0.939784
0.832978
0.733893
0.968133
0.115538
0.539427
0.576669
0.571826
0.50854
0.545445
0.784206
0.442535
0.925702
0.913645
0.629634
0.554347
0.32296
0.008685
0.709854
0.991255
0.85566
0.239917
0.110421
0.006913
0.095754
0.069558
0.294108
0.969466
0.566484
0.886467
0.26642
0.890287
0.182024
0.916321
0.315804
0.287749
0.382194
0.581398
0.101362
0.049402
0.654314
0.963604
0.84494
0.443539
0.338991
0.824012
0.599175
0.772109
0.269792
0.838476
0.043099
0.966483
0.707556
0.624794
0.869821
0.398364
0.409315
0.328246
0.400229
0.181767
0.847908
0.285458
0.466751
0.988709
0.934723
0.04426
0.473758
0.637181
0.012733
0.526665
0.274845
0.173988
0.672675
0.066287
0.630312
0.820565
0.118822
0.319368
0.125358
0.755546
0.356282
0.812516
0.879437
0.993697
0.606859
0.43535
0.314296
0.609163
0.35285
0.720627
0.699488
0.170161
0.633169
0.152218
0.128835
0.93164
0.077018
0.41114
0.724728
0.487954
0.55858
0.791687
0.53231
0.681483
0.676468
0.292989
0.921213
0.276467
0.760249
0.930599
0.262911
0.170157
0.041354
0.035571
0.916613
0.51877
0.772135
0.421717
0.723671
0.517382
0.508912
0.115236
0.495043
0.208882
0.448289
0.579659
0.424445
0.361207
0.375651
0.37086
0.331317
0.075183
0.630771
0.587481
0.395807
0.975589
0.998623
0.986672
0.935724
0.184461
0.071965
0.226737
0.810059
0.387113
0.396814
0.523871
0.733357
0.920283
0.250217
0.921637
0.318566
0.892265
0.461255
0.838222
0.640577
0.240186
0.430278
0.945333
0.839446
0.557107
0.371231
0.762128
0.892324
0.459502
0.052153
0.499298
0.407096
0.727725
0.932523
0.49325
0.528988
0.157492
0.263939
0.102477
0.073655
0.31339
0.308989
0.551921
0.13635
0.033876
0.044443
0.262094
0.037263
0.057693
0.10282
0.410521
0.640974
0.83783
0.224029
0.025537
0.687192
0.832584
0.559158
0.770037
0.852543
0.599162
0.176328
0.746466
0.096766
0.31306
0.295751
0.282621
0.859209
0.198304
0.69756
0.724525
0.70016
0.836076
0.313527
0.558645
0.829502
0.879523
0.514401
0.404058
0.768153
0.406875
0.388637
0.459745
0.564564
0.313292
0.895347
0.404086
0.446538
0.803789
0.965223
0.198152
0.131781
0.958377
0.138317
0.984735
0.656618
0.823096
0.530749
0.437467
0.763922
0.344371
0.399755
0.14487
0.331251
0.71655
0.381173
0.947394
0.127167
0.187656
0.559794
0.038801
0.824195
0.910483
0.598083
0.344599
0.166508
0.997792
0.267586
0.697629
0.006107
0.720564
0.198036
0.529168
0.3222
0.48535
0.576685
0.537933
0.037989
0.991308
0.124926
0.188501
0.555505
0.370308
0.663156
0.657786
0.878089
0.617282
0.756954
0.795113
0.670453
0.690978
0.209623
0.671316
0.092651
0.773243
0.19232
0.124563
0.593932
0.114196
0.833169
0.322161
0.973836
0.624598
0.028007
0.48615
0.472205
0.582591
0.47753
0.459466
0.192177
0.071179
0.927799
0.247409
0.837275
0.317699
0.315283
0.990626
0.311432
0.028323
0.226189
0.485307
0.516647
0.044881
0.023679
0.358332
0.829543
0.878652
0.939614
0.55499
0.355623
0.569525
0.355589
0.874042
0.446863
0.649148
0.257415
0.375267
0.078565
0.720453
0.884946
0.865817
0.882108
0.660891
0.370669
0.068055
0.693759
0.187164
0.421702
0.670447
0.470744
0.7362
0.057106
0.4798
0.535507
0.313792
0.17692
0.287489
0.662619
0.779597
0.841497
0.822669
0.085818
0.926466
0.568254
0.048488
0.434191
0.637642
0.451491
0.92382
0.301178
0.672914
0.037547
0.738306
0.948376
0.741686
0.254662
0.696022
0.609246
0.581988
0.284789
0.878861
0.845236