1024 1
0
557
1
996
2
192
3
1018
4
727
5
638
6
652
7
733
8
308
9
1012
10
886
11
505
12
974
13
337
14
90
15
981
16
355
17
622
18
256
19
37
20
802
21
129
22
551
23
451
24
383
25
349
26
195
27
980
28
394
29
702
30
895
31
440
32
404
33
151
34
770
35
92
36
301
37
1007
38
428
39
802
40
117
41
637
42
826
43
260
44
713
45
711
46
200
47
132
48
452
49
715
50
935
51
959
52
611
53
274
54
913
55
590
56
696
57
312
58
807
59
459
60
240
61
996
62
79
63
641
64
367
65
263
66
568
67
733
68
225
68
69
70
933
71
427
72
717
73
134
74
275
75
732
76
354
77
393
78
531
79
233
80
662
81
292
82
465
83
875
84
432
85
539
86
919
87
516
88
766
89
346
90
342
91
924
92
636
93
103
94
923
95
167
96
286
97
413
98
900
99
996
100
791
101
834
102
957
103
921
104
763
105
170
106
724
107
357
108
985
109
862
15
110
111
567
112
560
113
321
114
806
115
442
26
116
117
671
118
486
119
930
120
636
121
336
122
489
15
123
124
622
125
258
126
162
127
360
128
315
129
1015
130
969
25
131
132
379
133
294
134
402
135
934
30
136
137
912
138
540
139
682
140
452
141
507
142
271
143
537
144
462
145
803
44
146
147
731
148
260
149
726
150
607
151
223
18
152
153
437
88
154
155
342
156
881
157
566
158
914
159
238
160
906
161
170
162
1004
163
592
146
164
85
165
166
167
167
508
168
966
169
275
170
508
171
523
167
172
45
173
174
610
175
969
176
750
177
533
178
243
179
478
180
641
181
916
182
518
141
183
184
479
5
185
186
1007
187
368
188
784
189
436
190
250
191
212
192
744
61
193
194
532
195
364
67
196
197
832
197
198
199
1002
200
960
201
364
1
202
203
228
76
204
205
703
206
322
207
329
208
302
209
918
77
210
211
823
212
240
213
1008
109
214
215
787
45
216
217
406
218
854
219
506
164
220
221
376
222
787
223
619
224
538
87
225
217
226
227
560
228
802
229
893
230
947
164
231
232
388
146
233
170
234
235
361
236
251
237
262
238
785
239
361
143
240
241
833
242
380
243
898
68
244
245
355
246
608
247
1000
201
248
249
424
250
807
191
251
181
252
100
253
254
847
253
255
256
315
142
257
258
698
259
765
260
580
261
473
150
262
263
924
236
264
265
627
266
938
267
943
82
268
268
269
270
370
271
437
272
623
273
548
146
274
275
589
276
876
277
881
278
1008
97
279
280
348
281
867
282
390
163
283
284
605
285
510
286
423
287
548
288
872
289
686
290
592
291
785
292
843
292
293
294
830
230
295
296
919
27
297
298
871
125
299
58
300
301
430
129
302
66
303
304
643
78
305
44
306
307
393
130
308
309
1021
310
409
75
311
312
354
69
313
314
822
315
964
316
1012
89
317
318
668
319
615
130
320
127
321
214
322
323
960
69
324
325
671
326
990
30
327
328
833
329
404
330
418
331
802
332
499
333
797
334
878
335
671
190
336
337
980
338
746
28
339
229
340
37
341
342
569
329
343
132
344
345
1014
346
837
347
606
348
579
349
842
350
384
351
1000
352
865
353
596
175
354
355
995
356
410
206
357
16
358
359
793
152
360
361
614
362
596
363
738
364
769
33
365
108
366
367
920
368
924
369
770
370
436
310
371
372
888
373
741
374
549
375
489
95
376
377
513
171
378
379
642
380
653
381
827
382
622
383
680
384
573
325
385
386
721
369
387
307
388
389
815
390
902
10
391
392
669
302
393
394
845
159
395
187
396
397
660
398
692
399
631
400
435
401
928
402
801
121
403
404
803
198
405
406
419
407
590
9
408
347
409
410
910
33
411
318
412
413
499
414
500
415
851
416
842
282
417
418
522
174
419
420
866
421
776
422
801
423
584
107
424
425
987
271
426
427
739
215
428
429
735
430
781
390
431
143
432
433
579
170
434
182
435
436
807
437
1008
438
675
439
983
51
440
121
441
394
442
443
491
444
643
72
445
446
933
447
797
407
448
449
541
450
612
451
684
143
452
453
562
454
672
455
550
456
585
457
599
458
827
459
576
460
823
399
461
462
736
463
953
19
464
288
465
281
466
467
968
468
525
469
763
470
908
471
760
472
922
435
473
474
570
475
931
73
476
145
477
385
478
479
859
480
724
481
986
423
482
387
483
146
484
207
485
486
555
487
690
293
488
489
948
490
659
491
529
226
492
217
493
494
564
495
976
496
779
497
862
471
498
221
499
500
687
501
1020
502
547
114
503
504
965
375
505
506
574
273
507
73
508
264
509
510
737
62
511
137
512
470
513
83
514
439
515
151
516
321
517
92
518
78
519
520
841
179
521
243
522
523
945
422
524
282
525
360
526
339
527
528
604
267
529
518
530
531
971
532
949
533
1018
487
534
164
535
536
875
187
537
84
538
481
539
309
540
541
925
35
542
380
543
544
1021
545
754
546
659
312
547
548
981
54
549
550
786
551
736
552
927
553
690
554
815
555
781
556
805
197
557
537
558
63
559
560
968
395
561
122
562
166
563
564
803
127
565
566
738
567
1010
294
568
155
569
570
924
571
783
95
572
257
573
574
664
575
771
218
576
18
577
578
644
579
835
344
580
434
581
582
732
150
583
219
584
585
745
586
995
587
990
588
628
117
589
412
590
591
741
592
863
111
593
594
947
312
595
587
596
483
597
141
598
370
599
290
600
601
895
602
837
313
603
260
604
605
678
58
606
411
607
565
608
232
609
163
610
532
611
155
612
156
613
614
874
615
777
475
616
617
707
96
618
324
619
211
620
219
621
216
622
68
623
18
624
625
967
217
626
355
627
228
628
1
629
630
1000
631
652
632
903
156
633
225
634
635
942
345
636
180
637
638
985
121
639
125
640
641
1020
642
645
443
643
644
998
645
704
646
837
558
647
265
648
116
649
262
650
365
651
279
652
653
962
654
773
426
655
656
679
657
933
546
658
439
659
660
1013
39
661
662
912
339
663
664
941
255
665
243
666
19
667
558
668
88
669
363
670
299
671
314
672
202
673
254
674
565
675
75
676
677
742
678
717
521
679
680
774
151
681
682
736
142
683
325
684
685
793
686
732
619
687
642
688
525
689
199
690
199
691
222
692
331
693
694
869
290
695
541
696
6
697
409
698
253
699
700
783
524
701
332
702
617
703
559
704
31
705
274
706
535
707
140
708
201
709
710
739
523
711
438
712
623
713
31
714
85
715
716
938
402
717
649
718
162
719
720
978
96
721
198
722
723
798
398
724
350
725
78
726
727
857
728
831
371
729
247
730
731
876
365
732
733
850
100
734
536
735
736
792
33
737
593
738
496
739
543
740
385
741
742
908
686
743
125
744
415
745
746
774
37
747
355
748
455
749
727
750
584
751
464
752
136
753
65
754
591
755
518
756
95
757
190
758
260
759
276
760
705
761
415
762
686
763
356
764
312
765
169
766
742
767
668
768
61
769
770
843
358
771
772
963
161
773
624
774
131
775
162
776
437
777
778
1023
525
779
716
780
411
781
258
782
783
833
784
981
739
785
786
1009
516
787
316
788
771
789
623
790
111
791
690
792
40
793
794
871
207
795
422
796
661
797
160
798
393
799
800
964
330
801
802
851
803
842
425
804
564
805
806
1003
302
807
157
808
604
809
602
810
106
811
812
846
602
813
11
814
564
815
418
816
817
853
533
818
77
819
167
820
495
821
697
822
470
823
670
824
63
825
520
826
559
827
442
828
94
829
257
830
831
986
107
832
833
980
42
834
524
835
836
1016
145
837
681
838
676
839
840
898
417
841
429
842
782
843
744
844
408
845
846
915
601
847
848
952
849
852
821
850
341
851
139
852
723
853
189
854
698
855
856
885
359
857
716
858
755
859
860
989
670
861
528
862
628
863
161
864
865
980
866
918
690
867
189
868
269
869
870
900
494
871
33
872
503
873
95
874
875
884
876
935
877
1016
271
878
332
879
638
880
82
881
691
882
349
883
219
884
705
885
112
886
887
969
551
888
889
942
559
890
891
944
892
1022
893
919
384
894
192
895
386
896
897
959
249
898
753
899
222
900
242
901
192
902
291
903
863
904
367
905
906
988
631
907
531
908
855
909
696
910
633
911
243
912
71
913
303
914
915
918
768
916
730
917
916
918
718
919
846
920
575
921
255
922
648
923
359
924
925
1014
926
1012
176
927
441
928
394
929
768
930
29
931
660
932
721
933
170
934
412
935
490
936
538
937
525
938
939
981
48
940
109
941
644
942
626
943
292
944
497
945
511
946
253
947
155
948
335
949
722
950
475
951
952
971
560
953
612
954
720
955
231
956
899
957
77
958
250
959
66
960
528
961
717
962
102
963
739
964
232
965
868
966
366
967
968
998
324
969
396
970
715
971
104
972
706
973
353
974
407
975
329
976
284
977
634
978
464
979
445
980
49
981
582
982
729
983
565
984
430
985
456
986
331
987
830
988
125
989
918
990
874
991
765
992
929
993
923
994
623
995
413
996
80
997
251
998
702
999
461
1000
708
1001
873
1002
841
1003
871
1004
177
1005
488
1006
744
1007
166
1008
796
1009
309
1010
30
1011
178
1012
229
1013
525
1014
306
1015
223
1016
670
1017
475
1018
759
1019
532
1020
190
1021
655
1022
840
1023
0.485574
0.89549
0.366621
0.129847
0.580605
0.398695
0.467688
0.125542
0.037146
0.032982
0.99539
0.769665
0.300839
0.692103
0.29515
0.145195
0.556588
0.157949
0.357209
0.419003
0.183287
0.958352
0.895992
0.109934
0.519148
0.029947
0.44735
0.668439
0.002129
0.007936
0.492456
0.938877
0.405443
0.274247
0.020157
0.532256
0.774549
0.879014
0.466724
0.102019
0.735063
0.284977
0.053671
0.939288
0.962347
0.52134
0.869138
0.103274
0.908355
0.774581
0.831886
0.750531
0.360009
0.003218
0.813739
0.652514
0.064841
0.740931
0.234376
0.25086
0.295669
0.206334
0.204533
0.643919
0.937795
0.014237
0.586358
0.198793
0.946278
0.223691
0.22115
0.351947
0.424271
0.047185
0.290319
0.771419
0.005771
0.379422
0.071737
0.728616
0.349497
0.999461
0.741033
0.676713
0.208926
0.684392
0.276498
0.00413
0.677696
0.745322
0.483087
0.283068
0.187262
0.99218
0.95992
0.470709
0.141098
0.581989
0.157455
0.461734
0.231719
0.760021
0.366877
0.13083
0.364794
0.428528
0.252488
0.886519
0.850128
0.939657
0.783641
0.904138
0.035283
0.790206
0.272513
0.127605
0.050189
0.073404
0.55286
0.797409
0.990635
0.723073
0.526989
0.73538
0.964371
0.417347
0.760543
0.511535
0.576547
0.893324
0.828001
0.519759
0.986453
0.958395
0.049895
0.056505
0.285096
0.376665
0.012049
0.913362
0.417063
0.565008
0.685828
0.769372
0.664189
0.771966
0.383697
0.350437
0.69939
0.255982
0.483882
0.469062
0.378223
0.914149
0.018588
0.987228
0.588999
0.305956
0.336139
0.079213
0.080111
0.108984
0.066267
0.250992
0.207585
0.613544
0.946796
0.045105
0.315166
0.170243
0.721543
0.482735
0.847038
0.971491
0.411463
0.811522
0.86617
0.713939
0.154215
0.289228
0.528206
0.255647
0.472512
0.053195
0.396199
0.233093
0.481116
0.952099
0.102689
0.742166
0.338886
0.477714
0.371642
0.090332
0.742469
0.431787
0.90676
0.000868
0.1523
0.952968
0.174193
0.468891
0.28301
0.660184
0.594876
0.779636
0.341584
0.403867
0.615778
0.34225
0.562613
0.733556
0.931952
0.390353
0.984447
0.444332
0.124814
0.321589
0.371604
0.511933
0.672122
0.985661
0.47944
0.886336
0.357712
0.325969
0.343377
0.357595
0.494982
0.826212
0.178663
0.488961
0.057653
0.158317
0.293717
0.574471
0.227992
0.886528
0.468528
0.58848
0.700077
0.865002
0.406688
0.143469
0.718535
0.121461
0.95097
0.343662
0.952837
0.098858
0.087778
0.978727
0.054401
0.247597
0.707028
0.49966
0.454197
0.446878
0.191606
0.72039
0.137524
0.1869
0.041289
0.368204
0.610431
0.004261
0.967268
0.634191
0.885324
0.392712
0.45714
0.073618
0.69833
0.08551
0.868964
0.892437
0.042916
0.876471
0.329428
0.335702
0.656946
0.677765
0.119985
0.549873
0.347964
0.901145
0.687907
0.122621
0.181307
0.190611
0.97731
0.743135
0.774706
0.153758
0.66807
0.520752
0.328561
0.041646
0.708049
0.644932
0.604271
0.781957
0.459781
0.447565
0.471978
0.045317
0.070948
0.210546
0.1134
0.041783
0.563756
0.655773
0.429527
0.469112
0.774419
0.038601
0.956311
0.198577
0.99863
0.565424
0.200255
0.09792
0.604465
0.060105
0.404041
0.202938
0.942977
0.994227
0.90652
0.022562
0.074892
0.854228
0.63878
0.220525
0.564191
0.125605
0.1023
0.344688
0.085192
0.286565
0.129351
0.626737
0.510569
0.731042
0.839054
0.502423
0.550802
0.252982
0.343927
0.020509
0.356877
0.294505
0.247202
0.569611
0.001571
0.826531
0.727089
0.852869
0.928034
0.215464
0.876562
0.33804
0.538368
0.903535
0.250105
0.300235
0.702356
0.913554
0.073264
0.548925
0.357643
0.452281
0.496471
0.797505
0.172724
0.047927
0.625142
0.44823
0.300614
0.126224
0.261068
0.023286
0.456711
0.306004
0.043368
0.492602
0.402051
0.671392
0.807121
0.462792
0.637243
0.947552
0.749075
0.344824
0.472662
0.711467
0.182692
0.988952
0.719127
0.138356
0.447254
0.149336
0.846781
0.290652
0.396097
0.261979
0.4284
0.302183
0.900247
0.075532
0.493601
0.047346
0.522551
0.012173
0.390559
0.045638
0.347701
0.147665
0.81749
0.620003
0.793894
0.040442
0.895565
0.504393
0.069178
0.837313
0.571048
0.696913
0.919216
0.91472
0.711161
0.800133
0.15669
0.424796
0.105955
0.777933
0.841106
0.412518
0.779795
0.855725
0.260583
0.458231
0.420055
0.403097
0.498394
0.28857
0.168021
0.644885
0.36754
0.500943
0.142154
0.051647
0.859309
0.884494
0.826381
0.016777
0.792477
0.717415
0.111933
0.680463
0.350259
0.213537
0.0898
0.645281
0.102358
0.722234
0.037426
0.698411
0.096085
0.356994
0.412609
0.570558
0.629567
0.035591
0.840402
0.751928
0.809738
0.335713
0.131091
0.778489
0.482642
0.741816
0.08236
0.59562
0.572785
0.751462
0.871808
0.803368
0.401547
0.784089
0.838673
0.162444
0.958346
0.679597
0.442801
0.490548
0.04284
0.604077
0.21659
0.387773
0.841754
0.98239
0.569701
0.729404
0.438061
0.199762
0.830883
0.415043
0.799088
0.960347
0.499647
0.049804
0.93729
0.095829
0.731422
0.685876
0.27773
0.639021
0.308057
0.093152
0.071058
0.505052
0.599018
0.23106
0.526934
0.493865
0.275738
0.029081
0.384604
0.381408
0.547399
0.739778
0.75711
0.629191
0.707299
0.849466
0.730435
0.161643
0.643601
0.385123
0.421643
0.54956
0.923978
0.910463
0.178553
0.779491
0.875904
0.198944
0.205663
0.060537
0.095556
0.71963
0.864011
0.534755
0.202256
0.010363
0.407032
0.947824
0.637219
0.660791
0.336204
0.451176
0.850088
0.073913
0.530126
0.764555
0.428564
0.474165
0.870019
0.790287
0.550648
0.627819
0.018481
0.454896
0.519757
0.946857
0.116017
0.649267
0.865267
0.460766
0.585981
0.577169
0.091241
0.051154
0.17321
0.068564
0.695801
0.187001
0.74053
0.065236
0.32053
0.225381
0.125215
0.20954
0.893288
0.478353
0.809999
0.798182
0.42544
0.206195
0.23305
0.819391
0.540282
0.422168
0.147016
0.483649
0.64292
0.319246
0.356414
0.98386
0.620441
0.995422
0.041734
0.46125
0.326306
0.550519
0.391873
0.87073
0.021099
0.837271
0.731591
0.700235
0.785844
0.760496
0.858763
0.76867
0.181804
0.112894
0.477886
0.272638
0.497351
0.196797
0.495678
0.153837
0.632538
0.672947
0.105239
0.586127
0.779056
0.451689
0.922847
0.085383
0.609149
0.249501
0.495756
0.30425
0.121556
0.759805
0.120602
0.394914
0.292884
0.290688
0.908892
0.493969
0.093781
0.414103
0.669118
0.894136
0.342796
0.903878
0.932252
0.403677
0.952836
0.246424
0.716814
0.667311
0.247661
0.315557
0.205664
0.113786
0.135118
0.886057
0.22112
0.352187
0.063469
0.58013
0.994684
0.582611
0.365908
0.840023
0.177321
0.494191
0.92277
0.513896
0.562951
0.631089
0.422539
0.322415
0.772177
0.218133
0.302995
0.315856
0.99937
0.534904
0.973484
0.035817
0.106037
0.299928
0.368859
0.763403
0.941772
0.903424
0.38793
0.761647
0.227939
0.224216
0.231501
0.104391
0.792843
0.451952
0.905879
0.559714
0.663942
0.424245
0.117286
0.682296
0.073126
0.606931
0.553425
0.12138
0.24647
0.96915
0.413751
0.840326
0.514954
0.943652
0.740284
0.889067
0.034401
0.283924
0.610578
0.400115
0.506825
0.909886
0.01236
0.81307
0.949554
0.800521
0.03112
0.46701
0.474676
0.223461
0.258864
0.760898
0.161578
0.981401
0.691064
0.933939
0.795458
0.16354
0.695667
0.76861
0.662453
0.584464
0.578114
0.420764
0.455036
0.539084
0.433692
0.618842
0.16829
0.582316
0.330348
0.035206
0.238341
0.001358
0.303394
0.941821
0.269416
0.382871
0.06465
0.47803
0.724078
0.332132
0.800447
0.696094
0.933703
0.446375
0.281474
0.883552
0.435094
0.423653
0.877022
0.069943
0.91499
0.471462
0.508562
7.8e-05
0.6655
0.253321
0.148028
0.447572
0.677617
0.788193
0.813088
0.343997
0.329434
0.754844
0.020439
0.344942
0.315538
0.258122
0.384012
0.647156
0.80718
0.66354
0.28975
0.668062
0.423874
0.437738
0.667595
0.365015
0.956469
0.620657
0.135209
0.020611
0.438465
0.977593
0.298851
0.392922
0.316537
0.416524
0.218131
0.566672
0.008577
0.802351
0.616934
0.465223
0.118117
0.642924
0.56763
0.128467
0.154884
0.967544
0.334215
0.632627
0.976078
0.63807
0.905667
0.181186
0.241818
0.369443
0.122237
0.232255
0.440094
0.954462
0.403475
0.167071
0.29081
0.311684
0.476968
0.976136
0.156691
0.67327
0.141812
0.948463
0.690241
0.168708
0.251036
0.460164
0.827594
0.876451
0.034415
0.397906
0.834646
0.777994
0.504177
0.23247
0.045447
0.950548
0.499426
0.929959
0.179832
0.812409
0.550963
0.321924
0.037509
0.533751
0.468364
0.32916
0.54798
0.154004
0.765364
0.753478
0.771434
0.46554
0.109193
0.785803
0.105196
0.968681
0.313787
0.218612
0.464339
0.300287
0.188021
0.140001
0.904572
0.55878
0.838928
0.35139
0.958534
0.548039
0.08274
0.133911
0.24079
0.289225
0.536993
0.920411
0.465436
0.595288
0.441083
0.45816
0.871275
0.461171
0.697023
0.766727
0.597958
0.611974
0.652716
0.162449
0.399862
0.167107
0.927997
0.334893
0.417028
0.062726
0.67839
0.253608
0.947829
0.166836
0.189524
0.507426
0.775307
0.391978
0.657851
0.41426
0.072499
0.297681
0.125308
0.344258
0.196064
0.114089
0.615765
0.060804
0.903475
0.067142
0.984363
0.611841
0.832337
0.827707
0.872447
0.877175
0.231178
0.709818
0.124231
0.222524
0.593009
0.455892
0.901279
0.671483
0.208483
0.644139
0.465396
0.394051
0.890729
0.46476
0.364785
0.711207
0.661416
0.108269
0.405504
0.603817
0.991155
0.092323
0.334094
0.953337
0.770254
0.117404
0.170833
0.181779
0.014525
0.804527
0.345258
0.04825
0.691193
0.300426
0.984279
0.399978
0.424481
0.655368
0.43347
0.839794
0.195667
0.60563
0.309027
0.803699
0.587524
0.630801
0.993819
0.788627
0.479586
0.240248
0.012773
0.307356
0.59052
0.936437
0.266846
0.370268
0.843878
0.54449
0.779182
0.742944
0.438899
0.357276
0.106024
0.327946
0.707868
0.185286
0.616456
0.250763
0.876595
0.562148
0.148304
0.317449
0.196036
0.62965
0.893979
0.454953
0.712703
0.531463
0.827389
0.597655
0.088515
0.383506
0.407884
0.271258
0.655282
0.538918
0.372882
0.603562
0.347985
0.132673
0.166485
0.354653
0.468776
0.339951
0.835907
0.325256
0.347332
0.862871
0.995911
0.015674
0.710577
0.473555
0.17883
0.442369
0.470094
0.869199
0.340524
0.757074
0.318918
0.118156
0.411699
0.16615
0.069958
0.877085
0.213451
0.040297
0.776112
0.885769
0.96762
0.361172
0.719298
0.325522
0.964293
0.787031
0.787902
0.044769
0.338658
0.401392
0.763958
0.714474
0.46665
0.044959
0.603143
0.772137
0.500255
0.269871
0.953157
0.965785
0.480948
0.724022
0.620113
0.536415
0.290271
0.924138
0.093852
0.45726
0.174114
0.718546
0.324855
0.519595
0.866077
0.515523
0.666749
0.489675
0.399981
0.900794
0.176612
0.034519
0.101848
0.078829
0.885371
0.822822
0.629885
0.408514
0.111585
0.510812
0.747443
0.505237
0.73436
0.821282
0.740012
0.052344
0.686455
0.229969
0.013114
0.902755
0.2241
0.294763
0.54073
0.288162
0.048197
0.812801
0.440798
0.891521
0.254389
0.187955
0.772772
0.389092
0.772225
0.308295
0.312621
0.934954
0.11578
0.17252
0.19465
0.378323
0.401497
0.737069
0.28567
0.532996
0.693803
0.655689
0.893862
0.601952
0.260659
0.987389
0.085486
0.516261
0.167763
0.373853
0.929947
0.424846
0.395057
0.222416
0.539009
0.378598
0.160539
0.776495
0.641375
0.201441
0.631676
0.731262
0.953228
0.032923
0.706066
0.153195
0.125727
0.948744
0.969037
0.32726
0.086306
0.380391
0.217829
0.703875
0.269464
0.391398
0.341859
0.682264
0.031376
0.815479
0.858597
0.821644
0.968363
0.438621
0.477294
0.646691
0.183728
0.363658
0.310684
0.775632
0.636984
0.137414
0.986435
0.600394
0.956919
0.31232
0.223546
0.418341
0.517976
0.318591
0.232944
0.241578
0.71321
0.581226
0.781429
0.458361
0.0723
0.275709
0.212239
0.971226
0.931762
0.236463
0.318355
0.941655
0.239118
0.015851
0.783093
0.556674
0.985034
0.792868
0.389431
0.605705
0.634965
0.149342
0.326363
0.534242
0.156704
0.055965
0.599476
0.499091
0.670923
0.607821
0.599577
0.048267
0.115348
0.88871
0.217044
0.789913
0.811383
0.434701
0.078986
0.478495
0.072294
0.719044
0.366664
0.531084
0.889136
0.787433
0.591454
0.12325
0.344994
0.093718
0.751617
0.161395
0.81796
0.403679
0.284279
0.915343
0.149329
0.457807
0.74288
0.067226
0.110639
0.805565
0.354451
0.204226
0.672012
0.8196
0.903203
0.128877
0.358265
0.619734
0.980413
0.997111
0.816802
0.551381
0.941864
0.0153
0.672458
0.073655
0.678129
0.654755
0.754656
0.099158
0.718432
0.524729
0.919345
0.095183
0.814817
0.980025
0.272118
0.233455
0.355001
0.336616
0.260931
0.704056
0.79688
0.340847
0.145475
0.393466
0.938784
0.503768
0.03717
0.301512
0.42828
0.656133
0.659104
0.631045
0.975009
0.608943
0.961126
0.910007
0.438866
0.452487
0.779254
0.326564
0.212315
0.653176
0.987892
0.156594
0.407735
0.828887
0.222199
0.505311
0.706021
0.292475
0.916647
0.974373
0.792241
0.418294
0.696788
0.560215
0.930222
0.862378
0.334258
0.89114
0.042864
0.181302
0.469019
0.639876
0.83697
0.011529
0.96
0.795364
0.107137
0.931269
0.315807
0.889972
0.430774
0.374251
0.602986
0.250193
0.635262
0.095714
0.750247
0.3879
0.633012
0.244371
0.786366
0.235091
0.293785
0.984294
0.704846
0.763008
0.073272
0.127727
0.425026
0.716027
0.930274
0.931086
0.754083
0.074449
0.189379
0.801715
0.963047
0.498574
0.789495
0.434871
0.24108
0.485751
0.567709
0.883301
0.876452
0.118208
0.608176
0.743743
0.212985
0.63775
0.352572
0.377601
0.522018
0.833755
0.688652
0.499063
0.982226
0.315771
0.779283
0.430185
0.22403
0.235978
0.062895
0.696518
0.320415
0.409756
0.531099
0.328588
0.760937
0.150712
0.418572
0.438121
0.739633
0.256701
0.143104
0.255
0.514065
0.760148
0.557708
0.967172
0.390076
0.441017
0.017845
0.822391
0.300192
0.875457
0.907712
0.79131
0.559424
0.054472
0.346846
0.083894
0.38275
0.256107
0.83157
0.599121
0.749559
0.479658
0.497242
0.428242
0.981385
0.735579
0.478841
0.810497
0.884196
0.17648
0.191135
0.021318
0.243399
0.998483
0.486739
0.765548
0.759479
0.45883
0.920955
0.597413
0.759158
0.890562
0.575694
0.672264
0.466126
0.853905
0.485692
0.00206
0.935778
0.230375
0.05729
0.924014
0.050279
0.05208
0.496628
0.669346
0.008139
0.783968
0.32491
0.382119
0.073705
0.571932
0.756821
0.587026
0.10342
0.933925
0.091216
0.69608
0.681037
0.985817
0.568576
0.137666
0.966748
0.145433
0.530584
0.418124
0.211463
0.140676
0.310259
0.441356
0.949061
0.630833
0.665299
0.349994
0.565853
0.122893
0.209542
0.183606
0.9985
0.109779
0.695346
0.349854
0.439096
0.287167
0.226722
0.191262
0.325979
0.149188
0.140123
0.47303
0.100174
0.448959
0.978631
0.431958
0.937265
0.263253
0.184984
0.978753
0.226943
0.660815
0.361931
0.334504
0.19416
0.2467
0.760668
0.763765
0.996532
0.775507
0.238175
0.485385
0.208235
0.918692
0.398792
0.674373
0.405804
0.619606
0.536586
0.575776
0.4619
0.235
0.131448
0.428974
0.034769
0.503866
0.53969
0.80321
0.990361
0.692406
0.213025
0.300963
0.201244
0.488933
0.190091
0.449487
0.552298
0.447619
0.096307
0.652179
0.389131
0.133739
0.379904
0.759333
0.794661
0.414381
0.137433
0.366721
0.283895
0.374018
0.788363
0.214943
0.38637
0.757534
0.462135
0.508888
0.757812
0.137685
0.113772
0.32884
0.863142
0.489836
0.915224
0.203861
0.965061
0.140734
0.627631
0.371522
0.745366
0.463987
0.357935
0.07938
0.34405
0.219014
0.961513
0.922896
0.275237
0.385339
0.281335
0.223868
0.328079
0.279224
0.35106
0.561391
0.677015
0.518943
0.125865
0.54485
0.452107
0.574614
0.601445
0.421332
0.437657
0.011606
0.69278
0.44595
0.553757
0.944947
0.786638
0.863051
0.355281
0.212984
0.447542
0.776439
0.953394
0.3956
0.774854
0.436454
0.149762
0.090453
0.955041
0.484967
0.705844
0.375538
0.525312
0.423497
0.598616
0.927978
0.539874
0.936225
0.019017
0.023211
0.507077
0.071019
0.310981
0.465908
0.318927
0.500143
0.584434
0.054601
0.678748
0.151205
0.220598
0.863754
0.884544
0.163315
0.751731
0.832687
0.445739
0.010372
0.551387
0.12089
0.212912
0.51401
0.313607
0.04854
0.505425
0.354667
0.018405
0.878474
0.996161
0.709581
0.998126
0.894674
0.522665
0.139522
0.380674
0.692847
0.344895
0.921173
0.924929
0.153583
0.093415
0.953855
0.001009
0.715897
0.076403
0.542685
0.008552
0.454952
0.226928
0.003724
0.753638
0.556163
0.110304
0.098196
0.673596
0.80001
0.387702
0.315496
0.517047
0.871276
0.874871
0.761405
0.022218
0.980212
0.623915
0.843782
0.900341
0.533039
0.37729
0.167559
0.24624
0.441406
0.754628
0.680677
0.636611
0.667307
0.397842
0.595895
0.293096
0.573657
0.622534
0.024563
0.638028
0.115146
0.02869
0.156853
0.662553
0.886552
0.258506
0.492906
0.671901
0.159017
0.579207
0.110406
0.481791
0.804036
0.911476
0.293061
0.894713
0.593128
0.203365
0.261146
0.096392
0.776028
0.581241
0.434985
0.733873
0.832513
0.812617
0.273766
0.308917
0.80719
0.789131
0.384056
0.970352
0.586871
0.734813
0.946891
0.354084
0.333107
0.597957
0.363987
0.36453
0.47927
0.069225
0.916243
0.19335
0.447649
0.392115
0.320052
0.315627
0.442928
0.785724
0.458288
0.283921
0.529293
0.134058
0.563459
0.680606
0.319617
0.844617
0.488269
0.381272
0.713552
0.877519
0.498863
0.463571
0.294598
0.876062
0.606017
0.23557
0.49031
0.828324
0.804234
0.047098
0.127611
0.878905
0.808419
0.676749
0.006384
0.901034
0.582711
0.784461
0.835548
0.921971
0.484531
0.683318
0.759709
0.556216
0.024896
0.065258
0.859019
0.461591
0.171963
0.595469
0.951267
0.725453
0.632942
0.202829
0.345814
0.497388
0.749774
0.94099
0.100814
0.863657
0.597741
0.984924
0.973285
0.446567
0.51699
0.993505
0.014932
0.667997
0.234352
0.417686
0.651562
0.081057
0.201635
0.641366
0.606902
0.722503
0.800176
0.739801
0.857042
0.661101
0.310766
0.324409
0.445095
0.517428
0.623875
0.036402
0.126885
0.331275
0.892368
0.272365
0.016643
0.668646
0.440321
0.288326
0.112421
0.379607
0.605386
0.267816
0.507474
0.0823
0.920748
0.868333
0.086999
0.562373
0.595542
0.403972
0.732215
0.836219
0.141913
0.948711
0.120199
0.441495
0.607555
0.477641
0.431405
0.598365
0.61575
0.000618
0.062044
0.053751
0.274939
0.609201
0.437175
0.514281
0.923758
0.779251
0.015964
0.089391
0.111837
0.52063
0.098418
0.084085
0.494474
0.716861
0.78133
0.452644
0.808173
0.124247
0.137292
0.142293
0.124349
0.356659
0.270186
0.799891
0.583614
0.140381
0.811349
0.142889
0.998219
0.642219
0.846127
0.080924
0.040115
0.272515
0.008772
0.206947
0.828727
0.164278
0.324582
0.367799
0.82247
0.071865
0.356059
0.062488
0.902029
0.349088
0.286322
0.94632
0.77826
0.621043
0.496399
0.335187
0.318496
0.169132
0.299917
0.119363
0.401014
0.126206
0.610351
0.948233
0.418404
0.592365
0.454753
0.952021
0.043233
0.008411
0.176265
0.450488
0.914519
0.602893
0.749296
0.621003
0.961533
0.385242
0.097422
0.871296
0.83786
0.87147
0.537523
0.115484
0.635308
0.709098
0.062812
0.36038
0.114771
0.826793
0.694657
0.343305
0.956133
0.574776
0.303293
0.486212
0.315539
0.907562
0.433299
0.161112
0.13342
0.746781
0.607415
0.758198
0.627954
0.280195
0.181249
0.818971
0.43756
0.981381
0.85962
0.95544
0.428216
0.733666
0.267734
0.173035
0.293586
0.867745
0.214723
0.319511
0.468377
0.675797
0.200446
0.529842
0.412301
0.006475
0.17615
0.917719
0.977781
0.115644
0.054743
0.838202
0.591197
0.568175
0.357181
0.511453
0.168801
0.606832
0.426067
0.224862
0.918661
0.120327
0.460293
0.656999
0.336983
0.691862
0.339335
0.910288
0.244746
0.192902
0.020118
0.415585
0.513951
0.042694
0.29748
0.316447
0.295766
0.299081
0.614073
0.582023
0.971042
0.503291
0.37076
0.017647
0.84709
0.04069
0.425063
0.184984
0.166546
0.272719
0.832042
0.345713
0.454594
0.42419
0.930989
0.619438
0.529203
0.253581
0.255912
0.622542
0.966938
0.987825
0.386122
0.31324
0.324351
0.195751
0.12625
0.825438
0.156832
0.577149
0.764592
0.413167
0.400122
0.984716
0.241328
0.783246
0.932731
0.501382
0.400791
0.856041
0.882924
0.870766
0.807216
0.214889
0.918991
0.016461
0.629866
0.020344
0.937365
0.530915
0.344456
0.263091
0.520768
0.472631
0.424145
0.883461
0.20609
0.083289
0.628831
0.84956
0.74021
0.230262
0.978882
0.559418
0.774581
0.422006
0.752703
0.870984
0.175496
0.66839
0.343741
0.682239
0.548049
0.007907
0.468126
0.602431
0.227086
0.928359
0.185085
0.052154
0.82362
0.523076
0.863903
0.723037
0.303374
0.779733
0.27238
0.717939
0.436071
0.310147
0.914661
0.980051
0.782867
0.664127
0.363224
0.583308
0.003166
0.674101
0.889736
0.283048
0.498569
0.769848
0.075093
0.568337
0.984886
0.910436
0.014643
0.706748
0.774073
0.734945
0.771045
0.785847
0.089252
0.725556
0.343913
0.995328
0.370192
0.928248
0.843475
0.891992
0.70989
0.279629
0.284415
0.276275
0.598292
0.157923
0.081913
0.692599
0.957469
0.021464
0.143623
0.3647
0.618714
0.391545
0.56905
0.047919
0.558965
0.011523
0.1101
0.577617
0.986514
0.68573
0.38856
0.728484
0.614932
0.764079
0.189022
0.300834
0.629145
0.173604
0.891167
0.406184
0.39145
0.833792
0.538512
0.832307
0.028322
0.81136
0.472428
0.530929
0.14261
0.057014
0.592693
0.597764
0.517417
0.757402
0.135716
0.247815
0.066074
0.294462
0.201647
0.734646
0.347351
0.344182
0.006323
0.795497
0.978388
0.124043
0.34477
0.678313
0.123039
0.138728
0.574473
0.801892
0.417749
0.422054
0.956924
0.67226
0.746839
0.640922
0.221647
0.383522
0.752204
0.017198
0.537083
0.739166
0.41889
0.288457
0.228521
0.766867
0.868368
0.258773
0.916116
0.201675
0.612998
0.564402
0.578752
0.192976
0.385896
0.039218
0.558195
0.008611
0.044913
0.169418
0.891903
0.478964
0.324446
0.095738
0.204472
0.791783
0.298431
0.929753
0.180616
0.041276
0.48534
0.428894
0.89387
0.702364
0.820799
0.062019
0.761217
0.056656
0.762857
0.047311
0.257786
0.910155
0.777245
0.070857
0.640693
0.890211
0.874476
0.107209
0.358052
0.647383
0.289544
0.181999
0.253646
0.67961
0.624055
0.534087
0.229901
0.483973
0.184836
0.994497
0.338055
0.785106
0.643841
0.678642
0.132138
0.937071
0.265527
0.42266
0.606614
0.82623
0.115729
0.757912
0.447087
0.752141
0.676903
0.699346
0.657805
0.701982
0.383289
0.851285
0.079861
0.50706
0.927292
0.095322
0.543726
0.175975
0.695525
0.270046
0.268145
0.43247
0.864842
0.151863
0.307103
0.104338
0.73987
0.911559
0.499657
0.689766
0.369941
0.222077
0.507073
0.669816
0.545554
0.037045
0.13441
0.824063
0.443873
0.798976
0.047814
0.259532
0.819932
0.560677
0.325412
0.823371
0.153704
0.738575
0.163473
0.111637
0.433888
0.023017
0.698897
0.560651
0.696793
0.126232
0.36755
0.172013
0.047203
0.023959
0.34198
0.612633
0.057077
0.872521
0.661556
0.655981
0.945401
0.522255
0.67894
0.278144
0.275099
0.505834
0.346457
0.557299
0.266665
0.351327
0.193397
0.03268
0.994015
0.38843
0.01552
0.783837
0.269904
0.329991
0.40309
0.115534
0.695368
0.988049
0.983245
0.140581
0.958354
0.787981
0.42117
0.010785
0.735523
0.748496
0.413621
0.487043
0.963562
0.686349
0.658716
0.715626
0.118931
0.158159
0.313481
0.93104
0.363532
0.872679
0.869265
0.557797
0.486721
0.288741
0.262973
0.696001
0.350543
0.197695
0.808508
0.542543
0.373411
0.246953
0.101971
0.923668
0.666418
0.664519
0.85408
0.874572
0.412755
0.656368
0.294569
0.187766
0.44976
0.122237
0.165176
0.950176
0.958268
0.185829
0.729241
0.962501
0.83737
0.034321
0.406582
0.266434
0.870474
0.680355
0.565339
0.027377
0.420613
0.616695
0.652577
0.633041
0.548301
0.380354
0.586713
0.977581
0.288926
0.455413
0.146626
0.258508
0.377245
0.986282
0.151667
0.693583
0.370284
0.911182
0.092881
0.139552
0.376289
0.912089
0.145576
0.846397
0.079456
0.432625
0.940051
0.296124
0.28824
0.074034
0.319414
0.61154
0.20971
0.061746
0.993201
0.738543
0.26316
0.731121
0.34298
0.586999
0.453388
0.814035
0.943455
0.348423
0.109769
0.398056
0.050192
0.576331
0.565514
0.315813
0.029448
0.724955
0.621778
0.807469
0.708679
0.089795
0.953848
0.329282
0.830608
0.259301
0.42477
0.398044
0.342207
0.303736
0.968468
0.427589
0.538909
0.613367
0.514699
0.438639
0.704524
0.672477
0.739774
0.673786
0.602762
0.790069
0.586535
0.825693
0.479327
0.089753
0.299598
0.25427
0.524035
0.405111
0.166137
0.794519
0.991869
0.409115
0.389918
0.414684
0.133178
0.087653
0.458257
0.051761
0.113844
0.118334
0.378476
0.116955
0.952425
0.812396
0.59244
0.273019
0.849483
0.252558
0.679038
0.908165
0.216725
0.718688
0.137793
0.752479
0.757695
0.776415
0.220445
0.474596
0.898994
0.35149
0.766857
0.358868
0.169879
0.166162
0.886695
0.238326
0.964957
0.577362
0.330356
0.701433
0.906379
0.890158
0.453767
0.972333
0.163355
0.562953
0.451427
0.393664
0.53388
0.188651
0.383566
0.483701
0.850685
0.276288
0.186183
0.431949
0.520136
0.12052
0.772518
0.512599
0.840552
0.603058
0.551909
0.621136
0.978994
0.560974
0.322285
0.926341
0.419909
0.799946
0.086209
0.184006
0.070898
0.114273
0.213345
0.082211
0.730629
0.866168
0.556108
0.085397
0.749731
0.931304
0.739799
0.187287
0.340999
0.769042
0.460465
0.826645
0.977878
0.313484
0.061224
0.540328
0.974736
0.406805
0.397049
0.111169
0.090988
0.404668
0.965871
0.270056
0.083032
0.163015
0.608442
0.977186
0.069721
0.685712
0.473372
0.907195
0.479998
0.008571
0.286813
0.310259
0.004595
0.915423
0.302932
0.832151
0.160198
0.963694
0.899253
0.690863
0.650888
0.561198
0.026348
0.248288
0.055222
0.996845
0.231008
0.918121
0.327512
0.187266
0.073801
0.153263
0.807612
0.944632
0.478171
0.447064
0.929523
0.817771
0.864286
0.648338
0.117597
0.6849
0.503351
0.575166
0.597136
0.453227
0.742381
0.592198
0.915698
0.107949
0.016677
0.433596
0.666779
0.897368
0.337402
0.822429
0.022594
0.522595
0.516578
0.365572
0.121993
0.888811
0.630198
0.38712
0.245299
0.130863
0.306698
0.637103
0.313874
0.375547
0.792131
0.008438
0.390339
0.046048
0.388492
0.620382
0.96445
0.968424
0.218795
0.114648
0.464844
0.176829
0.165259
0.221688
0.699039
0.296442
0.384515
0.086419
0.837055
0.360996
0.380485
0.451143
0.078681
0.999714
0.629366
0.127053
0.919153
0.075154
0.565816
0.314676
0.66458
0.450228
0.679631
0.188162
0.541085
0.637632
0.267847
0.758176
0.015111
0.403436
0.037582
0.000888
0.307933
0.880737
0.624825
0.071577
0.252582
0.970222
0.713108
0.401843
0.538063
0.978377
0.286074
0.05348
0.274223
0.141562
0.158653
0.604488
0.598989
0.293323
0.044603
0.452549
0.343037
0.583141
0.658968
0.078505
0.521563
0.314208
0.382695
0.79564
0.794288
0.930956
0.969805
0.865532
0.234407
0.22541
0.67384
0.618817
0.573278
0.184173
0.075809
0.264415
0.998415
0.343546
0.815249
0.94356
0.677393
0.665333
0.528974
0.718888
0.511624
0.531261
0.503065
0.205095
0.048266
0.861982
0.14872
0.562066
0.193595
0.240396
0.615618
0.991801
0.468455
0.638554
0.476323
0.734656
0.252136
0.579219
0.973717
0.712999
0.483847
0.671674
0.091059
0.428012
0.945993
0.667919
0.299512
0.770769
0.113026
0.404843
0.784421
0.632557
0.699437
0.705584
0.919009
0.024765
0.614243
0.669451
0.687692
0.183287
0.092982
0.146774
0.658672
0.250861
0.19104
0.785346
0.678874
0.524687
0.299605
0.120765
0.439429
0.956103
0.874577
0.995695
0.060962
0.109049
0.759647
0.566427
0.283315
0.847625
0.352415
0.936322
0.7825
0.193552
0.096137
0.612371
0.669778
0.768837
0.211656
0.7622
0.699545
0.980244
0.292875
0.237532
0.317458
0.340163
0.560041
0.09462
0.940876
0.459542
0.484856
0.32761
0.363914
0.067957
0.442456
0.023723
0.537803
0.915189
0.122686
0.523395
0.808966
0.559072
0.076875
0.967906
0.416457
0.402373
0.206814
0.662987
0.227098
0.464028
0.87831
0.359445
0.449035
0.041855
0.496374
0.498567
0.405204
0.425363
0.008205
0.032751
0.562809
0.287903
0.352703
0.822629
0.961533
0.607164
0.623308
0.180053
0.720851
0.473156
0.615659
0.189082
0.464188
0.254517
0.583582
0.935006
0.415049
0.504645
0.550806
0.856619
0.984751
0.697258
0.493497
0.142978
0.431365
0.61801
0.84754
0.497443
0.602731
0.487024
0.699377
0.388426
0.314454
0.558495
0.719164
0.374326
0.831088
0.459219
0.347547
0.258839
0.460914
0.114801
0.539984
0.31498
0.199276
0.905964
0.453611
0.421416
0.013351
0.814704
0.303537
0.241863
0.51541
0.058229
0.853507
0.620298
0.99687
0.809938
0.153959
0.881244
0.984323
0.658695
0.140893
0.217161
0.416562
0.070726
0.201208
0.168567
0.895185
0.818201
0.732619
0.268992
0.279208
0.836817
0.098189
0.185628
0.35198
0.958697
0.496591
0.763404
0.493062
0.931201
0.839191
0.341926
0.785486
0.25916
0.016409
0.623395
0.531166
0.526494
0.681124
0.973498
0.619786
0.68849
0.303096
0.767536
0.613437
0.760551
0.763231
0.127655
0.610523
0.7778
0.246998
0.258079
0.643009
0.099809
0.271878
0.476713
0.993945
0.728636
0.57182
0.485793
0.243058
0.356374
0.787996
0.411223
0.076785
0.659006
0.569544
0.65644
0.945607
0.963684
0.291435
0.067823
0.235679
0.899934
0.123877
0.210623
0.669633
0.143196
0.174931
0.437939
0.971055
0.344615
0.400366
0.546484
0.097304
0.094135
0.691423
0.114693
0.43885
0.324932
0.438428
0.136316
0.77461
0.403735
0.412028
0.776598
0.638582
0.49098
0.99184
0.430091
0.945636
0.465673
0.190536
0.20106
0.767135
0.911833
0.296703
0.528356
0.92746
0.413735
0.011055
0.77957
0.45374
0.784601
0.691658
0.196837
0.686289
0.051131
0.154313
0.418245
0.02594
0.237536
0.17484
0.673404
0.684629
0.405186
0.624926
0.252252
0.874687
0.150849
0.345516
0.795363
0.794855
0.234364
0.590006
0.636298
0.71561
0.031908
0.13415
0.399051
0.478387
0.95151
0.564054
0.312041
0.907707
0.361669
0.540737
7.3e-05
0.907632
0.944118
0.508859
0.570629
0.291932
0.581426
0.249602
0.535224
0.146726
0.943672
0.126615
0.436013
0.24288
0.486818
0.030881
0.961339
0.612189
0.757573
0.871915
0.83181
0.010862
0.888614
0.343203
0.610181
0.955495
0.879248
0.991304
0.772701
0.643066
0.216629
0.8697
0.445584
0.488165
0.892687
0.592901
0.394915
0.370421
0.776133
0.109035
0.477984
0.839149
0.660065
0.812309
0.933297
0.04254
0.331762
0.855504
0.616118
0.356993
0.280911
0.110835
0.794227
0.257887
0.084332
0.88327
0.863223
0.965958
0.018497
0.100395
0.107072
0.765683
0.134898
0.794897
0.501298
0.845539
0.321241
0.616165
0.036728
0.311595
0.63086
0.946514
0.306318
0.215698
0.498414
0.482404
0.015968
0.047425
0.28885
0.728698
0.679668
0.618029
0.755839
0.578064
0.94495
0.119986
0.612333
0.001513
0.326084
0.059081
0.878913
0.761165
0.069657
0.810793
0.543166
0.353954
0.104736
0.350942
0.953225
0.727271
0.751555
0.375107
0.302367
0.945484
0.389928
0.071597
0.990882
0.946985
0.853254
0.145535
0.627877
0.00791
0.122804
0.901674
0.758149
0.833654
0.032237
0.841392
0.293995
0.184011
0.911163
0.561575
0.539181
0.912283
0.357097
0.136818
0.834199
0.120998
0.338978
0.455454
0.306677
0.198992
0.857045
0.818311
0.303079
0.144683
0.806281
0.374277
0.979774
0.084054
0.269356
0.816903
0.98696
0.341295
0.896183
0.611288
0.257172
0.709193
0.778542
0.375766
0.32086
0.284924
0.476573
0.590353
0.603339
0.520296
0.92243
0.233544
0.678866
0.761832
0.294588
0.981085
0.444039
0.891553
0.404691
0.321489
0.636861
0.802889
0.402712
0.073741
0.944055
0.644464
0.362395
0.19532
0.711363
0.470589
0.558238
0.475758
0.59721
0.175323
0.995406
0.437392
0.962009
0.592327
0.515844
0.048336
0.229401
0.124591
0.460189
0.109782
0.206247
0.591083
0.14313
0.313361
0.501407
0.334248
0.279804
0.376197
0.942994
0.844478
0.288619
0.167082
0.991019
0.325603
0.053342
0.726886
0.063932
0.984764
0.684199
0.649731
0.513779
0.87101
0.299791
0.203229
0.78882
0.672587
0.421203
0.789551
0.908943
0.735501
0.994038
0.503952
0.895154
0.464044
0.539036
0.525536
0.702273
0.014766
0.452598
0.350122
0.053718
0.839426
0.161285
0.52732
0.810998
0.359759
0.139095
0.862211
0.565226
0.81273
0.261887
0.357457
0.243981
0.57507
0.972713
0.885842
0.639169
0.521631
0.90465
0.611309
0.56758
0.230377
0.012454
0.616253
0.595682
0.104591
0.804134
0.219973
0.105128
0.366634
0.804016
0.164004
0.681895
0.939554
0.817095
0.015957
0.199574
0.188778
0.002363
0.248379
0.525015
0.825363
0.691445
0.218522
0.036282
0.276233
0.1032
0.942971
0.403559
0.287683
0.565821
0.124648
0.41766
0.927074
0.039379
0.261344
0.604383
0.299857
0.314926
0.426599
0.137934
0.435194
0.568183
0.968909
0.303147
0.989727
0.966851
0.914951
0.960916
0.357412
0.362236
0.223579
0.229448
0.190534
0.695731
0.545686
0.057469
0.795861
0.753582
0.473912
0.43964
0.770953
0.533002
0.723015
0.9006
0.54154
0.245957
0.892901
0.655173
0.432727
0.794541
0.176783
0.170611
0.997436
0.136776
0.096308
0.960047
0.936259
0.73852
0.012416
0.78
0.110079
0.088607
0.624289
0.385651
0.455292
0.362613
0.600449
0.753684
0.019408
0.071725
0.567148
0.37158
0.03608
0.18954
0.114175
0.20007
0.202297
0.473055
0.898245
0.930285
0.767228
0.463831
0.219929
0.901598
0.906285
0.528426
0.555306
0.182415
0.986
0.661484
0.115573
0.545826
0.364365
0.833435
0.161172
0.127164
0.479312
0.071856
0.768945
0.04205
0.43434
0.059972
0.696754
0.850832
0.303759
0.437089
0.194627
0.884407
0.086199
0.034207
0.912429
0.181035
0.986878
0.898109
0.729331
0.032581
0.116977
0.825654
0.896696
0.29556
0.883097
0.328487
0.160694
0.077704
0.951633
0.000227
0.571783
0.914055
0.85995
0.477359
0.006038
0.950855
0.645382
0.499743
0.513514
0.726599
0.721856
0.419109
0.910837
0.274718
0.565397
0.16324
0.254379
0.070359
0.668902
0.260739
0.817562
0.773105
0.412223
0.126068
0.185924
0.931298
0.259512
0.013869
0.962454
0.662828
0.741808
0.932981
0.592041
0.13217
0.284431
0.726285
0.167472
0.073456
0.333587
0.573857
0.829297
0.639763
0.315845
0.105589
0.471064
0.039066
0.861299
0.122302
0.520002
0.416314
0.920998
0.225798
0.203759
0.403066
0.990799
0.372887
0.876393
0.655084
0.391355
0.512561
0.754822
0.441366
0.621187
0.364438
0.495788
0.437368
0.974238
0.904168
0.975804
0.609791
0.240176
0.869009
0.135674
0.544234
0.114105
0.64555
0.795747
0.164898
0.255546
0.686369
0.298589
0.000503
0.13167
0.251977
0.017724
0.490047
0.002824
0.361425
0.759962
0.266911
0.099315
0.61336
0.693923
0.092772
0.097256
0.90154
0.748201
0.034545
0.773295
0.11553
0.726521
0.671863
0.073989
0.188931
0.78221
0.284546
0.737371
0.437125
0.291117
0.694095
0.227071
0.278103
0.625938
0.371429
0.960044
0.464041
0.302612
0.358263
0.022082
0.699717
0.716271
0.454523
0.553455
0.529764
0.953811
0.538866
0.355675
0.669772
0.338861
0.490444
0.26185
0.233429
0.114656
0.09339
0.97746
0.922898
0.518948
0.418743
0.057745
0.462182
0.30451
0.856559
0.940191
0.566069
0.617333
0.689355
0.417092
0.66498
0.83651
0.436202
0.516886
0.350981
0.709694
0.876627
0.328917
0.024621
0.78019
0.545306
0.46915
0.909721
0.473882
0.669411
0.537573
0.328791
0.760658
0.03423
0.01975
0.963334
0.29407
0.631931
0.877683
0.02828
0.459827
0.759557
0.029972
0.586383
0.71969
0.943829
0.11639
0.387743
0.668322
0.956505
0.414411
0.360969
0.658346
0.368279
0.950274
0.857876
0.996621
0.108427
0.02904
0.089286
0.423132
0.926247
0.846069
0.80787
0.653372
0.78822
0.582421
0.468249
0.849861
0.604009
0.794017
0.575382
0.74857
0.746746
0.634595
0.944642
0.935778
0.970293
0.089721
0.411539
0.992418
0.425978
0.83382
0.922577
0.925747
0.231996
0.628049
0.313287
0.659984
0.389586
0.313817
0.020038
0.299228
0.776703
0.679068
0.103713
0.066726
0.458926
0.629112
0.948387
0.876595
0.020561
0.135203
0.721634
0.699722
0.207159
0.331675
0.280948
0.503048
0.579089
0.090452
0.411781
0.221521
0.153071
0.469865
0.859243
0.434179
0.520776
0.843436
0.590672
0.579336
0.291044
0.899932
0.013546
0.217492
0.534298
0.932185
0.029614
0.538353
0.786572
0.862202
0.441518
0.287413
0.20469
0.651151
0.218338
0.200009
0.80053
0.316949
0.07678
0.501923
0.359172
0.212838
0.945656
0.315951
0.5964
0.261046
0.400577
0.732716
0.581745
0.334711
0.770561
0.749672
0.746535
0.922115
0.721307
0.958197
0.146344
0.85861
0.162807
0.811493
0.766106
0.997248
0.496311
0.937906
0.602221
0.040418
0.557432
0.444142
0.108415
0.429489
0.464088
0.194415
0.546455
0.271835
0.477902
0.534995
0.408696
0.495168
0.436342
0.466363
0.10996
0.821136
0.928961
0.308968
0.90628
0.97856
0.479398
0.589667
0.856104
0.121446
0.032299
0.779056
0.797744
0.077857
0.568253
0.335491
0.068904
0.27989
0.451302
0.834898
0.603975
0.758719
0.354855
0.632038
0.823188
0.688319
0.036592
0.596934
0.072992
0.357186
0.945332
0.830712
0.323498
0.344934
0.443316
0.631693
0.830112
0.021251
0.837205
0.028846
0.090799
0.270177
0.830273
0.762187
0.389638
0.684797
0.300269
0.764228
0.449987
0.59219
0.48835
0.818145
0.850589
0.81275
0.303183
0.396198
0.192715
0.626409
0.045009
0.293511
0.742181
0.34287
0.669462
0.737532
0.014586
0.863978
0.382491
0.266628
0.722293
0.257733
0.495115
0.272741
0.63099
0.609987
0.063398
0.49318
0.67396
0.879882
0.908204
0.604815
0.278069
0.174757
0.669977
0.473784
0.146401
0.742688
0.887745
0.123921
0.336873
0.501463
0.280558
0.360078
0.286069
0.128703
0.255274
0.484231
0.017665
0.327891
0.195646
0.867479
0.473116
0.148423
0.021467
0.183425
0.574719
0.215525
0.990003
0.914029
0.86697
0.690142
0.938419
0.295291
0.47572
0.835403
0.673085
0.455081
0.40686
0.279873
0.452219
0.486859
0.649128
0.126545
0.449782
0.193834
0.21896
0.505865
0.925249
0.392945
0.82475
0.627644
0.02786
0.532593
0.240244
0.167814
0.511933
0.897696
0.778969
0.366477
0.614127
0.449816
0.273981
0.81897
0.011968
0.470743
0.093376
0.745651
0.959587
0.357366
0.726709
0.787218
0.402375
0.922647
0.791975
0.480311
0.362742
0.413847
0.585626
0.60427
0.084269
0.130345
0.621271
0.397914
0.41376
0.216118
0.991387
0.447532
0.643112
0.425863
0.096438
0.409374
0.145284
0.935073
0.079055
0.292175
0.221794
0.061707
0.156362
0.396119
0.200307
0.992385
0.002008
0.937614
0.327356
0.638429
0.735788
0.835251
0.221958
0.314465
0.231648
0.842147
0.694773
0.137344
0.95885
0.833618
0.231747
0.494719
0.333965
0.05073
0.887528
0.45872
0.10854
0.68137
0.083339
0.230255
0.647134
0.929749
0.179854
0.812017
0.476058
0.150539
0.908502
0.667875
0.683852
0.417925
0.728859
0.463068
0.552384
0.880785
0.215377
0.968584
0.467188
0.961488
0.053228
0.675552
0.373239
0.798218
0.994671
0.744596
0.528235
0.026833
0.988906
0.286393
0.783145
0.837578
0.815931
0.04674
0.709306
0.081742
0.929845
0.9147
0.570724
0.364594
0.270571
0.124286
0.112721
0.476882
0.89675
0.926833
0.435944
0.900564
0.792894
0.00329
0.578859
0.876675
0.444457
0.685842
0.154311
0.466729
0.35689
0.386407
0.499416
0.864605
0.14134
0.670493
0.381765
0.322468