32 1 3
0
2
1
11
2
16
3
12
4
23
5
24
6
28
7
11
8
16
9
17
10
31
1
11
12
28
2
13
14
21
15
22
16
23
17
31
18
28
19
20
20
21
16
21
7
22
11
23
5
24
19
25
14
26
17
27
7
28
14
29
1
30
11
31
0.7445205970180926
0.26769403161615746
0.07956255969220438
0.33492636418757926
0.4165100381358321
0.7735592624420287
0.26666733046420144
0.6556507944201244
0.9759497413939533
0.25339362300409407
0.9266405325433711
0.8226150536819123
0.6339284115538394
0.17095267398225444
0.1992472847673573
0.5669192866251503
0.5932997098114391
0.40801128957537214
0.005189657435149986
0.7988287851720122
0.1586842933997359
0.17198361374315585
0.40453767950985253
0.5830495547401405
0.8184478968227569
0.9148298499489498
0.03157395603462709
0.4538817694465669
0.5467404176162529
0.44963913852834436
0.6190781441460851
0.3347538632425918
0.8219636033970608
0.3652176195161896
0.7713830083011272
0.016698758444118944
0.18604291587989252
0.8694320090193421
0.22804716022585514
0.6807133833602388
0.8621290969598627
0.8054266937132811
0.7481863329181054
0.8888413208087879
0.9019725614849925
0.764195215701148
0.01478855063699469
0.8686193818672399
0.1881924615401127
0.7483751065606742
0.4133822303830361
0.39230493576637304
0.15385411440378383
0.4288644223010132
0.8272905272300173
0.7367414215258413
0.6429373677738454
0.21467568168564632
0.06316847131448544
0.9327207517495631
0.9085470778385724
0.00221891180283329
0.9110860451208033
0.0987453311389368
0.15422252752104182
0.17636968491920113
0.25660810263164413
0.9028238329654017
0.4211799228223526
0.5384771878145611
0.42434356727071865
0.4640972995755567
0.6052506142491173
0.2570090163681612
0.7216899937756167
0.37541554576099534
0.5138515608259556
0.49994367314343835
0.6461531185637472
0.9472943730810502
0.20299554185478275
0.7310058374414709
0.7613046274086517
0.7223698276002037
0.9653965236362662
0.4144969027902565
0.0856433581718693
0.7983360236752953
0.7124728248374597
0.025450282017265624
0.6787260086072551
0.3900150429328485
0.5335272651141941
0.5492971276622256
0.5239252257712517
0.555884389162741
0.7330477588136064
0.8998536428429371
0.5781639530138546
0.6071655478756643
0.21024798086182628
0.4304324169955027
0.21920479161585538
0.16531097731229827
0.6063409034397929
0.6288772234969987
0.9830559785216351
0.49710688975190676
0.8601126126558657
0.9821457725355851
0.4887403382547014
0.9556590977707518
0.2523657343629895
0.34114108763229967
0.5249527895702353
0.8004977702488704
0.22407392244970614
0.3607700684843229
0.5106911157354916
0.3938390673186545
0.5351054493348905
0.8957651227352366
0.09619489540694404
0.894212999416415
0.5039078752671121
0.1454011206615743
0.19456417891585454
0.026977557611727487
0.4708706146327647
0.5736693033839994
0.05054094001118514
0.6288734113160805
0.563120693977036
0.5631497372559444
0.08095065729667783
0.919968822081228
0.8817437326007824
0.9128364650206336
0.04275886960204289
0.1032504430547243
0.10067866462651542
0.6771557786319865
0.30643959088152883
0.3083488493878117
0.18049313702079017
0.007110153564426014
0.7544408475984041
0.40495760295243177
0.6328689173903248
0.09132872833133643
0.8547903244704962
0.9436536318533565
0.43193931631278604
0.8868669672069712
0.14542527816603945
0.8097781852311406
0.761961090744142
0.6280694735868528
0.19207459142533134
0.07170711315686995
0.13685161221759867
0.3218503993964167
0.343591319367598
0.16226944670950127
0.9757208982672713
0.7048934127379858
0.8033085258237557
0.49722071852049776
0.09689896208558291
0.5862592876295961
0.44474305755772836
0.17419346487135956
0.6609373786755801
0.16317547315590375
0.9350830939133628
0.6624352463583205
0.9989284881698596
0.11245154126615131
0.32206020324577245
0.3277413570112613
0.8559724000250744
0.8640600741021592
0.1892224152263584
0.6495877973916026
0.6394164576124598
0.16975521182933107
0.5577767056154748
0.47524201094050866
0.24073819130181684
0.8964844249572771
0.10576844253381645
0.3788521866814578
0.08925055258773062
0.463862094913704
0.6631805832744575
0.7068858231652979
0.05770529748022479
0.11304238551254309
0.8349313840572473
0.6075126371687452
0.09391250670933537
0.08183810544544423
0.5806107677494748
0.21690465400657255
0.7476315416369127
0.3021301541117757
0.8259390548092183
0.5310617793545707
0.7026649733396602
0.7640663932093709
0.6266712112321076
0.6467955321707956
0.40368171975682154
0.8928123481231892
0.17720231351327642
0.16184186059991879
0.21142167327770123
0.5201211111002376
0.9014637303822947
0.35758150872391115
0.7356122691619517
0.8690669752737841
0.6586534443107427
0.09079505750547168
0.516351486923798
0.45865967727359713
0.05626156285424799
0.3491423143100497
0.4994984956546158
0.9294026436742938
0.06518038455882114
0.9158093911755905
0.4399746390745607
0.0995321002656151
0.12107946963876803
0.13398014157512284
0.23686366242868118
0.5472401329462283
0.6603183783336021
0.8603698636850053
0.5897370127899743
0.6374894444386229
0.4811938248679013
0.7736866421698919
0.018225838415166784
0.6843771459291866
0.9168389453008472
0.27158820774935366
0.5004823397728343
0.7091304721924809
0.11014758282737946
0.4397132856696464
0.04854701053589183
0.530165247490123
0.5284547773113226
0.6126639735907471
0.5465659107067954
0.6589534757717525
0.8701314733909843
0.31749939626611934
0.79604199035384
0.9985060045933051
0.9917915947316858
0.1448324957462659
0.7219290043241052
0.8446933182034801
0.9753009135902957
0.48183642928398296
0.13980526478140332
0.0840475377588823
0.8523702557259705
0.7650126954256697
0.10938985686720648
0.32113619824797046
0.3118317325971308
0.19379397307281143
0.06271075215359045
0.04791793047175674
0.22975386479469484
0.894859520977721
0.3598452803152792
0.38281361748623566
0.6494261395299757
0.5301642091542668
0.6785226314103542
0.3681592784522497
0.41872506745011984
0.39213678031952803
