32 1 3
0
8
1
25
2
17
3
26
4
18
5
16
6
22
7
27
8
18
9
21
10
30
6
11
2
12
13
14
14
26
15
24
16
31
4
17
3
18
19
30
20
31
9
21
22
25
18
23
7
24
19
25
2
26
0
27
26
28
17
29
6
30
7
31
0.40775848601839615
0.6586814548864428
0.9660506851714608
0.43154112171906467
0.4360353368941353
0.47113397256850664
0.2250334912265638
0.3948376420144343
0.6452647259919572
0.9204180358452778
0.06901768472479497
0.25236871091997304
0.2758752397078251
0.526585946767007
0.5423400552699501
0.6040332809955223
0.7795947303962014
0.8767515811101877
0.040304099105049285
0.3215702389727013
0.7980713128356309
0.9641190068878396
0.10666013907247773
0.8776394117814497
0.04871767121707815
0.7134758188756509
0.026795713363172546
0.7310024639236243
0.976490023680837
0.432956620488795
0.10481875176128097
0.4606863677813431
0.461987586031698
0.16960878923904732
0.4743590683571708
0.15900931947085895
0.7618309073415613
0.1125156501937501
0.36828247715101237
0.14269334546182144
0.3576212954978014
0.47267833076618404
0.5187172796832821
0.05390524264941354
0.8771386739413267
0.17689780684900636
0.583681176041597
0.2960426090666165
0.6344230252613314
0.2911104153948655
0.4312133568145403
0.6822225482057551
0.2690687505540429
0.7278758824480682
0.13416269520041413
0.11029894361740877
0.3569637027811857
0.03122581862343432
0.5766961902260587
0.46351932045943167
0.6418946885374921
0.7070356211127606
0.07782501561786981
0.5449131408796454
0.5539167757205721
0.1692330029082909
0.2074638989900912
0.22824949048252774
0.5253035287227936
0.8189825824874795
0.3569741167117525
0.881871988053252
0.7164471432061884
0.335172129304652
0.11847749205352176
0.962790481106405
0.8546106356240183
0.4088679907725796
0.863218190236155
0.8992171150320745
0.34247362336498666
0.5331314108905011
0.14458049768334114
0.3761389701406963
0.7397992144806613
0.5554788507911738
0.2345364606417215
0.9148239194796951
0.37856658806298793
0.39026506951982043
0.5115464054506906
0.9646354422725825
0.9958559900991514
0.8129420958288965
0.683437049189351
0.15401446929310414
0.004917283233195846
0.595470850423361
0.7044599054830536
0.6968466027027539
0.6473559714710018
0.2049201249762317
0.6443000927800802
0.9817212113250201
0.11118495663016492
0.6885432431989881
0.6143051174926554
0.3758547237916068
0.01048585858492923
0.8924116221231707
0.8173639530127002
0.4807048314687138
0.10813915488104964
0.45262855566363425
0.584252899115387
0.25388347854124227
0.48653146484559573
0.9227317956018974
0.5616450276347316
0.8272417850395823
0.07793321296960098
0.8563680463134653
0.9208145654644209
0.16800137628452116
0.8274873617530726
0.8495661703259881
0.6082542438853435
0.20808324544269907
0.7081315493857046
0.4050173034081427
0.021169085707055446
0.13426711350425513
0.3882180316100641
0.885179806060811
0.5649422932688362
0.9294838443573096
0.08679499211949981
0.5882154137282689
0.33452803815227405
0.5067951222763686
0.4555248024993094
0.4799432726204613
0.10180580816188334
0.8331600837968306
0.5507921997084286
0.3940908199003246
0.26530695096417045
0.22977064207941722
0.36432219415560163
0.30245362112059626
0.608858680960566
0.9168055515262393
0.4569209446671899
0.4781119033190907
0.5661202665644991
0.4099824022959203
0.09224140841906192
0.48229193113482605
0.8144720503007858
0.2966936837216556
0.35946285584467097
0.09414872630412474
0.8229980741854441
0.1368088020868221
0.5587247699387591
0.007055267937954968
0.8620361343350499
0.5582771204396142
0.7553403943905439
0.49034532691625843
0.6904219992983678
0.5595458101278583
0.874705476910058
0.3430454423471212
0.097532545668922
0.0051446426040608895
0.22665027899847212
0.8385868369358646
0.3114954626147214
0.2246161476446097
0.3548651482679256
0.9549056105984631
0.9265167068009947
0.09166599122808716
0.30476563851287164
0.4222931878734899
0.73896572267636
0.9635721249965009
0.8607317489250327
0.2316288447968865
0.9358922257968159
0.7423880679625546
0.4811195407808191
0.8804744912800886
0.3591679802752926
0.3843398735852277
0.1293691309627325
0.7785560944636153
0.35505897924492524
0.8686504920644214
0.22864751261608163
0.7093004612173023
0.6321594783355394
0.35875116610469115
0.27741185098300847
0.9726995706623647
0.7673239839546063
0.8665146463013338
0.47972749846874807
0.29135934353342297
0.44598705436487596
0.34401555309356413
0.24353205221386098
0.1869409153584496
0.955875734523651
0.49930519035977794
0.6811053259961799
0.975310850059367
0.46481845165442315
0.46177577212483667
0.9357604755210391
0.9988644761286236
0.8284992174662018
0.2206553867133637
0.3992882110344036
0.48667805815232146
0.3145239391767841
0.6839217394712661
0.0918952783328747
0.31714524622461493
0.8909785594776133
0.22737815097545244
0.9675823780249894
0.9841697219657126
0.4065028361490234
0.26346265673862124
0.7254299545795587
0.17857159013381751
0.18082323519297516
0.6986485672306609
0.028262534988922505
0.9528858143366417
0.008092421164153873
0.12965611455210624
0.8215056106794291
0.6058788369219408
0.9124844759655439
0.08156437233881053
0.4660904347725623
0.8477660715691386
0.5202206961552652
0.6213962424256558
0.06677871597507445
0.17713528816386948
0.23430092801861246
0.9283213646369055
0.3819290956458814
0.8073817566064733
0.4358135328449577
0.3812446666960848
0.7653480547755614
0.028552767506320742
0.34706874716172254
0.36746611317305333
0.33732548860593936
0.45391225547155045
0.13437849727200224
0.5170308283869247
0.25171827484063103
0.1032569759699844
0.27287112939455904
0.6923506941042633
0.6208174360700806
0.6588514457337878
0.37890897100484955
0.5731758548011724
0.6600272306765387
0.2016560690192294
0.5080121643868843
0.5595982008094377
0.6931258433391196
0.4746109629016162
0.5089968807493669
0.4476904978588163
0.17867606472151432
0.5477747048423836
0.12888176304264154
0.2544344319196967
