32 1 3
0
15
1
8
2
16
3
18
4
15
5
30
1
6
7
23
8
15
9
17
10
14
11
12
4
12
13
26
6
14
8
15
14
16
3
17
18
30
18
19
20
21
21
24
4
22
23
30
23
24
7
25
15
26
27
30
11
28
24
29
9
30
11
31
0.7407696560762591
0.8580036688249258
0.7616061557397289
0.05366022520717628
0.8091076840984431
0.693122442411298
0.24898808785237958
0.7101396678235825
0.8969928231939482
0.5998221682524354
0.8801357560581438
0.28915462652960244
0.5983656581322537
0.35120060046649293
0.35797945683468724
0.8296932873404428
0.2973533757161375
0.6416573054215547
0.13361763970927898
0.47944845860386953
0.7341214711609467
0.8334816757993984
0.19960742897215866
0.39690672114027414
0.4735270090506948
0.44037239357324076
0.47544167055726894
0.9375628367716129
0.7009821229657377
0.33187758437544645
0.8531643274267022
0.6030910117976808
0.3958618385996817
0.40127099078550144
0.8953271322065314
0.2979042729331707
0.18880988978835878
0.2163848971214688
0.5143713516549059
0.5096570189316966
0.8077254935902668
0.5173833724602123
0.9000524694601582
0.777602835828604
0.5063158112480856
0.9170687149592873
0.25897420520650916
0.30165120554125313
0.9063573602626618
0.5267248455595753
0.7894576618783822
0.1943242100494561
0.256991859218609
0.6913743471262774
0.20125638393453993
0.10321403932334716
0.25635366126148007
0.7939071055000666
0.0010494353284016267
0.8735793323560267
0.939547150551736
0.1850030840795749
0.17358643492470904
0.6093977899236701
0.26767427480973804
0.6744995638042061
0.6566657946742341
0.020650972482342933
0.9164737606678184
0.1674780982081655
0.8701504492044638
0.9623123543119461
0.3930476369202842
0.49980641706540396
0.3632780004906663
0.3547180674062036
0.5820752265448588
0.7820679852019325
0.6994911285097435
0.7680779559328453
0.014273267938753498
0.35278860284662805
0.20861483268890268
0.9208518220778703
0.19680804997137435
0.1844749658973861
0.1788140944861366
0.6580949064429583
0.6117399304465329
0.5056334689832341
0.9059345200862647
0.05415783402423813
0.8974127740001726
0.0313506472586238
0.6476429451126552
0.9308321784104977
0.5024634233505886
0.41932066761187803
0.3317429544995639
0.7144289840866818
0.339127041187268
0.13817476716729027
0.9790009780231679
0.6570221166836056
0.274387549504984
0.9770835524890504
0.6089699336348509
0.330585086864044
0.458658291430426
0.7546468985049353
0.8980422624027314
0.5124300737600331
0.5589262002321
0.4045601457954071
0.44779146031497696
0.6709422331977352
0.607477440861999
0.7662851745367306
0.6862666283315424
0.8129090662166406
0.7742452605631767
0.1124250112811177
0.7733542182403604
0.8387254341395599
0.7467558604750223
0.4822772763237845
0.6845759359325867
0.42576889144053875
0.2761243714774131
0.1106389212256974
0.35569645843713316
0.8252146954537716
0.801815979739508
0.008076966113581552
0.6078278945000828
0.8883549133156726
0.4081019415338545
0.7838200478084606
0.4813328153336368
0.02704780037171406
0.6319181533142808
0.14044032309262278
0.7029031395319129
0.6439026786327793
0.04870695776669842
0.41242101725155844
0.9196104400046069
0.027610682302474987
0.5990823789091121
0.39939374575381315
0.5602684671516923
0.703349413701894
0.4066954136246522
0.7426970290901471
0.44568790404776115
0.54239979494665
0.5605674754189661
0.9019267866545457
0.6442414165088093
0.5885527652170264
0.16835460685777037
0.08928244990521061
0.2878083308627579
0.2527154848846346
0.40313853088502094
0.008993497974524312
0.6363591839541237
0.05155010911426916
0.7738521380586124
0.07016364392790031
0.010254380401067298
0.15450602600494057
0.14084952199933687
0.7617066167839077
0.13458257122559314
0.9951262706109659
0.9532706091718331
0.0064248423304057445
0.8205363178500527
0.8375590975982006
0.5783607643176687
0.06257399235767536
0.37301682090093025
0.2538687396873799
0.33181236447614115
0.4851822217592697
0.535702448535309
0.0843574559753445
0.31552811293867733
0.7765456095584065
0.5422091370823633
0.5512826399942637
0.518651016608086
0.9064505116591198
0.14372320953224615
0.3996112184879482
0.8744861000138566
0.3133910756423306
0.14317344990293823
0.03444662231242013
0.6445363504082442
0.11587923515034637
0.06811403873830524
0.26761191759475067
0.3027079280632242
0.9383135189533003
0.8693572411452252
0.4021254002412772
0.8149124780236058
0.7439320286339112
0.9047439889784037
0.4667483084828482
0.3452219309828851
0.7772036679251233
0.03759342972340718
0.38387628482022884
0.34226388329639257
0.5123223886407542
0.2497695354697408
0.07694697734187284
0.11095174676172714
0.4352100772156201
0.6190023142389542
0.5457484053394925
0.5186822154209646
0.9745415079612976
0.5699049931667461
0.03974859373632733
0.3657567514465566
0.3409108688627286
0.4860451629991901
0.7559729435608327
0.8822477977497455
0.41908896715420163
0.6543507699257262
0.4774152095827954
0.7252684003646626
0.3442601686970701
0.8027985308111428
0.8259394823348515
0.7256416988426159
0.9220176714933869
0.761205276390751
0.525918898422267
0.9978655049817808
0.1648905413828592
0.3852699376295755
0.28778357569091084
0.8786973176916403
0.4836957619564889
0.9136495815761022
0.7071900029051184
0.6115708384042983
0.3152480094014942
0.3277612103394859
0.4299391624918566
0.7694491063450647
0.8650687160231587
0.14408690864146512
0.42953316413940024
0.23722819513554905
0.29521803737147234
0.2113699708500314
0.9625770244136284
0.5364612161156107
0.8658695364577362
0.8849637610619134
0.9422998611296344
0.238166806096774
0.33772889244543136
0.32205404522698333
0.143928094536648
0.7598592136554477
0.5503918988479339
0.5365230195570996
0.7104710384938592
0.11474025170264657
0.9219090077794494
0.4798230842114579
0.6003242608751183
0.6052329260786896
0.7099116802375812
0.08879564360393677
0.4967332177217382
0.21028942088591251
0.3896838521468041
0.5117457896622603
0.353948636681213
