32 1 3
0
26
1
31
2
10
3
5
4
6
5
12
6
17
7
8
8
9
9
29
10
18
11
29
3
12
13
28
10
14
12
15
16
30
13
17
18
19
15
19
4
20
21
28
13
22
6
23
10
24
14
25
4
26
27
28
9
28
21
29
19
30
29
31
0.3153246844624714
0.02073701503371639
0.1920902874812006
0.19700089546976618
0.8312695411112504
0.846901748755714
0.45833384305935765
0.2508544884731896
0.2877658433365182
0.4197779358470568
0.3141813192404608
0.6737141068483354
0.9352851860227156
0.8736358411391872
0.3853682134632209
0.8634022393426443
0.11503416219764384
0.05872059862795831
0.7629087214628383
0.6149884292498408
0.5587807553866757
0.308878947406684
0.8990821645771516
0.8527504497478022
0.48171500395965516
0.22038280178642822
0.6763951785092713
0.9955062640731493
0.7903781654547807
0.09124686201014309
0.9899408446068302
0.8545128156252924
0.5825239383657913
0.33093114909305965
0.7329277010015032
0.596621304710382
0.9011290189885544
0.23492602273968555
0.041249519502346566
0.09547527002979628
0.933111173883941
0.31208921292035585
0.8157710923857519
0.8703105627849367
0.7097840616732317
0.2777233816346819
0.1587459810727182
0.1837037249682394
0.9511788653285489
0.13690463550461407
0.8759271743022793
0.25787923109536526
0.7884804629049382
0.14526866178528763
0.20443641452817318
0.13635148777226092
0.8434146990168042
0.406955726251485
0.9522586627453348
0.19887491964092519
0.5887883306830789
0.3514486814873079
0.6584905496220471
0.7553601176673077
0.7412970980320269
0.08156322612191846
0.7202334307090449
0.6179486502137821
0.691256261367209
0.2792687475069089
0.5991266275680687
0.22057389470987399
0.8239122272069158
0.7403346939197362
0.6754487529648439
0.4181974539693931
0.14547406498317939
0.5385509806950708
0.5033208304550228
0.9495784656702603
0.6698096333027411
0.3166056473863371
0.8812167677476193
0.23144265965090172
0.6491588252584514
0.7339981814871853
0.6752805837056971
0.1887454621522362
0.349800724462744
0.27215703839529537
0.21787257705434104
0.5523706927334204
0.0654766349136886
0.37556716884520036
0.9541729509085174
0.9084773112215223
0.09520613787254661
0.8525258760040951
0.7157063921559241
0.1441804798137769
0.2615977070939016
0.7335581148874559
0.19508179099386547
0.7912970794561661
0.7390648355218271
0.26506055474649237
0.9742328027416134
0.3761675246944536
0.3443233358347426
0.8625880136342319
0.7356049397731748
0.38395686112029637
0.12586647102406257
0.7098445721898051
0.5410855529400107
0.1519452829365675
0.034784751425624205
0.5162479487166513
0.575455278073261
0.41586121328275316
0.4687118396419784
0.3914262130097276
0.0877253494975695
0.5353051230468925
0.1216042303049456
0.673488620419538
0.0322816163414098
0.23300966054730954
0.09513733236871746
0.3779819489009125
0.06966274147875828
0.8285638507304129
0.2126195916953405
0.19871179922293036
0.49178627946121434
0.9247099895721538
0.09963898743095712
0.13022502216543697
0.19530836157677256
0.5768263676747284
0.6390334414021484
0.43163650185433855
0.394897586589502
0.6410272860001994
0.6400497304670643
0.6028626247397026
0.028876605263293942
0.34537429347845405
0.7688597946495157
0.20590764062147937
0.6444941761692219
0.974719719570854
0.44054047923715856
0.8256735802219567
0.14334860620350487
0.45374127083897564
0.09140864464842802
0.2760649981791483
0.6489566064627382
0.39218285924974405
0.7380142042089152
0.9370328907987568
0.8772847627912127
0.08868130754144987
0.12448637803366214
0.49634252764708475
0.6126045928996905
0.6540715179469995
0.23009749398538937
0.13609598136959744
0.9214358618820164
0.8568716050522642
0.48492025794768734
0.14397696045935093
0.844585073242739
0.3701579551339821
0.6771660457967874
0.11575518181827782
0.32146801293040916
0.6834743747464084
0.359494230923597
0.8111433672967839
0.1916196286695403
0.9947020060955988
0.5214396320083504
0.4238451320754397
0.7256572077992826
0.3788453295436597
0.035478809049156346
0.0771027601345936
0.6294496332199249
0.15506234412427666
0.1880298244215407
0.6023633963560993
0.3499231573592565
0.5854056265101159
0.8761780900703605
0.42939152020867155
0.11677425311343903
0.15777695282769388
0.4414441057746893
0.848928276719358
0.42381674004277725
0.17947377144569965
0.038313920042502
0.7500542586311447
0.5728979936635717
0.10099967937376109
0.24563724190313296
0.04272642009040806
0.8608282633918696
0.6835875869098313
0.5893452173938375
0.46565282956871523
0.26004358185176
0.5858435351912367
0.23758952785509513
0.12197236477453843
0.8224700509099196
0.9481352025848195
0.7796530762149664
0.15985849465906665
0.4966671589775783
0.9334575655165886
0.24319136897592064
0.14354178836173903
0.6010715341181541
0.7669116547094946
0.1442581181538788
0.6368285787960748
0.15434637552672625
0.7632040441829882
0.8212052255275862
0.6206139860847025
0.10560594707309034
0.09545992515631974
0.6229595353292937
0.5771954713766659
0.2579720286899643
0.4198476969596454
0.041503822119885236
0.07474157319485442
0.8275066538090194
0.05861278136847703
0.3328572009052253
0.6372512758358849
0.3904865526077951
0.022172495602277742
0.29648458699067093
0.24186668703182468
0.7761490351643135
0.5925539338651099
0.2478571748182603
0.5228896156921875
0.4529797458624716
0.974082543512608
0.010681470969441165
0.25048072204613003
0.5782407411878685
0.5477167813417987
0.12917004310195412
0.7157291514387905
0.6557821745669479
0.9882384716588185
0.9240089297326894
0.2982393659274032
0.44515795744244846
0.6356861164396894
0.2369004175129127
0.647283950908657
0.08468482172431446
0.14495798535600035
0.026263657110316085
0.966035944546181
0.4473003227410406
0.6315439550335412
0.7712877116005292
0.5103923203200554
0.7719649033536634
0.6112890902381699
0.568948699113673
0.5175578459699145
0.16032315669548503
0.007522748908312948
0.10697676122016819
0.3848933928307545
0.25709748415529443
0.4847970223442596
