32 1 3
0
30
1
6
2
22
3
28
4
18
5
28
6
21
7
10
7
8
9
11
10
29
11
30
12
24
4
13
14
30
15
18
16
25
17
19
4
18
11
19
18
20
19
21
22
29
3
23
8
24
25
28
2
26
25
27
23
28
8
29
30
31
24
31
0.264739204312774
0.4041583026402421
0.6086768396005688
0.26813229136531647
0.8735084770022881
0.6939834208454442
0.20774860932594807
0.26171398690714953
0.7069613327141913
0.6575502681076731
0.43607700102133107
0.32259921447958395
0.7205712416798387
0.1925384501399363
0.41030422433735647
0.9312880048715821
0.962121454186533
0.12392559088739385
0.7611782753543603
0.9121258666543576
0.4414066238236891
0.6872183519440834
0.35403760841256093
0.849072556468551
0.4101337445127272
0.5840778656718704
0.9864544725999015
0.13101834130332057
0.015553049367821203
0.803689565695075
0.8587357528566667
0.3862564687027199
0.4800054001617695
0.39330669222079717
0.7208225659774898
0.4218568806148201
0.6007820455016075
0.3013725748550947
0.526839592489771
0.557902482664483
0.6777782688839528
0.00013428158142114732
0.14444836975277553
0.09316983326750472
0.7530860479007456
0.8468836337208494
0.2427611825949404
0.8815304388810291
0.5714987923296099
0.2615275945205915
0.17120735300729617
0.44972545951845644
0.01485417115132448
0.00473497887803942
0.7247173578122594
0.31246957588771773
0.11503805593416416
0.7781811602505925
0.8888195685485272
0.10235684025852576
0.6165138355544916
0.7404883582959025
0.2458346480209498
0.4445697975573991
0.1657156233880004
0.2578327872174532
0.8294681585898959
0.16780782818687778
0.7046333464365101
0.5709425809029731
0.5607179953047123
0.016331672376246664
0.10044437877688228
0.0828643711680862
0.7685295595335618
0.20866021705040216
0.7232903196203769
0.22952708201941663
0.6451323821737109
0.5046788346748609
0.8369404253960998
0.42546227305976847
0.8062392473844322
0.5890153230795825
0.9704846959334615
0.6024737151988286
0.28329062720248754
0.513115579738027
0.4729018332726147
0.8529260885964339
0.8805877696317481
0.717829353390325
0.25327579188784066
0.2728153003409629
0.16380840678889574
0.8790420161354594
0.9000828077068476
0.3235643851956638
0.023223641308501963
0.6218993722526688
0.9415109060924987
0.28631645944419293
0.24719499812286239
0.982217133804527
0.45928476549100805
0.5175611437749202
0.9012320502267593
0.19773511451766013
0.9512804128230694
0.6016347060484566
0.5517201657063973
0.03292235353249551
0.413943029135974
0.4669953941707633
0.9534540837788568
0.4408611906151275
0.0119109689995468
0.49035403871550853
0.13152493282923472
0.08775336831129676
0.5190120018533407
0.6717881704941102
0.5539504021774776
0.6134385859887342
0.2078622659945094
0.42807327972964215
0.7174414153672883
0.34272999122173475
0.9146467969035725
0.19768354756131756
0.29516522461013617
0.764552338920159
0.8875602466585103
0.8019133166885432
0.44887726533381367
0.06420344101220787
0.03888840292449236
0.346132609091068
0.6433557377197809
0.3809663041055009
0.6449897192087931
0.7615127462176704
0.7713775950089601
0.28318332496811394
0.5537946075250131
0.6279035839060135
0.635208541814476
0.6733461803578834
0.15400792955670817
0.6745798053184945
0.43153747110023355
0.9686896681404549
0.7141501748516327
0.469685223308694
0.3696745582227008
0.41874071819998104
0.9134927361146397
0.6463048366636636
0.1699272270996871
0.037260647300350946
0.4391511750119873
0.4408662640330403
0.6817164065447235
0.9902310247078576
0.23103868496964042
0.024037060327110615
0.33885754761093223
0.18305014686127796
0.890913668998415
0.8772476991200846
0.7757403634457798
0.9431735843713925
0.0319852175476788
0.648983150643231
0.17898707844251083
0.6542052143826325
0.9875936576126495
0.9182040816476366
0.4372564679024842
0.43150351330276104
0.3968516993553489
0.3115132075393475
0.5313301238258158
0.1593943944486631
0.1578488044122297
0.896167457898044
0.6609599449986271
0.47359967838802075
0.7330120301457212
0.3018071680604456
0.032306504145070414
0.8198340555071778
0.3318195623167507
0.4613055666373207
0.05985168937768259
0.6508329638176572
0.8289528734513397
0.21975596942029585
0.6335950740379009
0.5481974849662838
0.20585106594574643
0.8760684286657215
0.4239490482244015
0.04266170259167634
0.9257784492629468
0.36884748195910766
0.2945899911882933
0.0011727141819578568
0.6247306767337311
0.15583395864785343
0.5939613645365844
0.169240783674508
0.6493650904390772
0.5855094875339639
0.020219102110882403
0.7425325778179704
0.7955916978539829
0.07683198682216541
0.06531908815746235
0.7771265332478243
0.11580880881672861
0.8207014508553763
0.9344493261518333
0.43283106446490627
0.11513086016163376
0.9871974624798541
0.7271312019823984
0.1680532734085346
0.10187146170583872
0.8550381166675042
0.729868798327904
0.4221340083438594
0.13000147849877874
0.6265277751277645
0.7304202234693379
0.5530430246004078
0.09425961769504909
0.7911874278980712
0.37814008367333385
0.37176431364289775
0.9149077558826447
0.5616933979000722
0.5718628953889855
0.9088022135698428
0.24217529271533966
0.6934551454450641
0.15248538259379996
0.4050921786562762
0.7773906437059
0.3643499444066588
0.28362429844125536
0.35290228952024516
0.020965501725503266
0.0012388463551031847
0.2578038851959723
0.681491335427666
0.2094886947608171
0.9032271961633377
0.1862150960850123
0.8284365049716236
0.7346547431044592
0.27551740382479806
0.2607496069173829
0.13885147029323086
0.040827372462987954
0.9174981166164308
0.3512975634130151
0.7470038855337711
0.20010551799347076
0.6327959157159532
0.1446112143418954
0.2513133460350385
0.18951847877198646
0.1157396705268503
0.6708926237403626
0.24295918906198444
0.7992529600813435
0.7694447867806614
0.9574215730640073
0.5573257979520934
0.03199051050675594
0.33200846039927445
0.39407994623294307
0.9663157295973368
0.4211298490843649
0.2701712308703018
0.7997463133874815
0.9197823946321956
