32 1 3
0
16
1
18
2
15
3
9
2
4
4
5
6
24
7
21
8
23
9
10
10
26
4
11
0
12
13
22
14
22
15
25
8
16
17
24
16
18
2
19
8
20
21
28
21
22
22
23
24
29
0
25
16
26
18
27
21
28
14
29
11
30
24
31
0.9340898594770107
0.03830085289416996
0.3950652682884612
0.1200155720396251
0.34658884626630715
0.051152415727703016
0.2730496953424699
0.9956802504828091
0.25391998649183944
0.9949404722907454
0.7620813713006523
0.7625973189567923
0.5162610213479427
0.3860717563215982
0.8343975914408754
0.2506337702942619
0.11599539642064438
0.9817240858781537
0.5861458530564896
0.7200844551084937
0.6813247567090696
0.353355632443361
0.91636156937516
0.899453536816357
0.33065846447807934
0.7473949106043586
0.009092126674448586
0.9523067127509502
0.3631930745481745
0.6257130749033707
0.3230024315033787
0.7827853814039997
0.6007029967830003
0.9874710229786893
0.0010127930964535237
0.14075874215813544
0.44188886974638586
0.3413461590512491
0.009317740415098474
0.72162474304745
0.9099060293040379
0.6642090292154819
0.6628365798191557
0.2575988974219705
0.6122127561841502
0.5488772611027803
0.4238792306088448
0.949788047597888
0.17383353806681645
0.16985884355967462
0.6588617536380149
0.15740178957348283
0.11005367295186075
0.5039231973300066
0.7547539728480395
0.2657585316255522
0.28496283302929337
0.42870364173152453
0.990847884265713
0.7179182565245089
0.9462539572878983
0.537870455736408
0.5545598515713968
0.18998827565888077
0.7825904371715813
0.7915138240285756
0.8447416276181308
0.7500527092169327
0.15533301818854706
0.661127632121674
0.9237031845862264
0.5632851524959844
0.4641305725985776
0.036369164001931575
0.9124290899309246
0.6366653413633517
0.798477007479407
0.7602358551941967
0.899814300356001
0.3622224295816935
0.9815510059994267
0.6802579626031922
0.6309080001300065
0.6278151474899732
0.4969897122617175
0.7309192697350546
0.2491944400337247
0.891754263952968
0.2744726552452267
0.9449450132107339
0.07792452404752792
0.44817970124433604
0.7440362849370825
0.44965407150807035
0.5088990248364155
0.8068239376717178
0.7049921609492721
0.9580042227229432
0.16448599428307875
0.9279862525071727
0.6347489386405218
0.9403908272970672
0.25268558738542024
0.8817872834036474
0.7734792929601902
0.6096889997106941
0.09062924464806255
0.030134353730962182
0.7625268269371841
0.2027877178963453
0.39789846082497404
0.4356119392473006
0.6353731723550147
0.673076446274384
0.6970991483341651
0.8225488218547198
0.5826892216899469
0.8298523393928158
0.12681348297309336
0.7104875615116192
0.32811584191028165
0.02430127857694553
0.4737249308893109
0.521692738945335
0.04158625067384558
0.5659193535517807
0.36102136972914045
0.06937329613248533
0.7172877126247486
0.671396341477498
0.47110224547326685
0.3145322421799046
0.8413649413366762
0.9545082818366412
0.02538948740661906
0.9052673885618943
0.984312422520035
0.7647314342526466
0.2750826135755835
0.6708893041471536
0.5956631537339799
0.40420330216444333
0.3060978540144266
0.059848190567730275
0.8928293074217152
0.9106207302279238
0.7053130391381187
0.7162737307255599
0.7235742512845528
0.7298089625221481
0.5196081403156461
0.823493134639761
0.6911885197769689
0.949678675683002
0.3446983531128357
0.5858833552375392
0.08279906273431636
0.5597965879322987
0.8132988010762888
0.20160451382548072
0.26096450036718066
0.7004056402196938
0.7823295314553788
0.5174360046946651
0.45647885649310815
0.9099967640280606
0.7566722996545016
0.44882496858184395
0.15281911968142636
0.6325441046469116
0.1769660088535372
0.8959696721858674
0.31608020378500323
0.9467436825606468
0.1928870204716916
0.7910187054913302
0.6108926701450443
0.8122678209742187
0.5222627979471512
0.7095307583634994
0.4764855561518734
0.5559200946775417
0.5434427938045303
0.8205942401116392
0.3433827981536126
0.8129620907818157
0.07998708713040747
0.4277330458726053
0.352320116536872
0.335807396721168
0.3780654483467295
0.36205489178930694
0.8413126085807436
0.6365683683667089
0.13610848275491239
0.9255182446742467
0.18259927432055334
0.12509989752770068
0.8859385148247924
0.19334286484226215
0.4138362902804684
0.06203930600614804
0.3112548872587563
0.3895149894928328
0.052230973545080106
0.7675506531778632
0.7113497195255859
0.9183995562433641
0.9268586566852167
0.40822611044352053
0.4407066729290805
0.6041418306666712
0.6201352905963935
0.25582819932935885
0.3097428572381714
0.8490920052212889
0.41222669318814775
0.030688579780824843
0.8024042864453003
0.1904934342897321
0.3876588498360868
0.3576093472265096
0.12336562593420342
0.3507843689720118
0.17708687785091481
0.32280326974746465
0.790755737975632
0.7460115169857665
0.6948475129606672
0.47653257906772517
0.8579766307154586
0.5356136848189613
0.4019331618452773
0.783713898498177
0.0277966234683793
0.5158650286176655
0.8365998776746773
0.08009244005093674
0.35854963179787425
0.0984859129144442
0.9681463616569913
0.1542718478221884
0.5165971564168642
0.9598305824160865
0.0007265089205383823
0.33769105491683293
0.9444140087685011
0.6959768172121321
0.16055826227824588
0.7793255516951493
0.1589752259859445
0.6798370424105331
0.9455993400800832
0.4829167944087076
0.8879008339780402
0.678443807349386
0.04416855593342761
0.24029049005859915
0.2815764049334011
0.17001668338644926
0.23818695062460127
0.16362135021644642
0.42074777530803376
0.36328644213461747
0.5653807754665455
0.3865100485452896
0.7707594112565195
0.16214085318372695
0.5836514905515098
0.6869400768720183
0.9998815592294843
0.019509740361318695
0.8240854838738103
0.510087959495908
0.038182020539084705
0.7771192709025531
0.11190241257102229
0.6114741872824333
0.7783252161231047
0.7877029182496789
0.4187372508366701
0.5680438273675328
0.6864311496386182
0.7112052310106062
0.9225367392437966
0.36402675889620517
0.21666285047939615
0.40038769746607716
