32 1 3
0
24
1
13
2
19
3
30
0
4
5
9
6
21
7
18
2
8
9
26
10
21
9
11
7
12
3
13
14
29
13
15
16
30
17
29
8
18
19
24
4
20
21
29
0
22
7
23
24
28
2
25
26
31
21
27
8
28
26
29
2
30
5
31
0.7579544029403025
0.420571580830845
0.25891675029296335
0.5112747213686085
0.4049341374504143
0.7837985890347726
0.30331272607892745
0.4765969541523558
0.5833820394550312
0.5046868558173903
0.28183784439970383
0.7558042041572239
0.6183689966753316
0.25050634136244054
0.9097462559682401
0.9827854760376531
0.8102172359965896
0.9021659504395827
0.09876334465914771
0.07374243362872512
0.8504738262592548
0.33019721859799855
0.5598136790149003
0.35379132951924075
0.31619669952159346
0.6404234015420902
0.2044777495161173
0.4426933591463411
0.5213536341525041
0.06227958802154521
0.918464895700658
0.9159944803568847
0.09327186435241008
0.8400912165554131
0.7102534236374868
0.7850477596234768
0.6118970848141451
0.8280632784038988
0.3331351372890984
0.7302785763532248
0.7036425461655201
0.06298427426119957
0.9170189691149498
0.2217038962141865
0.8033450541462023
0.80317946927987
0.44796957143557037
0.08044581855253541
0.32005460467254576
0.5079406425205739
0.9328338242269067
0.10905784593110368
0.5512672460905512
0.7065614098668896
0.814466863291336
0.540283606970324
0.9638385459738009
0.603185627961383
0.5876170641754364
0.4449890262755162
0.5962868615831063
0.38490114597266045
0.5756510141648885
0.18386872253858533
0.8214672147238964
0.03297241488675151
0.9812997404982103
0.26005620864429313
0.06908524848389885
0.6787239593088918
0.130224450504559
0.14955033304826182
0.8424602231401824
0.898173121357879
0.9230824398201768
0.5405999249480544
0.3912960502346249
0.7052833998544062
0.27563412131212717
0.8116287085078785
0.8494859651863671
0.5796950107456059
0.4505631066311552
0.660245378622389
0.9962578393535727
0.9169412179474561
0.7933250841302242
0.0823729881966474
0.6127831050407122
0.4864442019691668
0.8450775756715152
0.24303562206185625
0.7314892207908478
0.11713429320851798
0.22046053686782852
0.7945829717105759
0.33253614921965546
0.8159130965336595
0.1006075202160962
0.8553226195102233
0.21877355907286744
0.817120303018883
0.6342064135522842
0.9365197161897865
0.6021704873486543
0.07399689426047196
0.12444372203200982
0.18852062230064282
0.3912094093228269
0.3701399403351875
0.9805166506472687
0.036392037611485795
0.021636509855024078
0.9610312802396112
0.18497194139743833
0.12389516442443171
0.21057650988664645
0.9369691586445807
0.022782575668658378
0.42561883196681716
0.10150021937416975
0.259919889792832
0.22082927131631735
0.6469257198353225
0.3502939673965323
0.18031790152968785
0.03937870708469238
0.10092124118896661
0.9882351487225011
0.19935579046706298
0.35855530131160185
0.7315983062253606
0.8383265651934163
0.9184820619953314
0.16942460609746768
0.9665489030431832
0.05805094382649867
0.6762017842993783
0.8454245937016164
0.342312541078584
0.25068733928511167
0.596791393469411
0.44231403369907896
0.17481948445144113
0.6812806756042346
0.9000980523907597
0.8748046942695984
0.9175111227590292
0.6489334878113245
0.38864224283144744
0.6576161999324908
0.15341277093142425
0.6908227578732097
0.7415743774106636
0.3359165544734606
0.04569649356841665
0.28088316421834825
0.24013040782635398
0.9531293398277989
0.35222556151550743
0.2878779148564
0.35920119725374633
0.7156193503014563
0.38801723531250565
0.4144179882772473
0.650832862263345
0.001524221856720187
0.1923095412446758
0.3344016906625016
0.23941596018595857
0.6373994011293003
0.7103499760882809
0.6737752003084974
0.8745376498580455
0.03154547812243602
0.8716881923513831
0.5674723417924832
0.7721857179864934
0.709006034186331
0.16567497287207977
0.25922692344722276
0.15768657212231085
0.5275731301676146
0.48726560106903205
0.5614049256144269
0.7554847672586825
0.8838751542487009
0.4945826703752868
0.31205824641687296
0.049856996603651726
0.8227199232206964
0.9741768822998921
0.41513741156459816
0.5485620647625651
0.9630377712330874
0.9785717508455145
0.8374483937438901
0.13052175184206272
0.40181682221254356
0.6785150052419683
0.31617713722134233
0.2135246620646961
0.7173241433110372
0.0023575647193538884
0.8227314105314157
0.5283459768597928
0.09778434180065931
0.6083596397136556
0.19851637537519495
0.30241604357944973
0.6885400040337084
0.1822211451841942
0.4756054792846598
0.9227697282783401
0.6276391005616293
0.021845499237729826
0.7998245566512758
0.11577939883887689
0.25648877124056624
0.6535669902031535
0.8172732193081321
0.644940669440128
0.11510934585231414
0.15444013683803237
0.8512397484375114
0.0406632736752609
0.6809967701112433
0.5583557360970469
0.946502554169996
0.9384387997349186
0.9098511774051025
0.04200453196734122
0.7491348233908631
0.7013248175948597
0.7123576525162417
0.9027101506193307
0.6401411997932241
0.372449262972256
0.5379287837318205
0.20784410369082473
0.5871255046951435
0.008897082049078797
0.15102317386398778
0.3375110685052213
0.3672014751918571
0.09370751185905901
0.7794169159273662
0.03566546768846324
0.26962214085355807
0.14941603676910742
0.583451176356754
0.36090661134415847
0.29340700145733656
0.47806466915102097
0.2397060836386239
0.04825636228829444
0.17958684904155564
0.5230502317000981
0.07086288409434749
0.4031691464450935
0.3285207100154869
0.1086514152541781
0.5608299889315482
0.4811722969562161
0.3370805445376659
0.7978743610995221
0.8123286615584164
0.12432480215345709
0.11600806340273684
0.49773452003699037
0.30190311621935595
0.7347509912186152
0.8943997782145745
0.9196888444316101
0.6267420468068673
0.3755713463285453
0.9745605214796941
0.6388785175004733
0.06583467727730097
0.19804028235278703
0.22105871931579824
0.38481190061458204
0.09807651038324794
0.5564746075794378
0.289820808533909
0.9201526827262252
0.7882887690133504
0.714406368727256
