32 1 3
0
5
0
1
2
31
3
9
3
4
5
27
6
20
7
27
8
25
9
29
10
13
11
31
12
23
13
16
1
14
15
16
10
16
4
17
13
18
19
22
19
20
21
22
22
27
18
23
16
24
25
30
7
26
12
27
26
28
19
29
24
30
15
31
0.5649829470026478
0.3355933190888857
0.821975863451304
0.23356175015719005
0.2484701227474857
0.4805515466274325
0.9350812838247559
0.023915674142529042
0.7234136155845775
0.5524638250832274
0.9585750755981151
0.775261025474065
0.22398350707805847
0.24105947653365745
0.47723199781101666
0.14099239728048063
0.4409088886046505
0.35997713098893724
0.5994470561435099
0.9295455153942724
0.9688690813748525
0.5223801932074086
0.087556512561491
0.2999030942676174
0.5178048955716449
0.673162893375426
0.9461972494348655
0.342810891841983
0.3344403570148027
0.6217859819916216
0.16035508934965925
0.9000355859741626
0.3902988484336488
0.18763190814457253
0.4960996075872455
0.1675110935486388
0.7870465960212608
0.8018556220245565
0.9611344660741371
0.8876671251642707
0.6820845367745056
0.5209120227965948
0.7239270234707854
0.18320358931429992
0.9230845312981147
0.1521483855958401
0.6887347148185873
0.49344434513788016
0.6632031542862676
0.9288064108295526
0.5980637702448618
0.032906973682109264
0.48775797266475973
0.6039684924745993
0.5558191145293447
0.19639156759168497
0.04354201303619698
0.13416945370174738
0.4432192807954288
0.6742040783909912
0.2239981044890822
0.6845203497190341
0.8619493839565875
0.9246067676374905
0.6340655907121854
0.2863924494788914
0.683024863437932
0.49342971060758123
0.19214619817742162
0.37263822970813854
0.8432378795484748
0.7175058904152088
0.4388988538833267
0.6632329398209382
0.8459960072625369
0.46857184221836334
0.14658478811214992
0.7541542732216177
0.7516430106443925
0.9538452397018827
0.3940560068988097
0.7077541391595881
0.21001998254748722
0.3678763114230075
0.04660312102197195
0.4061381385275922
0.08756827454190586
0.41233710635806475
0.5696116899990176
0.7907214418902928
0.6333785131882185
0.9606882705990296
0.6687636609105879
0.530839664064115
0.9064288101323612
0.30863189235440924
0.5439148510784071
0.06604527740391752
0.6048464251312181
0.7522869409269803
0.20395652517187168
0.617013452628269
0.3600115054255997
0.0837132315711856
0.02323491698028679
0.8084946143561654
0.6138648090360498
0.8655582593969162
0.1533794884812224
0.2583929457529298
0.5935172918971846
0.27845716385566655
0.8384210763946544
0.2195285140180392
0.3840612973718244
0.5068131679847862
0.3397729637347646
0.9355891204549162
0.044009567460307375
0.31553617586899885
0.5841802400616009
0.48503994988872345
0.9552186876017538
0.5273140630084323
0.4346993142324477
0.3855314160075962
0.11659796859509597
0.6071550672085123
0.9356958267251866
0.1335796398046447
0.14174087260037072
0.031122141472294196
0.7054989220929936
0.24788014614425913
0.6293205415606066
0.3842968651311809
0.3438210807117045
0.37374079686535155
0.8030800047305061
0.1895436327536002
0.8244956101605165
0.5419210870534598
0.33874512847804994
0.5522357673492562
0.9080366752703096
0.8195019664015866
0.6371557404322555
0.2578579733638542
0.1376681427958827
0.9957695752021074
0.09932268867981231
0.5612403334502405
0.9553066327471786
0.2515233276076928
0.10419062912986399
0.07508210734447951
0.9989927603766348
0.12826165173405712
0.03465909153391311
0.8406366391621329
0.22339163234323856
0.09681588081858605
0.9955554543226288
0.6936841954541374
0.9618711712222828
0.39903266132924864
0.6087809927641015
0.7452948573156023
0.3484159496274708
0.26917493880360543
0.9728331110968115
0.9738398268811603
0.5472775239666624
0.20079274636557776
0.46572995057865396
0.3137352018328542
0.12846435812726775
0.5610979323421001
0.776185592782417
0.00045656474889810283
0.8722277634321286
0.7820387180904911
0.3232681604855434
0.08456913837576563
0.014120141360198124
0.8033485942681043
0.16648258054148257
0.2753055019605648
0.20140863591961933
0.8650678951225399
0.0889084742562315
0.5027291218333088
0.8314840228049146
0.12270815730372409
0.5935705898659507
0.46295855191876945
0.3241306034783613
0.29656692028820486
0.6736312262619505
0.28673230880010825
0.022905288901161724
0.008220930683861427
0.845660859862667
0.07617373668303495
0.9758397017509431
0.3131135725745877
0.9777076136160343
0.04843296694217536
0.7084620166481488
0.8494136101627382
0.6923168489084026
0.14001841291466244
0.5971496034867149
0.785955245708034
0.41859591216501624
0.5824282782185067
0.9508035131748657
0.9105269671124975
0.532794851731495
0.8893843401134888
0.7082663858151721
0.4236543727999247
0.16953574508965796
0.05128422551611311
0.7062073559160199
0.3837007062927431
0.23848979235515844
0.3082974932970215
0.8244635327355437
0.9041434759548311
0.9602978485649007
0.015194079976650898
0.7538941306037736
0.5254840360127734
0.5273355710993228
0.49983310909338907
0.268551121683543
0.4315044467949961
0.6973841409145954
0.926887147563361
0.16423227421320452
0.886917411194042
0.5242340144313865
0.24921719842516166
0.22130849062598557
0.30083917669109705
0.14529799063712556
0.5516779868522678
0.2503995041859852
0.02725153551436621
0.23263343322418595
0.8206321054828926
0.9252471989656705
0.7052301089735004
0.15684408875814315
0.7582587417958114
0.1288202321608879
0.8332690043853248
0.6812084404230139
0.7449870575066897
0.5240152328284444
0.7986028035558982
0.8554931267724359
0.7088983114211611
0.02103478254334812
0.46087808005498243
0.9048282418206907
0.19978501694177409
0.41204101717330377
0.38101622093863274
0.21248952586060588
0.5332180226305999
0.4931823395418813
0.12677144896838677
0.08596115211255051
0.011652796708961022
0.8250361300543496
0.0817416683625235
0.9615653287386672
0.7456964432885294
0.4503832807697279
0.27578846353803355
0.41245242188111686
0.34529326604185495
0.39629513962756235
0.7261957829939958
0.8925262075815481
0.15771502693020922
