32 1 3
0
13
1
28
2
29
3
31
4
20
4
5
6
9
4
7
8
14
9
19
10
30
11
24
12
24
13
18
12
14
15
16
16
26
9
17
4
18
0
19
11
20
20
21
15
22
19
23
3
24
6
25
26
29
27
29
14
28
25
29
21
30
13
31
0.4230380735074225
0.3683314563344259
0.9884590580992895
0.26091653544625626
0.7771001545085096
0.43122102463204415
0.35852038200953895
0.06385794894382868
0.8635789443020424
0.752438401258893
0.20168791799925478
0.4970874741521001
0.2564796746315954
0.6409972685732053
0.9970404948887329
0.797433214008021
0.6234150837835258
0.10462968943990791
0.37803196431429753
0.5463912623151137
0.15133436847289106
0.9886898889857565
0.9829892105452821
0.14840201708602985
0.4059068831679489
0.6799294831100022
0.8776565829010952
0.6793183678168555
0.8877818831984722
0.8335334993782705
0.998183045526196
0.635064793155105
0.8746990054994174
0.5428090736997917
0.9313134045807503
0.009704659433814156
0.8181183809177941
0.035468261876012264
0.14836688246192975
0.2568819120719038
0.7841665681891542
0.8423333270773672
0.5829481802462215
0.7181316517768294
0.8070553799750758
0.799945824478888
0.5165278007752844
0.9155142682747232
0.06635468620874474
0.13049414784187097
0.3004482911175872
0.7588987264331779
0.4485890964462933
0.8619033855251227
0.8686955098516022
0.4607350972935428
0.37132186818867685
0.38223256097056324
0.5298076607467874
0.033618014856222844
0.09064689039119589
0.7941451579713075
0.5179983582932232
0.7469653891501328
0.9057807233528663
0.20610483206558328
0.535416304328581
0.5986142636674691
0.8256966171603538
0.4822135630659161
0.7910402117090956
0.3885688901501142
0.8513166074810679
0.7980594711041583
0.6569845518861341
0.00024069652516689466
0.18196892218621108
0.5068577868511277
0.2544593984833793
0.06562084327273077
0.8598834221214616
0.7724801555877414
0.3841597274693662
0.3836794276703801
0.16379542381305134
0.9355243379423083
0.23895170008456956
0.7294506641472926
0.334024645801835
0.9418620991403894
0.4178660447962945
0.49183095909626395
0.8633251831082008
0.7171887463451895
0.6735438085995347
0.15137377239978678
0.9867059242186832
0.41114019628748133
0.6117708643248599
0.458882332198567
0.10148050986892876
0.7781483542276006
0.02022807324279441
0.5983002604350479
0.13270195297871745
0.3239113547302247
0.7000796910311562
0.6489922579129634
0.7834169698984913
0.7774609885388588
0.11099692345616674
0.060160827712116616
0.7008174245595068
0.6143308403515266
0.9339155207415325
0.6504721799814983
0.9694854220936419
0.7885664913738635
0.1271091249471088
0.9117833181295222
0.799341211421814
0.9168874080910093
0.8725347217734669
0.681006446357057
0.8102508494373589
0.5190073092314018
0.03818441020037311
0.39202639046743215
0.3715816420064585
0.19047756087385292
0.3565538137373233
0.6320134108911423
0.9564975354421206
0.901927522825372
0.039980675922074105
0.9010713996489047
0.9447832518820701
0.6665111524556335
0.5717968260934746
0.21597938410680917
0.09347621929900818
0.8193942150822732
0.8887720676319878
0.7793957106948857
0.5071067236759631
0.9454855480301745
0.14569042195357562
0.8918421087116969
0.42205651792049836
0.08403205823715598
0.1047646210762947
0.06292282863863541
0.4151614515022839
0.7342793416571158
0.03070084595190614
0.4467185991338365
0.6864181042985581
0.030134234552269934
0.9192823534016137
0.9622424865104192
0.72254277208884
0.0785385396518038
0.12137799977699892
0.691775150815975
0.34544510653523897
0.17790766067776254
0.830270051764872
0.23049353673314077
0.3658024748453319
0.5965890354919068
0.14329113966210216
0.20479079826934998
0.6737591455288341
0.9382622681625481
0.12318812122923739
0.007184567252270457
0.3691301471700257
0.024650014436155776
0.6048482375805311
0.8591756086192088
0.4540480681686925
0.4766939084563374
0.7074804824528956
0.2582188407343454
0.027936242271358158
0.20812012525081536
0.33501316214628807
0.9609071038114427
0.29634664160852753
0.18404555017515556
0.9929517886102871
0.10258043954691198
0.5808493815940804
0.15640306008300875
0.8976753141502056
0.9456783914956152
0.8043902980001079
0.3158914186681244
0.23665719296677712
0.18394442119493715
0.3724619255943996
0.6631955135334705
0.8609746033864751
0.6012082175951422
0.3938011681878649
0.7021695231885549
0.13202027544551864
0.5507771776374378
0.740878819870922
0.14228347384241602
0.4221887461694188
0.6369660374117204
0.08455569481893255
0.44481115514620384
0.3692560392397978
0.9489319289416618
0.376431751315491
0.008427608141492793
0.9619565585865117
0.901262330417864
0.44129738363616366
0.3715965769686672
0.9523409342086877
0.09105648808381206
0.18545820412424963
0.2769702457797433
0.5581815883930463
0.6882003035685332
0.7956571556821322
0.4461643839498476
0.398776905129706
0.7676407428212785
0.43171649556411207
0.2479576688970051
0.3403879026852894
0.5233486454380116
0.35536744790103547
0.6315169232882821
0.08649939658707362
0.7550350740823142
0.2947283238309857
0.8301737658604361
0.4490883769000732
0.007776649435864202
0.2985601210181208
0.7686342595428415
0.6289203785446209
0.5452081159439722
0.1562211098090489
0.7062940429996885
0.4714349217158037
0.6781787462359636
0.5437408220916614
0.405305104554358
0.6320656015278037
0.0216193804206819
0.2700784048715086
0.6684886667173141
0.0002532098932251925
0.3984286079265319
0.8905618085087551
0.4445845492335537
0.7465509493098265
0.35382203223851694
0.8712980207444939
0.6725473918674463
0.19603088941730495
0.08525923665948931
0.0704556688087915
0.26248678792717994
0.11818482376773232
0.8594532404023933
0.8906989166138923
0.7620005545284954
0.06809296768032302
0.8609410769469436
0.2827478909480132
0.13442052583382869
0.5230599837537087
0.5313758038379728
0.4108045023355995
0.634594012376466
0.40341287658681757
0.7785502590540477
0.7881774252549901
0.29225416811082217
0.37180432355577453
0.6288109059468862
