32 1 3
0
10
1
31
2
30
3
23
4
6
5
20
6
13
7
19
8
27
8
9
5
10
11
12
12
19
5
13
14
25
15
18
6
16
17
24
15
18
19
23
20
31
6
21
22
30
13
23
19
24
20
25
21
26
2
27
5
28
10
29
24
30
25
31
0.1232982180791492
0.12051785276403837
0.4012165411640888
0.4679428423906348
0.5596131508667647
0.29896126951320356
0.6321114709426877
0.7423454703026071
0.21800995973285464
0.6946956329164442
0.31824017683207795
0.6520544808985483
0.060222107499701916
0.3001851524622099
0.7452096901500458
0.05240587806206365
0.6211421952822352
0.025546799267838538
0.39096604949642
0.9928835035123682
0.8462248334797323
0.9789066021625461
0.6868956228130294
0.08137290691060206
0.9493092651810784
0.9246190463677613
0.3951154575230438
0.041177862257898545
0.6208768040220466
0.9996851255769114
0.8731472390917929
0.699685806725371
0.7270999543422898
0.2266870226016624
0.751613934135812
0.28792410486343756
0.43401891336511733
0.7163457448050065
0.3841301513333275
0.33069552050314754
0.6480049557775331
0.6874717059379091
0.14801928734251768
0.93323205939552
0.14750072005511716
0.12922303534199353
0.91039239754397
0.4441243361619651
0.7893377392253591
0.38887513002224416
0.806846018820692
0.3895364160074527
0.2201595216660458
0.19619466691666865
0.58653025858102
0.04979326505826487
0.38834759617804915
0.234029260524927
0.08465706460929934
0.18675586852140846
0.05699047999950346
0.6380736282281027
0.17337386483746886
0.6125067478912297
0.7049237107399368
0.5121186506114312
0.28442399033479826
0.8774574539285279
0.35307108172351365
0.4582943249787391
0.6318794317305464
0.5161242981674495
0.580960135568696
0.49020206373000297
0.7041168173823689
0.21541959298546798
0.26587203921552827
0.04380725363309168
0.16285754255803098
0.0038745499388105342
0.6546275765234981
0.06369015415518986
0.42774457246440645
0.22216650821772055
0.6086379170158094
0.557768500755667
0.22097295115667703
0.19284823789822858
0.6083188139076446
0.606354511401297
0.7947901585625868
0.3229289765350606
0.45574438492562896
0.32514346581324827
0.028829116538094723
0.04435252539911694
0.3687041258820589
0.20959132812878367
0.5245146032105923
0.837290862214726
0.25127706432840136
0.7290260027021367
0.3013213449137814
0.5169005458056509
0.38467176448284957
0.4820846642847386
0.8719757028853922
0.2399620044566907
0.934183460116191
0.07233773178762537
0.4609310589380602
0.7246048259600892
0.04746853498479808
0.8090026856371774
0.9788933433114139
0.460511672795628
0.11812363628756806
0.2411443971002879
0.8262650576639278
0.15379567752788093
0.8842528530898255
0.2134665283608419
0.6127566924478359
0.818008657000479
0.5590112191053322
0.8866043301622452
0.039351686529191854
0.1803893912563338
0.490013452023644
0.12808547795160863
0.8710926419421733
0.9344608884461488
0.3195969983538176
0.43484368255202
0.5570540644200566
0.6100819970747507
0.7890377134172993
0.7110679469752405
0.7774643558396669
0.5140354678382717
0.46207744282607
0.6343562920465169
0.27254621857246664
0.016558424522952975
0.17257617960039529
0.41465974039415787
0.21806470516739018
0.8797884787327306
0.9971497033508181
0.006439244314443648
0.5355241113549698
0.428269623660265
0.0497703561320445
0.6451969614065052
0.11824431248865597
0.7372833681454282
0.3589046614584527
0.67488210437111
0.7034839134412817
0.6606084576410584
0.22155798032782648
0.8317998863873537
0.06478718309218656
0.3075184499818515
0.32730937178137276
0.373196919474838
0.48026967262350795
0.5820603979481933
0.1372879505883815
0.015498761483451418
0.5048497045627587
0.5854309472055399
0.025286397427288332
0.12982285676032723
0.3955808516982431
0.9757565794644123
0.5104745178761232
0.07645620506689521
0.7650406152494567
0.7814438709253152
0.5694980380479538
0.6956987378694627
0.21345793631163135
0.7325605908939883
0.8161739873415944
0.7599665402219192
0.353462402585887
0.5910280505757086
0.6289893574898388
0.6160167741323543
0.02601445858505036
0.596125612844632
0.48919913512172475
0.30869925031539414
0.9586301909392594
0.5555224541780607
0.16303723797834868
0.8790785483620981
0.5460288399006699
0.7042240787132147
0.07877233817546292
0.13744427713979768
0.40185422229333856
0.1910666288561843
0.31642065037316636
0.2917281417853558
0.9437754009602987
0.03828786548344276
0.7264603879084595
0.9616913814068508
0.3431653742712939
0.44119509807551416
0.7257980157417766
0.6578312458538799
0.26010658848413604
0.6715848457987025
0.01697652307419406
0.5735931064152219
0.05818297514553228
0.6304378073753134
0.35341956482818127
0.49110709598533775
0.06132304686728618
0.24146702174069912
0.012441234482642782
0.06654509768602879
0.06240576762652772
0.9720932443736168
0.4226528937805498
0.8924289339928592
0.21652428395276402
0.4352131794546169
0.35803513461315506
0.17693553603496914
0.7280642389267371
0.7852833252199665
0.40863068686923587
0.009633238682779877
0.8909238596539266
0.533705581213062
0.8046005274030336
0.9806276909012095
0.7049346898693578
0.5647284680717275
0.12259546226958773
0.9539533584587191
0.1713156178825357
0.5005542720722199
0.621843985236089
0.6619765424276485
0.8400519693824264
0.699601591737329
0.33005100665524945
0.8401365565378639
0.8206585211774247
0.2467942680862406
0.021975308333072263
0.8064669735456029
0.16884400503942165
0.7876813921208954
0.6836592298851071
0.7177928021437573
0.4271772721979724
0.8646648421725511
0.10365846470378459
0.6285317276232824
0.7101075213407797
0.6149371087697887
0.0400488022899097
0.34025031183581533
0.027267185045511733
0.9324230096450348
0.03631604832667812
0.0896193188307074
0.2927345609042453
0.1508090604701401
0.2361450829166024
0.3558094886115547
0.7354997154547138
0.3376457636791449
0.8033239356600728
0.9444207727357242
0.014783921172948133
0.5303420268039528
0.2882277186993394
0.4689175335863792
0.03492832759702502
0.5317931441254861
