32 2 3
0
6
27
1
13
29
2
3
26
3
7
16
0
4
13
5
11
16
6
7
8
7
14
25
8
9
17
9
13
17
5
10
12
7
10
11
12
13
20
2
13
14
5
14
19
4
15
22
14
16
20
17
21
29
5
6
18
7
19
24
19
20
30
16
21
24
0
19
22
4
14
23
0
24
26
9
25
26
18
23
26
14
27
29
26
28
30
15
29
31
20
23
30
11
13
31
0.1724758735414188
0.5025200051702261
0.90897402549019
0.12382304493474106
0.4011954320554215
0.896062599081551
0.1631775530244488
0.02772312775281749
0.8971635323376909
0.3571767146535568
0.713714495602655
0.24302067893291845
0.04166268090498371
0.45644403411220813
0.9499568978952101
0.8927744085533786
0.4390804877409168
0.6465635479660254
0.07151457095564406
0.1501892603914834
0.7760782284657708
0.6157185855145071
0.4693040544401238
0.29012167824504886
0.6988805717817629
0.37724088686633306
0.07596803721826872
0.4928379640332232
0.015000222941020769
0.13649752240998625
0.1594155378389912
0.3295437747335188
0.09907188708590808
0.9861285594466448
0.5717493168603183
0.11074284988833238
0.6100743402846605
0.2599462816391749
0.7304759608214243
0.541595204237595
0.3832224502830448
0.9087626728522783
0.8255543395287922
0.6914713512176498
0.8255983690377624
0.030836046022866936
0.9465994203277018
0.6556395069926657
0.9514316630707297
0.4280250321475413
0.5061143457033576
0.02419756817904506
0.018798274435608886
0.1400350912277094
0.17039278021840043
0.8533613730702825
0.46999213723355815
0.22887942270570738
0.4624327530480512
0.5257266111842748
0.9802355297584743
0.43427124562742303
0.6612533185486711
0.026290812500640026
0.15542584236149914
0.32998416792514274
0.891563718680175
0.8572813297957504
0.92095981046025
0.8052700296174765
0.06618704494830796
0.3162822140773317
0.5818517001956054
0.5306426970607024
0.9671319006076549
0.4158328237066474
0.31172914162426746
0.5152630756866364
0.023673833274349243
0.27939078827880093
0.9317183353541122
0.23492304519454543
0.8334906285259444
0.6118101488783345
0.5530384871418671
0.014598010159464936
0.4606301312498874
0.9758438453427817
0.883388718430442
0.08731444499040963
0.21009216843548417
0.7244075411706407
0.8971158169948857
0.23840129471521154
0.9497034095200647
0.8967735861610261
0.9319963294412482
0.6739283491158689
0.278331081410925
0.5016121962825144
0.6233472301813099
0.13737678888134974
0.40896827274493663
0.027624256573397732
0.5597207023885887
0.6605872393315251
0.5218874110762157
0.1800890535554286
0.1583192482952569
0.7889835140839907
0.44104435155794164
0.026668151659180905
0.08005534186555874
0.10008325623996017
0.6504522960074757
0.5296526072976285
0.43559995002302077
0.5553026390151928
0.2874977603287754
0.08043260179738831
0.8818909158026325
0.25538852371455056
0.06521130972051947
0.9703034791836999
0.16442649033713053
0.08926809891949505
0.014326545177294148
0.7094570936320337
0.68039938974306
0.9178248320683032
0.6213512620840855
0.8837453981139419
0.1662962674985342
0.1399978031354041
0.8145802910193085
0.40162963125349227
0.5737745462966766
0.668344996390204
0.9314777208625001
0.3676554905135452
0.3041881343155335
0.6757566973115743
0.843991147020026
0.6169556370265605
0.8100798900328873
0.463908398180934
0.4888224870199961
0.23883664111160274
0.2820213371561038
0.898535428772131
0.19212552379761683
0.6454705346069599
0.03795539254606306
0.5760583626642551
0.3786742126372935
0.14911350350537644
0.7301949958901456
0.6437985869036619
0.221551379698812
0.6789473320285333
0.5139692581378975
0.49784243335503386
0.2927446861812758
0.6849608944873139
0.13487139259040426
0.5170557612762897
0.07767786416504752
0.631957327648753
0.5623395049760785
0.6141420587924724
0.9867449612989437
0.3057641177672884
0.26289476057480543
0.8252746600030206
0.17368253455927996
0.9876804163125316
0.47791591198240735
0.6229810556114559
0.031827027852396994
0.2159514012762469
0.49613687917282223
0.5095979010533244
0.008651243194648939
0.17392815843330667
0.2635599831224421
0.3529480242887294
0.8160958357794942
0.7606659173638131
0.059446336567275604
0.5922993591354815
0.7651577113362265
0.496426592181046
0.17726484098655304
0.734491572482697
0.37651859292024625
0.2163113284627617
0.89482868793612
0.532591593430448
0.6888028382049651
0.11561204044830953
0.9373311662650742
0.4374104188550656
0.9759745711428073
0.2360587800584909
0.6241896839531798
0.6153710552701082
0.320619764300888
0.9647294414482807
0.05691981357251208
0.9132674431486946
0.5714571103410657
0.4800767639747382
0.7165443352101256
0.7900455759221365
0.8105090302817476
0.8279470841425479
0.03891063379210136
0.6224986190079277
0.18612791584538246
0.6281398012196561
0.6263774075353115
0.7557173095256189
0.6371818480952197
0.8951590574786797
0.8516028073699126
0.7055019223947534
0.6686365662085609
0.5039429339076379
0.7149385895269205
0.2700151541347031
0.5952730915321555
0.08771248486015326
0.3144182910942216
0.28804437831498886
0.07321180976111563
0.048876411154440635
0.548921642009413
0.6521844950445782
0.8208654845541433
0.02728798014907885
0.4028378469114917
0.41433074472307574
0.9132877689648257
0.9944966448786422
0.5089571367465373
0.471155183397195
0.18771717568417212
0.3093933029962671
0.8681913633098456
0.8720360108980679
0.08762589697603396
0.016121739624157194
0.821713705616487
0.3427643878062975
0.3581950019815132
0.6522097145805738
0.5310443826380348
0.8951578200434277
0.37625913154810364
0.9038468626510803
0.6294029389827108
0.649988295745083
0.8065863707674594
0.5881964589022528
0.9452759653401821
0.16109669240237512
0.5671241906095181
0.11579710658227826
0.20996915171943498
0.9471758029920163
0.7601904899958076
0.7004067077680575
0.8728745916683756
0.10327210363784078
0.7616474065937534
0.2700657371993431
0.735050736001473
0.14260835899452806
0.5937258414652764
0.191359683448583
0.33646443580512997
0.9978247828843377
0.8752824210079692
0.7301406606277524
0.12302201857810902
0.2779244852170105
0.041452206864530106
0.7897482896045184
0.4043091036939458
0.4595172133637294
0.028225517628168384
0.24773698571063663
0.697073747241535
0.09357156874745598
0.03601493179847748
0.8901606798440707
0.9317852457870146
0.18072969351597934
0.3177971268235954
0.533875805430521
0.20638452648364336
0.8238959618435511
0.060214352559397
0.7478344785357003
0.908597258111658
0.5842582426189574
0.600598598507007
0.1408536658845081
0.9122792603262413
0.2329906465183309
0.024117006643036287
0.33528422129261193
0.21185949837425666
0.5905264927070691
0.426260377706302
0.36689470580905637
0.1759876509675491
0.18788159711494345
0.4734400012821306
0.1813618339210683
0.29317234405993786
0.44143870653538186
0.4868122286960679
0.7235279268949868
0.1986957855034983
0.9289714847296566
0.04159246076855461
0.9719909168390597
0.603103364829122
0.39348945959555215
0.4046379235865394
0.2652260816224685
0.8342506403816973
0.9012399353331596
0.272319242100612
0.03951644319943404
0.33904743452367614
0.15144709004176637
0.4971085918134983
0.4578169687547867
0.3429066715568536
0.11385247613621308
0.34440535409669093
0.3831125302965953
0.07316131140880333
0.2834359004154624
0.6020072266993319
0.4020546017022336
0.49898724812547723
0.23324967572282163
0.15626910061838373
0.5441502930270483
0.8052895931118431
0.1776949676500471
0.4845806234963237
0.7134956350019396
0.3084467549398737
0.07792807765077314
0.7040741102502489
0.10508615157109369
0.601346746900865
0.7406977300599888
0.6463011053750072
0.17698355545283706
0.5077441848854657
0.16608337897938075
0.14714922958982302
0.16781654399617318
0.5549864201461366
0.2790891359068858
0.8034671556885963
0.1334547788989907
0.5483780503199039
0.862091669479088
0.03115678854855841
0.12808043588789186
0.9935636535548221
0.6303362015490627
0.7149007516676018
0.9294055796555226
0.5829619279260063
0.18534214926752512
0.14810726687751996
0.9558707311724456
0.32735513719988674
0.5256398042265452
0.9954601831364143
0.38851444062852747
0.08264184592398971
0.098577014110791
0.23703854273301705
0.8582412929332681
0.8760956607458953
0.045573409574488966
0.32204395272596475
0.2630947968610683
0.8382634024106372
0.26229843944497855
0.797009505365339
0.7058856230750216
0.42648251439274854
0.6742672333192583
0.049950140760310235
0.3381743930464566
0.7585023057298977
0.8801462114074285
0.5781219242292782
0.9332983484664727
0.36919157294813854
0.7084413003401167
0.7210948585858545
0.16075194211122867
0.41397872281803905
0.8393912253895119
0.7394630186815877
0.05985920545941381
0.2585273822640053
0.5109180166240674
0.3149061716925444
0.4824167130733389
0.30712534836902095
0.1935089545061187
0.6948736757197658
0.8256959491550184
0.8243153375122104
0.06344346747059615
0.288281537155597
0.846806144446586
0.4886885909420873
0.4353454053643784
0.5814173694292677
0.9308362518306202
0.5517408080981873
0.5299176791424656
0.7334035270352719
0.28349572723158944
0.5469550310724725
0.9458075211093734
0.9751952168867575
0.5278767851320169
0.743559364570956
0.6050492419445048
0.46773492854138066
0.693131861264474
0.20164249684507196
0.5716973865430265
0.5418182834363133
0.2821210694008469
0.7014464657732092
0.7948550947909236
0.5332712510453491
0.1828235383843042
0.10806612784271241
0.6165682138457698
0.8317164500403994
0.07633355400324593
0.5953849616683776
0.3477091638420293
0.5149696119040857
0.8026765456264588
0.16813130234055051
0.05156070393705814
0.44028776237171885
0.9432618086109333
0.6244498412983159
0.21001417645526188
0.18873260022377936
0.3161678562344822
0.9280278399474279
0.9934014281301226
0.6165623632987286
0.4697344502643944
0.8865385118073239
0.008415487692899348
0.7181323612412671
0.33080953814214875
0.4069585386956045
0.4677822599265118
0.396480695843095
0.14750567313508522
0.8071268099721363
0.3223341957434597
0.843800062790727
0.5654614147322574
0.4391257193481277
0.24926154922368016
0.6029078083112618
0.6795908718233916
0.4597343552175345
0.440680339182291
0.6440269192857515
0.8735005671705022
0.29188557975678897
0.2325511335583148
0.8745098581904783
0.2210708206002805
0.636484578676199
0.6748894021817677
0.44400199072834
0.29205362209108865
0.9009540922312815
0.7778676166039813
0.8381094695702935
0.7113259516642507
0.5508970900247724
0.5283619894100459
0.593318567250399
0.6949728591019507
0.9338831131650756
0.13883353743410398
0.07501862023275241
0.9222973502923828
0.8531993266294928
0.6964853301410662
0.9631068653392222
0.3859141122403601
0.13737794139250337
0.521347225271463
0.8828712796104308
0.3792304932625705
0.9157880973060308
0.23526710535891793
0.9434982523280814
0.2355984473452556
0.31112287393976623
0.6910910591049747
0.036294374060975354
0.3371098576331939
0.30633766327688317
0.2665415738689867
0.1955899796257895
0.6037834628820787
0.8189367531162084
0.4955437779812859
0.0465602789472368
0.6435618868316038
0.5698489819121106
0.31581354161301345
0.5435675736191948
0.4587762247430316
0.5396750379331764
0.6023504755544236
0.8697587807454908
0.9407389364562527
0.24165816702457799
0.5404626765415854
0.4166324715888997
0.47702761154057705
0.7305563866410599
0.9003158965872148
0.3336217652604855
0.599830223134505
0.47557709255792513
0.938865083362761
0.6193948376749876
0.3716122902532849
0.6907892770097147
0.13629775713498593
0.13631914692980684
0.8242069278957164
0.879517165471978
0.2160960064412124
0.7487414234106997
0.32165594756989446
0.08236239512468035
0.05814826129731476
0.5084124890723719
0.06709195908087129
0.7949219498365379
0.40530740103228724
0.8129593032419186
0.6791959333187406
0.537151840018471
0.8305971771578559
0.05140204607494736
0.6809576079536064
0.495145998523043
0.6929072943337172
0.5121670468791452
0.9866882406381136
0.8059066857322438
0.44200634779865267
0.14493027770893252
0.32064861530767874
0.6142376983116299
0.5371610129875755
0.32636978130759664
0.9754995995610499
0.19191263225325905
0.5558481379403466
0.22108030411192936
0.5185328936365923
0.6480313344174512
0.4054781372077447
0.644782420607964
0.8104411477969176
0.08145937444870255
0.06285495763725812
0.004740497160608204
0.7858778646896268
0.06777197387474887
0.09125883865096907
0.07492723981646332
0.44648595462607255
0.03703097920232412
0.0870374659917168
0.9796393184404456
0.5617028949604679
0.7420053811557401
0.4645987261277992
0.2989426914184893
0.5850724864370354
0.6211454504664566
0.8299648868072654
0.1312670761171446
0.9975068817196984
0.004152094428122366
0.35295331451105305
0.455464557534887
0.07453037740154089
0.411513260487094
0.04142789058361951
0.8792456289158435
0.8563361487850021
0.8365947137832599
0.3582508519022565
0.644654670215449
0.3970922610466664
0.8529488310480651
0.8969472051446296
0.8227776358862481
0.07700571755192387
0.25964798850095727
0.8878489400046303
0.8586047415041231
0.697575996087985
0.03571016549432826
0.48849434670330727
0.6698482334946001
0.31477222732646215
0.22853092313986245
0.9038635986879838
0.23156705478390605
0.8607411250985021
0.9334086813608026
0.3339911426303196
0.9512197290010995
0.18688092051790983
0.01705948169683391
0.5526234093623642
0.8233365852849921
0.922592022037095
0.7904101611166647
0.1039606263177053
0.2971577806612561
0.9595243487722492
0.49620218549958217
0.9191404773865015
0.8226356409425916
0.1419299022972631
0.5808416361387602
0.6221168589605632
0.8629081116369047
0.14120233980739172
0.7452335388481414
0.6237724745377655
0.2301661879719532
0.6186331181332335
0.5070118672444007
0.36536244921578354
0.9041055639134108
0.6316130791138197
0.514719699194946
0.3944154685772878
0.20435578293411683
0.959289111825643
0.5054839997616446
0.6281633360001666
0.35199031731449215
0.9925585457964298
0.14999523141767956
0.9855598933182885
0.9745735397535358
0.5957632310956142
0.11452962412823331
0.5525897718211954
0.8163054194912513
0.3092485005003526
0.8887446695269965
0.4191012524384965
0.8737783637121771
0.952032748746897
0.16971387942210758
0.5445312370130654
0.7990104029231146
0.4043989082719597
0.5541319110277844
0.0998174806946327
0.05183520923335072
0.21518952792600343
0.7819102203092847
0.6388269762581189
0.7940808116924485
0.8833901938069341
0.36354990369924056
0.22070887233343717
0.5216884332959969
0.4769521353532057
0.7319261704162254
0.7040439726781534
0.7789853717782463
0.21139746329213804
0.7758421996618818
0.4861936952182393
0.5958103950025174
0.6784901193830167
0.4064098424943974
0.5298688488342342
0.7555524971416017
0.27013348207678656
0.951220247649147
0.7488975083395246
0.9470397900200618
0.8361307511575049
0.9691685645908028
0.5197953899544406
0.933758761251461
0.7158318394987576
0.067022246949203
0.7333686337759756
0.3412118128636683
0.03297095422896312
0.40697275809531386
0.7698865227214337
0.24934994139123545
0.14196513382507525
0.04538730245010314
0.5536776704533553
0.7341026682310346
0.28760447761480756
0.9443648459594536
0.5701642499389792
0.7857539310486801
0.8244998427791074
0.2676428137621967
0.7169583386907142
0.7803409528389009
0.8714080281275765
0.8548828551426118
0.8305517365222624
0.060979540270322485
0.4275845403991094
0.6573101518794617
0.3382560967892908
0.7332014074955485
0.986704015288361
0.12807930344905738
0.3257617845971704
0.31268846045424004
0.4369472841276072
0.420088141003488
0.8784132259852092
0.5001418417341595
0.5634705039184348
0.23692676570074167
0.5338173721939034
0.021031717310646902
0.710497179826934
0.5461589286555348
0.6680830119089171
0.0017884670092473964
0.3044740627157494
0.1942059880154562
0.8196997526497158
0.3761059595836942
0.6002467215847859
0.5932989381379371
0.2633863556373097
0.5962267153242727
0.0005941114065031172
0.6542743370087958
0.228339730937151
0.0020665943492750305
0.9329229250782637
0.9075611576376902
0.3603386100742122
0.8577047351975843
0.6536957890854026
0.4582664813292493
0.2949205080498677
0.2827482078250527
0.7852681850920554
0.600836092523203
0.40698646011380535
0.8676785026911724
0.9362956963881444
0.28752598361014914
0.060972180564790035
0.8090703080180538
0.9997544469529883
0.1965678741288146
0.3620394217320567
0.7931193232143563
0.5524164019982556
0.3306149629123989
0.2598447809238078
0.4838967361061638
0.8156227497198455
0.8914743447656667
0.9168932374403289
0.5334404238404375
0.7330057241441773
0.27180410400511035
0.45323732122503535
0.44300418809261266
0.5754439069296026
0.05726991107699497
0.7618837576114382
0.5902836525789108
0.5230198797928358
0.3620553480627037
0.24627044606261483
0.49026666083735837
0.45244729234026093
0.852353582675198
0.22427477750924318
0.7975327957606234
0.022670547783127826
0.1798879535084461
0.05640664867108325
0.7887710899042323
0.08689766371895358
0.600640353998404
0.33676285318249954
0.4690590126599474
0.34752938752258067
0.6119626290042666
0.10272049113093784
0.9944685966044634
0.7113758433463782
0.9180508935961533
0.09830454251176246
0.3382497087126284
0.07284203392096589
0.9329421203792939
0.07710842691632236
0.7668076757463439
0.6292556682237306
0.18888300462085228
0.9184597492941561
0.5225417727901331
0.533986357454824
0.4615698290980904
0.8812209076584254
0.08208145487702734
0.002594027583187164
0.1028437523736524
0.7502802761263495
0.3480277742627358
0.9764425734304761
0.6298008025135766
0.9830158596763681
0.8750987174750634
0.17311555673169476
