32 2 3
0
3
25
1
16
27
2
6
20
3
27
30
4
27
28
4
5
18
3
6
31
7
21
25
7
8
15
8
9
30
10
20
30
1
8
11
6
12
24
0
13
17
10
14
24
15
17
30
16
20
24
10
17
22
2
18
24
10
13
19
11
20
26
1
9
21
15
22
31
10
23
24
6
24
31
11
24
25
8
19
26
0
21
27
19
23
28
18
25
29
4
15
30
13
23
31
0.15213175393222933
0.5611389224161931
0.542768397640649
0.6923611119282677
0.05476877608894748
0.7976625723676974
0.20502180440398687
0.3679719716677131
0.9729136179194322
0.3204461029952621
0.06300673841756765
0.20534424340794566
0.49651403018467277
0.2152358858904091
0.4929762650511865
0.07276415185156182
0.7811883283278459
0.916031275783717
0.16873457722625407
0.10442682872268727
0.7884092232855409
0.020373344020021222
0.8001779835281492
0.21370415703959755
0.5197436475580492
0.8060712135186735
0.8536492674837796
0.3279273153841771
0.2261330466686855
0.18572305882871243
0.04543263378949103
0.7533010637613652
0.6764094424791751
0.3833181838344275
0.2741788952369316
0.4631557274921867
0.2750244178679737
0.350961648703602
0.5551278378954867
0.1467583104002188
0.5011651754205857
0.5455713748190608
0.330257517686087
0.5875100420860582
0.5874776156292196
0.7404615961079797
0.4237325854616457
0.7191014937939333
0.6874752450693195
0.9334996834160817
0.5411916101995888
0.6522562763540928
0.2767907698486707
0.33682895564317883
0.6360830121919288
0.5957199075393299
0.8253824811334299
0.06511481292382104
0.007746085869895891
0.27686108038362134
0.48933283541618344
0.28817967874920936
0.30655930192566105
0.181624166435841
0.9630290149783094
0.1364479991905848
0.2191557545521433
0.6173148909456625
0.946854116191453
0.1508695229897289
0.5916392429600824
0.7958299681628579
0.14031312349595826
0.11343830117278753
0.7872010162233395
0.9967539700822471
0.810421674604417
0.9751596325925372
0.5084477723606727
0.41338991018487237
0.3467597023612452
0.4507273889149055
0.07595241818103304
0.46251789985338565
0.4191723681049824
0.11053188377845868
0.2586700220228374
0.511399689904107
0.6484869353139467
0.7051620413919383
0.4290268260466832
0.5320745296978086
0.6405856971452212
0.5992264042998177
0.7156535633818232
0.7481653426744788
0.36854830464848387
0.884018980254954
0.21973867893113286
0.44610178554036073
0.4989174863790493
0.2221392609231425
0.07242047078745906
0.0416606872727423
0.7032883022059478
0.8015540377573115
0.0769676171227398
0.9947037770545021
0.08541058716866257
0.3225830051523848
0.46675503858919387
0.8335058420602968
0.9363863644150379
0.9254614466512463
0.17558965374434932
0.10045448817519131
0.8869752315796338
0.20403679507928896
0.3912808801244535
0.7485301824426938
0.9678269348714873
0.9731612415971762
0.008373634312050515
0.7541028401369076
0.17033352176338357
0.783111329260713
0.5690411403257016
0.0403236238434066
0.0024314592044680783
0.33518812968019607
0.1862810762421243
0.5941348719012675
0.18096797896541716
0.1913561541583353
0.24362857507768243
0.9542627350854463
0.30594010674960914
0.13940609200004783
0.5599234529101553
0.6701003836451461
0.974892243987574
0.6955198527447894
0.49633959650765513
0.19609483726331867
0.09046334658521726
0.8883197131338822
0.20514201089664308
0.2796508820567749
0.607207600878209
0.07386886038897333
0.42630085894355163
0.0850174702397779
0.03327373705345793
0.8772078633150534
0.5197333006174768
0.9381689937682911
0.4114254143698882
0.6348026151513354
0.6135423307059927
0.01990671502058683
0.3355631757710782
0.4098499387128113
0.8746326014012101
0.5787764079100305
0.5053840639419116
0.47042701538472464
0.29773225357328026
0.09982498854345967
0.054506831207805306
0.644468367718576
0.49088432217995215
0.17099384227746584
0.43793111602103674
0.554608966884608
0.9066125501951309
0.4281008927363563
0.07278681900851625
0.7500125962908292
0.6326817824734315
0.681364826879843
0.7891646264233486
0.8100487053388739
0.026265168293257424
0.5113080894577968
0.8507590620869782
0.8503765033076914
0.15649237719389264
0.057736668459174134
0.5487336123740202
0.7076543409822836
0.9526432905129335
0.3451907940032215
0.9222035065608183
0.352312659059568
0.9762070883392415
0.09430539896691859
0.9911871845912795
0.602969021349894
0.9880638020777982
0.6903403103488691
0.6501280822959008
0.6472482354120884
0.12743191550984612
0.45033986022874706
0.45758505625276236
0.1581149149249148
0.12950380805193917
0.5386606767539744
0.2255491982038892
0.43475488872912227
0.961457226015097
0.710594591797995
0.9215068362588742
0.707176784754679
0.31484262519234674
0.5895043817269214
0.3564224653103445
0.7048144219623951
0.014688337165196352
0.849366261217949
0.28893034984193244
0.6760184298737193
0.31164214950304625
0.5475290468906053
0.15776213798066074
0.44337161308634176
0.9697183587796027
0.4188537346309764
0.8392383429055801
0.22795653069180266
0.6357103971565647
0.17244655593788805
0.4563891967814364
0.6914647350057677
0.39234702008280786
0.31262950689378877
0.22707724746407543
0.8633326820846594
0.9422392933058567
0.6580141605185825
0.401196101131851
0.6293843289649872
0.11943343502551917
0.7580850642664364
0.21278328225055054
0.19459576124665223
0.5327633040429077
0.5500687558622266
0.19650587582767765
0.261945372649941
0.6645777495692862
0.5109880951356411
0.4786244406140804
0.3397936121336371
0.12247462880143589
0.8466368439239342
0.6692138969003375
0.604535449108821
0.40547302065189605
0.8051371650891535
0.38474792145760084
0.8811446161306598
0.7567691507613008
0.9472623071552557
0.7045828769293001
0.02291074008455818
0.678742412829602
0.4311255329128444
0.6605228630862331
0.5620744376857753
0.3746903635959261
0.9578660046143022
0.08009063586664278
0.9757892421130593
0.48397112717387825
0.8992312720294753
0.9936001512140382
0.5791281811258618
0.5353613268271854
0.8472015259223697
0.6977277541873794
0.4220251882493933
0.4659140744415263
0.704330989116016
0.17794463655485526
0.331215223009501
0.10796395230916722
0.3091187399128361
0.11352744073067933
0.2256637123621572
0.45468580322003505
0.03593171142252105
0.5519780414426618
0.6881774869327104
0.5510741765852349
0.0699916721463063
0.4757299764859647
0.6288710657754709
0.2936707117844287
0.1528851454243365
0.16293972992620354
0.7752111176511521
0.5212494991791847
0.25284973236627994
0.5383656137185359
0.781843812218258
0.9531462595278998
0.8875731189725707
0.17694638010103092
0.17184046380215456
0.3795495427410821
0.7571141913834281
0.5123546203370314
0.25889572567265573
0.6016604719362579
0.21739165587869524
0.47319826905344164
0.3892113902865667
0.6696898648654013
0.4120833424770013
0.34145872035809577
0.49649236376433636
0.6243298094807833
0.5125704613682239
0.7202499506658246
0.38664193672257063
0.12078886702491098
0.3466284196408209
0.6082429350844553
0.13991873026374957
0.17962319535879834
0.03823043610457022
0.7415666648053529
0.19603394089140658
0.73089571252256
0.5078425230668258
0.41781418931939207
0.1605988323104004
0.7354619442906448
0.8401990922737821
0.8078022722772954
0.5199372019791568
0.5707839318824773
0.687683786395591
0.10878348366247759
0.628522208684443
0.8986772160849125
0.0033106593902034742
0.15617256221109088
0.7700565570683942
0.25685821101498474
0.6350381054387849
0.1513019375834911
0.7152467922978992
0.47660393381165034
0.45756531005429213
0.5669938959200662
0.4050363742061103
0.9039815910890495
0.7049471883921491
0.3248398408446752
0.14400545111238872
0.452783428527043
0.22190284893402512
0.6028005866183592
0.28959305121480927
0.33777846545625545
0.1686962210549926
0.3770261030070017
0.7921746899025107
0.9152030229484328
0.5118735540438809
0.5418126261336323
0.5575164286169058
0.5062364094758484
0.1967092140830271
0.36857631447649486
0.06608623972689764
0.8314336144215944
0.18042113922982295
0.012978399272352559
0.1751217388938603
0.15852305574729186
0.5283708867904122
0.48097466800326616
0.28276686501472803
0.7966078465486447
0.14997801746555228
0.013313355003285121
0.14831853817391238
0.5410356017338123
0.6060729223377894
0.18577758929050447
0.3333631861759273
0.393882250447377
0.4302555441187097
0.8787096601684236
0.3437907200483524
0.9603881851899846
0.9500188847068222
0.9032866961573317
0.42130823609374357
0.7888751715998074
0.8917374651347064
0.23516559910756973
0.30278937461879607
0.42185907221103003
0.9863353694760626
0.9042696938620297
0.1019952849210981
0.49828937886915325
0.5571533715164798
0.9941333278066782
0.6363627421999944
0.10460427211240075
0.9798475093599068
0.03346459968251436
0.31136235836574166
0.008972753695786984
0.5776311239770858
0.23895783146317862
0.6581870265212209
0.33292939230415985
0.38738713264745817
0.801977974338352
0.5517026494028286
0.34419341752733235
0.45426585498169425
0.953490256187312
0.9606763761029212
0.5687671406578244
0.5594932218253328
0.3926000762470566
0.5844891011864888
0.2087128912837406
0.5123197694010582
0.9261466939251642
0.7480293547893779
0.7195736747440648
0.3377276939818201
0.32112372332619754
0.5479045068699662
0.5789967485158607
0.7974615448131825
0.6739485417455003
0.5082489681352516
0.11899660406455215
0.4186298662215744
0.20399460078747977
0.5368411735856718
0.20944822686279618
0.7428932287941155
0.743368221467614
0.8902860049909922
0.05042081430376044
0.582811948698826
0.5331609415017534
0.5587980573906296
0.7575955994576414
0.722589742167294
0.4419471275051886
0.4375465049139873
0.6061430825875501
0.17035072911619253
0.8467286861542768
0.019114654384694507
0.3612394945512417
0.8697579574234797
0.11312902152778781
0.4967527998471454
0.4368415193729893
0.7437236953249151
0.35932800720286817
0.1697766429665578
0.9548423044292975
0.4525595986589832
0.341253143912974
0.3051148674038091
0.5424911522487459
0.9889216099471485
0.9869086260899586
0.0016218321149462644
0.5911780736898553
0.5924239154740109
0.8031735451185016
0.44018069247875546
0.17935417897077632
0.969402350678077
0.6089117109792812
0.9912863935882376
0.1352000880300912
0.08682381939018702
0.3861888987378601
0.8309000145880142
0.5476591164637273
0.8517716487273028
0.4647950942242144
0.3599138144317632
0.22401782334184983
0.9367141330250148
0.19567041437878274
0.896757278904744
0.11481687833555909
0.15437706637360238
0.5256759189907072
0.5036095192586522
0.09266168872622749
0.35884849716707257
0.8922130559366874
0.7934537188720697
0.6181871464428474
0.2383221804423723
0.8875594139120699
0.011114405067910726
0.34732987305190044
0.9817617387476422
0.9273754800238957
0.5009683605871404
0.46912294630458273
0.3700804523325948
0.31166986453899725
0.9187283230824634
0.7240042356329112
0.33786080842427824
0.917188049597602
0.5801841555106576
0.6796364441273068
0.5217237691949569
0.7749752147826698
0.5090320577565522
0.720958969222833
0.8562820201420066
0.7737771776014778
0.08487991180927212
0.99157063414397
0.6163173737510946
0.2852486873586444
0.15459705370534882
0.18893076198336245
0.6971667581597785
0.8622474496641863
0.0290297347204852
0.132446551857046
0.1414384030415654
0.5292787992102568
0.10027331016388552
0.6704431363453734
0.7250508334033995
0.8131943247130387
0.5153689052280599
0.6154650149037896
0.44315052297772706
0.11008580561034786
0.6055913738190262
0.35688535717978276
0.37640011405509344
0.9345256527224031
0.9995482481551077
0.7836699237156475
0.08608276850393937
0.4488229997136687
0.1338501896366049
0.6816351629471089
0.1054403081239288
0.4035153793365325
0.3094142596093332
0.7592040821441361
0.3472692441070747
0.30817551726855685
0.6437905149662354
0.725119390872177
0.7173883310219467
0.9473450207632871
0.6572230496742762
0.7757368483238198
0.4986556568301146
0.14143198735179752
0.2539838477107994
0.2186736515374299
0.6405792265339231
0.8797311125426723
0.3804312174500015
0.7059622092311457
0.8105946951031011
0.8573463177417145
0.4861361635028555
0.17398119212613183
0.8126843788752379
0.296570895903414
0.20799631456371537
0.803613017851477
0.18920771146430382
0.7745320620908451
0.5020991055833243
0.4134927026904599
0.2591046009391683
0.5128912531283788
0.007804540776318758
0.6617272211678074
0.7784675023139347
0.12636302770343222
0.35294784147675085
0.46514410757407665
0.5886593571938715
0.6489196232013377
0.7918233833444723
0.06461985390973557
0.9388388062457902
0.7167575825382458
0.6468364267255686
0.678216537965103
0.5369901064154905
0.06959020092661361
0.7507218635685805
0.8361876688416738
0.7132547274853563
0.7384785214124722
0.8220992304237361
0.904201321065299
0.6988682963150994
0.847971827457408
0.9492767572793377
0.0011404445332560131
0.5845137624536596
0.8440407891338192
0.43259552374965426
0.6016764636536678
0.8746946060397168
0.7894274063549803
0.07926046476339177
0.6345691797419918
0.22627308371719645
0.2629986797418319
0.47045594651753175
0.4973010650634664
0.13738066200938026
0.5647516297189251
0.5656279636733578
0.7882415993121061
0.14381255415974092
0.4828010438069008
0.13385898566924115
0.3919401079146224
0.8605743302819008
0.024013964061266102
0.28749458821965923
0.30370310202124395
0.06835423971508414
0.07796706924918217
0.21496473008778227
0.775404229055836
0.048694946318707855
0.08878135917692986
0.9427134843500485
0.7386566942193595
0.960645348819516
0.21171573646284592
0.7181044242066792
0.5988237682497038
0.5308915269305031
0.8024392919700848
0.44650282809469
0.7602057780942002
0.4723111231018785
0.9143683141783979
0.3944564162987826
0.7201900273843856
0.7817006933089365
0.51102405609671
0.8717133497016418
0.9088861359432049
0.43775695935369996
0.2810495072076624
0.061717147175942344
0.968217448106137
0.02755416918210274
0.8436170986934373
0.919882109923774
0.5400481691843804
0.6821065890401612
0.3063610092527824
0.0956461417234733
0.46321781362250525
0.42021253621811183
0.2997162572390246
0.19288181871267718
0.555218227716167
0.04861357163303914
0.007882472839587096
0.5919481221541409
0.2655860892796077
0.5557002030918534
0.9831129129013001
0.4064575513273516
0.7049295864670605
0.5776577399965509
0.4005327862061939
0.8829478001407739
0.7890363438167545
0.5950474095585901
0.3294711339584857
0.7587777931138573
0.4909622078233048
0.11874109128413468
0.7845708413243485
0.7884138677133208
0.27857472982890663
0.6053854055176074
0.23569170217015445
0.046521138881670754
0.7828143909619834
0.4897360403265808
0.029992679463626826
0.44095956250899093
0.7989888670903152
0.5482681445582893
0.7918432854696396
0.3985979490557341
0.007465571348235112
0.5059362800119317
0.14251994679913793
0.778130319282358
0.8327385363211997
0.6595388219317759
0.09368932630660831
0.27155231264364743
0.3585323225602304
0.34295838162558623
0.1460920713336329
0.5070782269308898
0.5187752976188842
0.8780505628776795
0.06637061493613938
0.6149654666540916
0.0065312331932485534
0.6898798554632432
0.9505990835110153
0.2846510825743527
0.4668026585214533
0.23385082025708415
0.8288818942349382
0.4600729803208926
0.6511284331843675
0.6028675036757438
0.5423361778242388
0.7924377631959663
0.9004271556058645
0.602037923342152
0.7919926583979447
0.27879620618061207
0.6888580349024865
0.4734154194197332
0.8304450092405903
0.9020165293907412
0.6271525492327082
0.5666660806082827
0.14265822977978204
0.2868783571263305
0.12935617904624475
0.41798202741924073
0.8602306207321071
0.49677389425536067
0.1614899146089972
0.49503485537844605
0.4571918591448402
0.5354752850168996
0.7656120610226194
0.7509604317907619
0.012295819756868331
0.6662572843958041
0.05787434341145847
0.7262522436619013
0.23022898004723624
0.4050335040660765
0.12693201724582281
0.4072828964676545
0.3026294880453232
0.5528394815404923
0.34951629716910715
0.761451380395785
0.337204279533202
0.6423224997054343
0.9283454788752383
0.18249939094132017
0.035425880060153236
0.511247071927464
0.9862228957914344
0.527250036541272
0.7234456610365249
0.30361730241953333
0.14397177153877294
0.8199729127400601
0.868279472323747
0.4119044947070556
0.5118836137486921
0.04988876142492249
0.37608965782818315
0.862591074426578
0.8964355880712098
0.7273574415680427
0.6243088887765623
0.8565748515553973
0.10423423132434695
0.006406189316563227
0.18956453253787642
0.8945880729481134
0.6257644506114882
0.5349949760724829
0.6995731359765263
0.6529787860380663
0.7490976005335249
0.11633171253609342
0.9143961025929007
0.4951188200251312
0.21541736159110192
0.9133375677470413
0.02410528823375868
0.7461286209290736
0.9070316415195545
0.1931531530207372
0.16046490303683414
0.8288399879893305
0.913532202337326
0.6633485785409555
0.04600002162372263
0.7633474904816853
0.8065461710214682
0.11905715772229031
0.18548530360342474
0.21169771400234028
0.9531022256352886
0.7979495700436418
0.6733253783381098
0.04984770855308318
0.8558563014831535
0.9725408387617224
0.13958738610439014
0.013975718666123793
0.9352136969725754
0.18263325461019508
0.9085091526241759
0.6501228185426973
0.7219225076591466
0.3598061571526763
0.32808729989162067
0.08510727058845191
0.8635809778744077
0.3609980764006252
0.8394050321611329
0.868237633523605
0.22064877824177964
0.07557282688766098
0.7235680217942546
0.15112403049993972
0.689268776497597
0.47601347024387475
0.866674438385148
0.8714121030260608
0.8930120486436756
0.18769582909925453
0.6925992022670281
0.989073092237251
0.5141962956617574
0.9406574958118298
