32 2 3
0
3
28
1
4
13
2
5
31
3
6
9
4
12
27
5
19
23
0
6
21
7
21
22
3
8
19
5
9
31
10
21
28
2
10
11
12
18
25
0
8
13
13
14
25
0
15
19
11
16
28
9
12
17
14
18
28
10
16
19
13
15
20
5
21
25
10
19
22
13
18
23
12
24
27
9
25
26
8
22
26
3
8
27
5
19
28
10
20
29
1
18
30
15
29
31
0.731887876114573
0.8083536017860535
0.9493434659972815
0.6045722734597523
0.695638726749969
0.16305934162783242
0.587366186865591
0.5151389876216892
0.18573294340631985
0.14312491297934526
0.5559699313646761
0.48467225630443533
0.944200459839537
0.7058215964889976
0.33959271971043237
0.5043853705334398
0.05451053985721288
0.0052681119933248866
0.036731612691575544
0.6864012019527372
0.0898610500639202
0.4429402742798192
0.02930109226494748
0.7349622992794518
0.6380519277474949
0.1605161555228808
0.05045964016197335
0.2773095814053562
0.2811099362414978
0.2753567648584656
0.24642547258865266
0.2796662449286491
0.9483973050454274
0.7089291191766489
0.7572538819842952
0.9608255571764389
0.21748413348998508
0.9970231236340997
0.009978858168653626
0.9911958119354737
0.07502672263628418
0.34382892375133434
0.19060983614761395
0.058636572725820235
0.602747326008726
0.6372091754060313
0.24477608167773024
0.9241987111346381
0.4664967922487665
0.2848003001131224
0.6601991892036453
0.5836917348346451
0.6756125765093061
0.654873879290989
0.6284745129785383
0.6234374425776255
0.7404349208000311
0.11431528631144328
0.7943824596344139
0.6838728155550912
0.8139899560553002
0.37340623948802165
0.24530466612708035
0.6839839956952629
0.34042622215757856
0.41742984798230687
0.07175230610610928
0.544310905797916
0.716890304652938
0.7696774483833646
0.5157299132031907
0.5007626362275602
0.765204158409574
0.6802842030763973
0.19024527087419707
0.8570635877058405
0.835383014726881
0.4223085889356699
0.1927312804613479
0.3096445917620607
0.0936274822203681
0.9836126126502415
0.0882405683702262
0.7210675560763462
0.6808746478784761
0.532176433801652
0.04815335959395706
0.8913625821282428
0.2860138046907863
0.8559933864446373
0.4016459410976263
0.6877113575318552
0.06019223400756191
0.5557808079056101
0.05733812928139781
0.8759022522790477
0.6361383010428399
0.17446198132091773
0.32676767994796396
0.6508787184759052
0.9594244407766129
0.2835838348964197
0.6878509065324621
0.5504124940668261
0.6480316858148327
0.39424324596885574
0.07354420666639727
0.8398961355905554
0.8277881732968522
0.7230059870424381
0.6600326984665611
0.18581928372103507
0.11374394537224208
0.050033722754180054
0.1777480859162094
0.33365837545132393
0.9390256153524443
0.07190363607095562
0.4358824100773496
0.9500765201682837
0.4083371009947079
0.8192595990901917
0.4987112836606984
0.47341404462663694
0.622160934939183
0.20371380855919485
0.6162975666862868
0.5591695808193938
0.16975648050918057
0.7350282992948105
0.13692687722101793
0.668007816147239
0.6159986329274356
0.28894546392881637
0.3681641561369574
0.617916635846979
0.25650071276198505
0.7920222668684818
0.916449254320227
0.5197234087094226
0.25647071447789904
0.7931094651083563
0.30606475109119
0.2009144968897334
0.4619937086276933
0.990293268389969
0.03514761064439864
0.21577204370556147
0.5917927845321906
0.8365835916721133
0.4010518379356772
0.3730600784675966
0.4140077408367957
0.04793983743681973
0.20241969296125717
0.9142354727310472
0.4743662071558825
0.9518220060447401
0.8559426456090076
0.4219569472811372
0.09967905823173873
0.5414515893956179
0.7394266118076263
0.5645774683919724
0.43542529433318367
0.8812195190395321
0.45232046531335734
0.5530280869332488
0.6179513659176914
0.7231803099398583
0.42275756342131965
0.03046212175393659
0.02593911181531361
0.5787290774914736
0.1818618037441233
0.08867794070229096
0.16934695671763844
0.5652492042307729
0.5628498505098133
0.2676035268001802
0.0022209595390892956
0.9870481369667787
0.29409532643450376
0.14828426748882084
0.7614709998211262
0.4402322527617588
0.8028529282773155
0.4711237798290102
0.76669530905807
0.767644769281261
0.35967894355577446
0.4417244302488953
0.02067429537414056
0.4872308902118566
0.9710212116522025
0.28716394921433297
0.08483465501744025
0.24949208906884002
0.012522467090284706
0.4890896456749966
0.2741506545123973
0.9555973680224954
0.21493871620733607
0.24000514646749094
0.4938506489467215
0.6278387409166483
0.09376223981663745
0.12504201985152597
0.09247292262368734
0.6307927274736431
0.990257737403759
0.42511070859089706
0.5309800293499833
0.4451846620257379
0.6060335415831984
0.4018126435993026
0.543269112442457
0.8228877939259122
0.14462824170650668
0.480649276104521
0.8727226988033234
0.16607798097130844
0.1396187787921992
0.6732654026885151
0.9212834212825712
0.8820846518553175
0.7918539584699389
0.2856014949632172
0.36565713186906845
0.6371788062628683
0.35492319913666404
0.08586359064081583
0.9180881823787248
0.49454510674337127
0.11561691609962055
0.4600239249758863
0.8640653940347452
0.06314680071850431
0.7099290884903376
0.36100154999679235
0.7083036262388491
0.3302215276281586
0.5987073846188028
0.3366361310267013
0.24797859174162495
0.25366916437810283
0.23242176276398707
0.1949180221710234
0.1391678904418444
0.8819112095406978
0.6734226719409201
0.6487409851687201
0.9678374866203959
0.1887102132669185
0.9079890176121409
0.5144622532708623
0.30530677742922374
0.691675040164088
0.9184150109105114
0.47709919737135453
0.10884127646852704
0.6550421651590113
0.8431121619355172
0.9484957914745389
0.5160868592176114
0.6895368612951015
0.5188572167537495
0.9035775146104521
0.5811011761496104
0.8469322223204008
0.5438682041108749
0.16545621527738696
0.026631258696083737
0.5064586209644573
0.8306167275709898
0.5122564617612851
0.8528330003643564
0.09661723710811843
0.9427026944483359
0.23005377656303183
0.8933388599703614
0.6589341447357838
0.037800933045499585
0.831207757242815
0.7178607772801854
0.10514990147251324
0.9241848969551146
0.1957026761918066
0.5701778189155188
0.09140896676891364
0.36659015799611305
0.8902946862142752
0.2428808700652706
0.38602195352173174
0.9421855138521498
0.06371917977087338
0.7478494003616146
0.6177387680739108
0.24146976583515833
0.677003560324422
0.8317747518263002
0.6034418159095953
0.5736986876313083
0.2925628539890629
0.5787383596207519
0.5068369643254967
0.9184950090176043
0.2464500096276121
0.5460877647116109
0.8924950453280138
0.38766595765699274
0.48441699983482156
0.5824196480101098
0.6595695000960861
0.6789211057449994
0.05133738670089516
0.993381766596009
0.8770806525460207
0.6451433378005481
0.029567897228402917
0.31584622762479864
0.933609209630475
0.02554630873703334
0.6579029445607664
0.7773221095219298
0.9182564451995738
0.6841519955649732
0.38072772090860807
0.05402898806628409
0.4157540020115348
0.09767868935949375
0.580551483816277
0.21898276704945607
0.8458779696939752
0.5729470108374554
0.4079769919142069
0.6754125694961319
0.9869435021656142
0.08439160400923262
0.5538283834084471
0.8285067555875537
0.7007041487751104
0.7072499003884588
0.9709582572925859
0.9042097391908447
0.8161793628192164
0.6862318809803715
0.17006513100603393
0.5075995902290491
0.06100609316347361
0.5180294597789926
0.9655082801666123
0.4120817692403633
0.547411662978886
0.5562115223510173
0.8475446697026985
0.5318523025768814
0.4949468538375714
0.2350503560165701
0.37328409449981736
0.8110887991310225
0.4403879606493064
0.9648738453065303
0.5008462742757752
0.8519608562183107
0.6148728144609624
0.4863714264271155
0.672261814923082
0.3699673562589607
0.8340505624774074
0.5635086545314287
0.39608310427916826
0.5221833305504139
0.5787775033247907
0.18859277504166372
0.31743468489112125
0.6863958396472266
0.02590450651692655
0.8416776343769616
0.4927909626116862
0.4522539290453138
0.172134222434983
0.9559796807605617
0.843332974610472
0.7754335626531064
0.15756324640352481
0.31266372988991364
0.5638115337563664
0.7819127682694164
0.6806847304081748
0.9889674202102287
0.6370744537553685
0.45399806468478177
0.282167793411328
0.947311800756536
0.3981504056101576
0.6196221678264565
0.09551851869735195
0.08486902152941422
0.3233616971652967
0.07339576085804767
0.43584712953919014
0.4751192760577171
0.09311716975581552
0.36224752036706076
0.6673950815109169
0.16780331597071185
0.7822799545203378
0.1725257799450508
0.5442275348628318
0.018038754149253378
0.7636657764827033
0.16632818566716567
0.22721767295877593
0.8659100029740726
0.010230586638568684
0.13596189669503667
0.021953683829735615
0.0299534611820349
0.5608736227442866
0.9744169490902563
0.6024578661987472
0.8184785377282455
0.6388886451901169
0.5657606129334564
0.7797889335481241
0.28619012217434714
0.4440446719161668
0.0705048231224279
0.4149798387194421
0.11674829561128908
0.6142247057775808
0.9383825263538507
0.2304399754171217
0.5836763828253224
0.9813998753088449
0.917817660541199
0.7274010182010091
0.6995469373212668
0.9198803359918183
0.11191179466850798
0.33501783031324983
0.6016923968983194
0.38707184675573525
0.8311672748099721
0.6829019922464662
0.3337444225466554
0.5970201584619382
0.7835186233458509
0.16428909962509253
0.47278784068106605
0.700533844700154
0.22122961398555718
0.0704686322171757
0.6842695230379231
0.7464256738408126
0.8606101516074788
0.9963661318104201
0.736776361706298
0.9894413397097219
0.11039130652107143
0.22349986682070666
0.5804356998090068
0.7307727936618238
0.6407017009971832
0.18039684494121933
0.9385601866784294
0.13899117663533977
0.9673298454584587
0.2243531237746308
0.03272082477463234
0.4621190371456494
0.967030832200619
0.3847005814453396
0.9377546572494846
0.1274031879167955
0.048554360170351085
0.513430240878694
0.8707773905568802
0.5612369606605994
0.2816475480845847
0.6827095986980697
0.14122734764127354
0.7515803355576001
0.8787298770431349
0.11290032908248404
0.8679425833459736
0.1494901920042393
0.4734402118065163
0.9577608063916885
0.07758888703020683
0.519580094150632
0.6048227168238871
0.9227160370217702
0.9613097413635203
0.3580742392438948
0.7189286177081431
0.6585591481712613
0.2010964302311573
0.8163573141070941
0.33732305618583436
0.7267923874053049
0.2677190191979628
0.16507868469286646
0.281109977674896
0.28621649757679346
0.8026477126789794
0.24132224554163795
0.729204027104688
0.18741022777653227
0.47948299521479676
0.16007555750341596
0.15581605264237874
0.2539573985707003
0.49089142577107614
0.5343222490742463
0.9480819505557856
0.5052684779724691
0.14372573829349233
0.648661862472825
0.6698158509441026
0.2918294974425448
0.21647529751730277
0.13424194817863944
0.823050801807206
0.6056819416991853
0.5469442353830561
0.1919856337593011
0.8355453299225271
0.8206484039631358
0.8680031592944994
0.5901346827732518
0.8175661084287439
0.9210677234979824
0.2795783830214704
0.8130316298164567
0.14803948524433008
0.4805887678114016
0.5580804984836635
0.8996687340890283
0.3070065997595073
0.6052959796381778
0.3944413350847259
0.6980078117447184
0.37128755889619913
0.8022947829725999
0.22432634112655792
0.20873467037540017
0.1564705091026185
0.952453144544511
0.38250885872195517
0.2471259394337323
0.1354028966372537
0.08857927771751639
0.5142086372991002
0.6719618083664984
0.7110135847684013
0.2234857573523863
0.17372801058111365
0.6333106589830664
0.9428375007011042
0.24623777168669803
0.9104864899417546
0.613116215253707
0.4171134227546739
0.6279810295501662
0.20840700888485342
0.8152365757875325
0.12746743451871523
0.7417100375118617
0.41728743955766157
0.003105589954568777
0.5466337591610871
0.29738234278269937
0.028900669202555518
0.2300015461262681
0.2389134367165483
0.9954806958559437
0.980095872667057
0.24460129930655605
0.3404824415196147
0.9413603274831334
0.5125409094776859
0.9711736510220172
0.36776407956650825
0.8690368406337686
0.5374059633865037
0.3645700240472931
0.8398638233613895
0.9674644526088728
0.09568737600250732
0.895161448601344
0.6113013045520006
0.8299843439386885
0.8770854413110493
0.7777517680674613
0.612853184433233
0.767162875868372
0.08962298446673
0.2716826388731355
0.8879112525843672
0.07625672737096678
0.7251455195658085
0.3824977968391293
0.8622694536988137
0.5653268404229831
0.92008427411979
0.3494309072795685
0.3828870432632765
0.3568285949106762
0.7638051351468487
0.8284871810920762
0.3212877594732534
0.9877683253483347
0.0932623569593023
0.10411968819595374
0.2994390033177081
0.07478509453336812
0.2821417367257404
0.8658128494688851
0.37534704528809026
0.14852737686140194
0.16809577220021832
0.2871759631870704
0.47505529660964596
0.9922146773278159
0.34951137887627515
0.7867635908699866
0.6766625046976072
0.3136946159232159
0.7213181857759096
0.4579334811741824
0.7436163335726823
0.9237932567692041
0.2851693656292499
0.3952991782246982
0.3860007231984365
0.7812238797281766
0.9716607549655253
0.1611843820915363
0.4714151913326684
0.8882439338627811
0.11842571562220416
0.2166971723462493
0.057523069459589515
0.18485310325241455
0.42940686094559233
0.11558303820518046
0.608904802312701
0.8692617897243521
0.8391876675057542
0.09638315329586655
0.6883665152778929
0.2652793085452967
0.02131051997129152
0.2146953170284377
0.8632251917504732
0.45613439672474776
0.47948455560732217
0.5345981462892657
0.612653894861443
0.9694153212697295
0.07314899538980879
0.11133307120295977
0.2891802026249449
0.2870438275547791
0.3385069469013511
0.04788447500222581
0.5076385100173297
0.22365788426711508
0.1721908540243089
0.8491020064191804
0.8745666986360786
0.6150009319463389
0.5362843356897165
0.6868623697873462
0.09985125945259943
0.8327675046705441
0.09779176219645636
0.5189665386583439
0.7780593325891115
0.8768783465027361
0.0966094880245898
0.8688763961933262
0.9530082716495174
0.04551203545835003
0.5847112183302537
0.5538907495931725
0.7413650481394317
0.8978387355702151
0.032370563170556754
0.659283818713653
0.4804526539754831
0.09203330940794885
0.7314883801701025
0.8024793449203141
0.1939464314586341
0.38553227830267145
0.4286419151987527
0.2241284661444901
0.2173421117727976
0.2844005875377118
0.6173632284496052
0.3552244302236027
0.4058377022591718
0.862776117220227
0.5090475106640202
0.3069802160854811
0.986507044206702
0.8837205825622634
0.8612060810370896
0.8960011077434529
0.8140325630022662
0.15564936447027677
0.5552181443131534
0.7818265048269588
0.13911276268561468
0.317796309768826
0.44221041805598993
0.8450841168847325
0.1794989676400618
0.049502050270855524
0.38426429578490895
0.19795410012769987
0.5817492225577368
0.30536917158224164
0.7900271927048437
0.03471667114943078
0.5896288201907431
0.4057649298521483
0.0638198305159694
0.4673874463837109
0.18072389865323046
0.5550052325015523
0.8128105043124605
0.8281576653208323
0.19186893603369337
0.7627856956932422
0.02061922991589704
0.7552722308554178
0.8100114592611742
0.2882243077104826
0.0821128351350574
0.4934003421066636
0.7982573370424123
0.378989665312607
0.9522981121546898
0.24146808113756335
0.14482018895838022
0.31620248961202024
0.9354626167701555
0.07046047214628792
0.3859302186959509
0.5086109837358292
0.4803638032445675
0.7601728857586231
0.6693138609397791
0.8852226939245303
0.41889178563298013
0.41829279290152765
0.4645434384263496
0.11196851229683724
0.6420857447257232
0.7897766395529388
0.6490963003181344
0.6504810491851097
0.3341974624825428
0.7168674622588465
0.3901542746416722
0.4759877791965148
0.7917679760256837
0.5325437047733903
0.8786949936963215
0.06166702378993261
0.05573418828359178
0.23172560520226004
0.03353939395456895
0.47506525778754516
0.9909195394515607
0.9285183988637016
0.18568455043056942
0.8915620683743195
0.2846590519015709
0.044937007552936725
0.02131346889150243
0.6207634972552374
0.09964486062532674
0.6336766700222535
0.8244281277587285
0.567981283125153
0.3972547521426445
0.1779516748699732
0.2846522643292434
0.04982015316253907
0.39448904113098393
0.48790038084876886
0.07737419045940275
0.9973445941630777
0.3926865705703563
0.8757385160341407
0.7046998589619275
0.7217215304982338
0.4462117321467135
0.7232120928209358
0.16305211305324407
0.6166561936375146
0.8335604111171732
0.09081389818106334
0.02655735134445658
0.12579847604737304
0.7696641570088208
0.5618768061800851
0.1475369038865555
0.5884842850999463
0.9011869188130928
0.8638313353973598
0.24856118700506669
0.32606182857842425
0.673700780509839
0.15954543251642073
0.28920719733353706
0.7486417379504793
0.18496383846012132
0.7068578601558274
0.31217955337740033
0.6544808483587283
0.4848443279989475
0.1793362726126727
0.5301220815078559
0.4058778987913879
0.25832034519019176
0.6053647258669385
0.7425306267492018
0.13468222599595958
0.7103393340540634
0.9014452026237935
0.9278189287993136
0.08876516932691858
0.9613197729760626
0.09547009901943193
0.10991980432977333
0.9004794129931052
0.32753696665171106
0.40274409116469034
0.9647526818352322
0.5988509856760738
0.5435154475581899
0.01713217067039774
0.3974019589111686
0.3154293756074277
0.30412587060810736
0.4195438814833228
0.5115602485738202
0.8637207679385276
0.2941181871432451
0.6194516592236414
0.9341431416069599
0.22719873416998304
0.893436171762149
0.6181370435676873
0.13446039955512978
0.9925321765848658
0.5913933279983041
0.683008969876521
