32 2 3
0
5
28
1
16
20
2
16
23
3
8
17
4
16
21
5
16
25
4
6
29
7
9
27
8
14
31
2
9
16
10
27
30
11
16
28
7
12
25
4
12
13
3
14
19
7
9
15
1
7
16
17
24
30
8
14
18
18
19
25
10
20
25
13
21
26
5
10
22
13
23
24
18
24
31
11
14
25
10
15
26
11
15
27
13
28
30
5
25
29
21
26
30
1
4
31
0.3811896519945187
0.8011913797198041
0.9212737454926392
0.31507540390283406
0.7132529812407021
0.4457556461057398
0.8635801999728808
0.3221988976813569
0.023640267612653254
0.9462620341919615
0.15682949636114174
0.15680458035046396
0.7457881937846728
0.138531589959215
0.4222678261039067
0.2693918456353849
0.8644714747705143
0.4266348712488035
0.8825059416370749
0.8260947895961279
0.3505688795507259
0.17338625478979208
0.7561429369443974
0.9360535581459829
0.7825219212696208
0.4658806772799188
0.8618155013949442
0.9232478631919896
0.31562824184703997
0.3537336335610214
0.4899449261171579
0.5576215413425557
0.587475340704416
0.004773087818527366
0.6328578878768774
0.06850895268707724
0.9429725794392553
0.2447479921965403
0.41985672749257674
0.3014157782676905
0.7628931364931515
0.00866272104754462
0.5403616588899051
0.6641158677447616
0.6163816162439628
0.7727978707831776
0.00910493257362488
0.94167777498489
0.3898746449463032
0.9494734228180229
0.5851929418747999
0.983459414908006
0.2371186490680819
0.0930219202880278
0.5394082251603705
0.2758758790783805
0.5268587422937475
0.37664349131218755
0.734238117170354
0.8302486343503493
0.26142925029365893
0.9376226085785067
0.8779920813072667
0.20561169327959883
0.5183946263920177
0.034456073780708474
0.9365561251058628
0.5000945080475223
0.3158631078077385
0.3164547173562261
0.14949689182154158
0.22190361822735505
0.22165034121438654
0.761862549710041
0.9845202329106622
0.23779894231003285
0.28006565029284336
0.16588113431981288
0.5589770381707553
0.36774583690451457
0.1375846843124342
0.7802055992938965
0.7977109793376843
0.47995295471905874
0.2086680312029393
0.8716119208405618
0.6329696879207328
0.8444648723952715
0.25198743210333097
0.783673334539919
0.5078033504954786
0.1271596330747864
0.7246383627395154
0.12253827544331775
0.11260360347078369
0.9589176152073294
0.3499178463584668
0.34344413019191666
0.5429772830507561
0.5077159950016308
0.4970660450033849
0.5681574273556806
0.8376216217159216
0.22168951789924451
0.9032804160178083
0.3631915976579355
0.8884088261219729
0.48146791083587503
0.17524444201492007
0.35152554773463507
0.8266666999141461
0.7613472213152246
0.08352755885827323
0.43391016878408806
0.6834190252061435
0.31553016568225545
0.4626499004809579
0.013188896172351083
0.43620393463977436
0.38204884970672626
0.06914200097332435
0.659509529296944
0.13852815375166683
0.20241576785682003
0.8721293249209789
0.010515560778263766
0.685628934656949
0.4105364949265714
0.48141181532686916
0.3826304558025083
0.8966917873034129
0.8300695181439681
0.30453769788268603
0.4452736733402397
0.7053762697638537
0.822277209835459
0.5529211199875668
0.07325268015521602
0.5200666213028317
0.9239012481180024
0.8537979772927363
0.7254700613050667
0.747055641580108
0.6377589865257063
0.9298606572315777
0.8135780791717003
0.27184303233955154
0.9406011539885019
0.4744847708362334
0.8434998503099788
0.5518203245333123
0.03256328296103006
0.26209588816990104
0.7032779409540942
0.873444814409306
0.33446817560395803
0.6083402441547523
0.3335284189046951
0.9238871051456804
0.5855750332929837
0.8280847150019083
0.650537945047003
0.18933653395202565
0.7891869164078584
0.5210748212785429
0.8924468761241571
0.6353529224801402
0.32963872544644257
0.8253157593547065
0.8419081411631045
0.17643611063016573
0.3716618278423408
0.14944211820844466
0.9930724280983754
0.26994493184208934
0.43796048395752507
0.1288395672400422
0.46196849840560406
0.05993661050735566
0.9215704612823703
0.04930971310925425
0.3144132089760817
0.7978453018954611
0.3432612563734435
0.15444447557727758
0.7941860515925595
0.2736468950980848
0.1346190544707303
0.5335749738624908
0.7461596937697585
0.6417233340845169
0.6373494002572739
0.1212202720822313
0.7427897167663374
0.5963865184255048
0.27749173732991006
0.6487438105766685
0.3587773329058468
0.8680180807550003
0.17890479212689736
0.6111714778956051
0.4096897581407589
0.6934756425644761
0.11391743989500847
0.5645777707613177
0.8935493744873865
0.7513644499150969
0.36340886675034345
0.9942174850219938
0.5588120365925086
0.8698598224830991
0.017662060585102113
0.8071903906007636
0.8840277282312521
0.6925952320897448
0.7185708922343508
0.36347412697198045
0.5867548616982106
0.6240575425103547
0.31721914903598003
0.6701638267690632
0.32899184201629483
0.8539245774424186
0.3988750631527034
0.5311100053484384
0.7089143427872439
0.9487828273659796
0.7556650075935502
0.22177990188068686
0.6808978232920551
0.05200478544636311
0.8551692149724883
0.638739625983592
0.9083648818013766
0.5356873521816784
0.9564890784911375
0.5248440853480763
0.8071029996148151
0.09013789159653907
0.9947145608905058
0.9481785808314236
0.8833158794391684
0.7764283707394732
0.4253184315563976
0.2813055740288599
0.8047914162280626
0.6716843285963299
0.263202844766547
0.6972751048944235
0.05409151391586753
0.8219157756014174
0.12860753815303694
0.3529819729764847
0.3781771994072116
0.12497620119910757
0.5900673043802799
0.44750208068621866
0.5371844047843329
0.38301105314147466
0.7719616853067723
0.8252146910004147
0.46966871534492693
0.785379261759771
0.47766278323407285
0.6862981300473514
0.3420118732002352
0.4980312303024188
0.9453013312291016
0.1574590777654049
0.6797588379000757
0.5010706647154372
0.7346138481358255
0.08895228430225599
0.0582619880820765
0.7080767401641138
0.4311840415713796
0.3933232000249882
0.17067117546599797
0.6910143653077142
0.5428020595268523
0.033889499151711355
0.45360286023623386
0.9212937140444661
0.2603666858257617
0.2673836584016309
0.6502464097997068
0.9111731031870054
0.3028081110358074
0.3029700200282818
0.6319640752234208
0.3219295209897354
0.06628832722319378
0.8345794797748698
0.2347460024459268
0.9032944707422327
0.16872213122092228
0.8129269450685191
0.309888835108617
0.5910696647662887
0.9900824682821886
0.1663538235372276
0.40420360912295916
0.4677491693174054
0.27844588726699604
0.5520535794392303
0.1949793647289304
0.6772840304982383
0.7373126556627646
0.35320889887633644
0.9814148268936309
0.20662860705874253
0.695814685209433
0.43704483118908843
0.33847650404191887
0.7534080796689877
0.11381350154683334
0.9152121323832697
0.5977113612657418
0.31169377530734654
0.8853743367178927
0.35696246450060265
0.788493307452077
0.7079742388017172
0.22338623139447455
0.5850822584584696
0.36978711529461306
0.6667764338446069
0.04993470286753998
0.9160123718374641
0.17884021245396764
0.4601721530505051
0.22463539573972813
0.010090167452340704
0.6924854327452529
0.571458081362993
0.9057872436579898
0.3836471860664611
0.39801326018355754
0.8430358039514886
0.6641891510702777
0.5172851001222265
0.9198646380969818
0.21365411381851473
0.27127243304192694
0.10733274235080703
0.5250912948288159
0.5752387029730588
0.5341615838092785
0.6397794077879109
0.9826160075186513
0.3675330329787684
0.5779067567273871
0.8127716345890672
0.7750437683493654
0.7400634693359578
0.7475168399145965
0.8378051140182114
0.1612740419473897
0.5948736047235506
0.13932998335817692
0.4009756751122413
0.08522741876566697
0.1624589024765818
0.9695312864726989
0.45485425988277883
0.7727157253166166
0.8662567518549172
0.4061921785939362
0.4007036833573412
0.10041982561836038
0.3760303784717788
0.6835611815800192
0.5072217693032124
0.4843558234116847
0.9780266721560428
0.7652245622451533
0.11501429250460982
0.30852192716798155
0.9897030198137117
0.6360516674131249
0.4835493546901901
0.3279827876032485
0.02140080214068185
0.21416287298325487
0.7689233142084795
0.6134817111052489
0.9919398678901868
0.5214507245814328
0.02858672225568515
0.9849770174022723
0.9364047957842917
0.5137399989276564
0.07411451845070971
0.6251990788265482
0.914690306854323
0.4143663246625564
0.46447570026022733
0.8834917248847363
0.021315262404789426
0.18742120666443696
0.793421299523603
0.9350670028727829
0.5141356962458136
0.8670837921067291
0.032604745002133395
0.038915018231138854
0.7681614588827798
0.45817199471397385
0.4921440073897384
0.29666489674005103
0.19215328409212107
0.9050970108783368
0.9504916162457263
0.06763870086576684
0.06727663796233341
0.26330476008515746
0.5980743814369053
0.5610087209268033
0.29288821534953535
0.25634014916901204
0.14651648241091497
0.29532470977066194
0.9557758140945263
0.9365436668765467
0.4179687030130439
0.881580958203816
0.45976178567585446
0.8919503105486636
0.024676807123918842
0.7768215909327219
0.031835431014848425
0.9287944595505216
0.629552309771281
0.7588745777137267
0.7961776096388213
0.8780938869756479
0.7511912851051544
0.7456315142900628
0.6149628513356977
0.1927284424317649
0.7055094055358668
0.6175601044929878
0.596078211394366
0.6830884734495994
0.3767682758407004
0.904888595106359
0.487724041665865
0.19879490920386744
0.1352688204909952
0.46953595612966403
0.9692957537377286
0.06095533248640861
0.21473174441486198
0.22915092662234937
0.6454992471509531
0.5048487408252756
0.1746067089139306
0.8438600336599756
0.04309564875249039
0.054796355379848394
0.21908515750651203
0.16224775730184882
0.6956780459741515
0.48277188894201306
0.32807251523960024
0.8281769031566277
0.2246442213960842
0.41851965397668556
0.4600493652866319
0.08388793091125757
0.892930922074502
0.6443455593843331
0.8544826377433282
0.06748469040147853
0.7282181295925075
0.9384005488273987
0.611756829958008
0.2178933141631555
0.32496117226692134
0.8030658078164903
0.05576618991248106
0.9680931438596627
0.039138914537278024
0.8282389700564412
0.35956887374495217
0.44923965240573227
0.036506577858611444
0.447896938941553
0.8411116890764997
0.04430207244673068
0.6104455350678533
0.24390838751061483
0.33648673545474583
0.07563359906561784
0.08522786100437552
0.6835673861485578
0.3965599302741214
0.8936524622102009
0.45199861113564255
0.23847688881811901
0.34292132356177807
0.3992074321059036
0.56127426982459
0.9252559641968511
0.5889071125487529
0.288476246441114
0.38738683659231976
0.2955514011160747
0.7765815219937142
0.2874636939809063
0.6424614856318216
0.2108932422057358
0.6966471622710898
0.9275383035493837
0.31809305677273314
0.6846992150851572
0.1000079877808121
0.9640271209869771
0.588002201736935
0.5137997921572397
0.1851785968504921
0.9443697266872724
0.899727668158792
0.5653788079745147
0.8057190349557096
0.5019614420128863
0.16895422245098712
0.33856542555528024
0.90991816754478
0.3159495011002098
0.6131121521602619
0.9307353440844081
0.7290049831826549
0.391500490888961
0.2227144289464037
0.04686661227224642
0.10447778479415692
0.6386576299038756
0.8263353007408681
0.06928858547348304
0.18207273887532527
0.24058092457693625
0.530035979678261
0.3788568716005566
0.3202466440745544
0.29238297930430435
0.8531240002285446
0.9422191905429516
0.4827001248454714
0.06084595933811676
0.026336628457891975
0.8408856654939466
0.9735734063498768
0.2815006797228422
0.7097633438517368
0.8213809650549054
0.019310646310127244
0.999925301938354
0.9416408197447008
0.220367159435506
0.8963219789730271
0.05909184385990185
0.42398587314695024
0.8987029195902873
0.2090343933769494
0.22630110731585928
0.3217141697470407
0.7458746646517691
0.5059203613784375
0.9971665107562108
0.8181478343594345
0.8541997858060257
0.03112551414107889
0.2604455891732974
0.15031189547572033
0.8452083473511472
0.6765519094989769
0.592238969976277
0.3769239200674789
0.4895437517412716
0.43682975994269513
0.02257422686101973
0.3675288970378281
0.33829644351726795
0.8588344914476699
0.42543561058341983
0.6882550383032239
0.6253777202482899
0.6922168769280626
0.5204221535377056
0.4830250028418167
0.261915275128797
0.8425921426378433
0.07916580973214027
0.4438922769974891
0.06742684864281401
0.6461636301384235
0.2925130660143659
0.35873431357060015
0.419097530114916
0.37833533712575906
0.8186157324235659
0.9504288102687576
0.0342560561528511
0.8464058223918302
0.23153165866171466
0.3060778632778336
0.8576019378857422
0.1849718364877213
0.8884209871923547
0.47017650877640405
0.9617234249547335
0.09573547972802432
0.11901483721939565
0.35449147113393775
0.5664389862202618
0.5471494853227903
0.30094123053967214
0.8047870636094593
0.7304717163096589
0.1663200238926309
0.5954109435684123
0.5353579851475273
0.22069290993716384
0.1002367593830451
0.3306539825624477
0.39795115876461784
0.05621095439598445
0.6512098357787542
0.29137235362274816
0.4514048585138122
0.39839723842151087
0.2714575314713108
0.2486569129959998
0.0010859475391763462
0.0956662294312367
0.5451298202725189
0.4063033438689251
0.3021979246900711
0.41597216754911004
0.1861705126813491
0.34972819354028983
0.2842178679132765
0.8225906373720129
0.07808333358521113
0.9489591323028824
0.6611415528944045
0.1269864107993801
0.970169159910937
0.7174324359070293
0.1926186927154907
0.9347098182294994
0.04932072436581281
0.970816929769181
0.8803257070899349
0.07143110184257861
0.6993065519336806
0.9977685118955605
0.5103952051086216
0.28227610669218817
0.3703951619323257
0.19115860527888084
0.10249744004553607
0.46778545871356125
0.1484958121957599
0.5808195558900289
0.36194114134039923
0.584106461832622
0.1631839012103855
0.33283584746328165
0.6997076219747748
0.03670482194368896
0.07126949879048694
0.06186370334485913
0.6852233026268788
0.22260847867589673
0.39566097549541746
0.8751888850773523
0.3076699012217311
0.4322631868426343
0.012529076958582186
0.45468408000781624
0.04196559838171554
0.9703230009789778
0.46592220133641493
0.24432375001731932
0.25630718696170807
0.13484838678324096
0.0903949493952454
0.0689642450525505
0.22631118986143206
0.11430803712959381
0.9947825461146648
0.8754156278154406
0.8891215201382654
0.5718943232402046
0.6484951938267061
0.17935703140171588
0.640824439114474
0.3055947058576891
0.7506586921564417
0.6835046036980362
0.41385486359592694
0.26562087447620775
0.38147968860640935
0.06081619867410104
0.039005117744875584
0.2805868422528969
0.515318519497295
0.2546275382272858
0.05211446341796944
0.14453368561846291
0.8580418734905936
0.4162349861907596
0.007846748489108268
0.47373908748021687
0.9971961041621026
0.33473594932982675
0.38894104381217665
0.8885990690453012
0.1017793223794421
0.2907468206032322
0.2663378658301728
0.4261052569604561
0.03815615513448145
0.014473366487284256
0.9488881683240747
0.22325761359323615
0.424260170095924
0.6939636715602391
0.7642874064557945
0.46277316071745656
0.9923430443312593
0.3739004532878545
0.7581474894916319
0.5159482191786694
0.461037295932166
0.4233099012585009
0.06297971485381182
0.5176905068034513
0.25253490557451397
0.43626762255055673
0.3206422837161397
0.28175291350667697
0.39527241435266536
0.7098090400716197
0.7278404415377321
0.2339362190497868
0.5050480910250609
0.429127107977361
0.45073947464319486
0.8654817135317259
0.2306018532669486
0.9230760072943479
0.3324896601958174
0.4536725556945542
0.2018415598697113
0.530820236117985
0.004360007537298594
0.5357429807097769
0.8883204125456985
0.10459405250182008
0.07547100619076019
0.5001446653129266
0.7536978994308073
0.6811069569487127
0.5099320065763965
0.6874558900370145
0.9271504666254322
0.9293020344802452
0.3648554251531485
0.5803845800100671
0.3108161617312982
0.13425609610164657
0.23538830552818402
0.2445037272026116
0.678692849278013
0.490285570105211
0.2328260497444552
0.33375110952535403
0.15811062277263888
0.22771365359170181
0.5536770776638913
0.03201668661702872
0.22579023833744594
0.062020396691239155
0.9809794608579357
0.38996180763685384
0.3484747035871575
0.029512179729072607
0.16671836870182943
0.09297148609208616
0.6676173062420978
0.5557287520212275
0.6982444110346915
0.08799615572212038
0.6671849654860013
0.06560206469272611
0.07805557300504928
0.5731310265657803
0.679382422299555
0.024493373012230646
0.09586713493146914
0.9628043922335083
0.7552213505360569
0.21072772868426892
0.5891970793334241
0.15531662309161576
0.7055980738779272
0.3639691581043847
0.8734494410953222
0.14240232846756806
0.9061581571906568
0.04784125260164618
0.5376183544043187
0.35347733428918826
0.21410670043978908
0.35840646614844585
0.7896515856445574
0.4659922371411258
0.6798253703731862
0.6840167851403985
0.7564301919540924
0.6349882558333769
0.8147915376545447
0.06619723175377568
0.450166867621382
0.40264452856662847
0.3456636908079064
0.10180261195780815
0.12378979005370694
0.9318362954070007
0.1323959796631372
0.8649059083488915
0.2707898555842039
0.652861117597302
0.9685686197589324
0.16555408169169306
0.3956077974388085
0.02090829707145292
0.24722637970887607
0.09524631850942433
0.3946368560445719
0.7257057232220436
0.15628851556684065
0.8724063662293002
0.8660661334589675
0.9420564224376646
0.36909500677070983
0.42505991700143575
0.17101782376177366
0.17006744101086957
0.7997228301771795
0.14552184588872452
0.817475887715757
0.6873864761051623
0.7072509536415109
0.5118446391076512
0.07104448839146704
0.5491554680716347
0.16333494740907972
0.7678471170437801
0.14353812259373477
0.09361968054208258
