32 2 3
0
15
19
1
8
27
2
11
12
3
20
30
4
17
27
5
29
30
6
8
21
7
26
27
8
10
25
5
9
17
1
10
13
0
5
11
9
12
28
0
10
13
4
14
23
15
19
31
8
16
24
15
17
27
8
18
26
3
19
24
2
20
26
2
17
21
1
18
22
4
23
27
0
20
24
12
25
28
0
23
26
20
27
29
5
21
28
12
22
29
2
21
30
10
19
31
0.5737146971230642
0.4033828134762887
0.6315932854430466
0.09312400073463611
0.871799634627543
0.21554126924882522
0.16051683382474657
0.702222912692112
0.8748282802163162
0.9955744236200101
0.11525122206552041
0.24190655592185806
0.06246287075473089
0.3277814622647357
0.7642083562151539
0.8886480490124488
0.5047037196143563
0.23799816316862699
0.8171443740824333
0.20755056517649484
0.42656062293723573
0.9634201252310605
0.42442344486764716
0.8459806146399945
0.8653476746821075
0.30157529671958916
0.6123389457400736
0.34047140240710383
0.6723216488311426
0.24783369410623968
0.2683021849473075
0.8958797441097865
0.029147500684562955
0.11144117988867586
0.3652315249241834
0.10674569804379919
0.5348465109919383
0.45447942138214326
0.47008065957495193
0.16859543747170003
0.13924083031208545
0.468960223742247
0.203261382308919
0.9144047138011792
0.8330330073981467
0.7877776098437805
0.43386145247618757
0.9973094844273143
0.5265443567511937
0.5644812293097543
0.6291799572599407
0.8389102038098063
0.8117594483919054
0.8009566538849405
0.3371030828528072
0.1962855993832191
0.26660113002175856
0.5318739342147935
0.4413557676242731
0.2293079143979424
0.29925762986702376
0.013421147624863461
0.7329616433262642
0.24690413325613914
0.08761377528168979
0.32506743550378225
0.9019471314007613
0.7060105946604178
0.13182782062618426
0.5773238755406995
0.2392583426687932
0.7868536476459459
0.9144979193357735
0.8311146959982949
0.38744320491289264
0.6917482651552072
0.6888406390845677
0.9941157022755356
0.39107089343480317
0.3548762321739488
0.9724561930841286
0.49732442220782624
0.040836364608314746
0.29072884820984723
0.346749144744563
0.08417575074047057
0.8465640240984843
0.228665069532355
0.5869866601237572
0.09664997457690327
0.31397612065239455
0.02639759589597468
0.009639426068867363
0.36792881449207526
0.060118304169081704
0.06807116680710767
0.9669617607697226
0.8832543740770612
0.1594396041083722
0.35158691841702083
0.2778998428547901
0.8097470567168865
0.6486286586488929
0.3615850859867722
0.8146935747097303
0.8379143578769971
0.9343977894822094
0.10442854639984445
0.33676245048109565
0.09422537853643687
0.41597846167894104
0.5405251418349898
0.35771152170506004
0.30693597987419574
0.2766011344524414
0.5477461575584395
0.48696454119321786
0.1750753619233355
0.2830582054278351
0.11063943778406182
0.49648303258309323
0.6116686928737415
0.04404115078651605
0.3172235378478878
0.006354980302242241
0.7451704100774649
0.6724741908952265
0.7686581799041885
0.0773206726744281
0.6326755569772616
0.04225105258289519
0.5174727807217093
0.07076312767518134
0.7884393413135661
0.2546959958295081
0.7688865747612941
0.5996196599039139
0.427158239774878
0.49672262183410587
0.5785686000276826
0.05554552310643035
0.11456394946714299
0.5502342827473239
0.7814239062302152
0.6971497444170904
0.03854361111110027
0.5852216511750199
0.7173324893142942
0.5601355918298226
0.07638680646321538
0.18702845959245984
0.8776485036006081
0.4860153194993474
0.5215368491850056
0.43544741282386645
0.5360876324877893
0.7155217864623967
0.47441022908602026
0.007394857784193243
0.6036359223456329
0.9044841166394716
0.795818265139876
0.19521866814058553
0.1092832483425269
0.6677192062799495
0.2780664316201431
0.043872306269180816
0.2678764414568783
0.19812179031595856
0.8556635228488408
0.345671276563576
0.6982689417031682
0.9911136989202559
0.10888284752954835
0.1885400124137555
0.6807285992029425
0.7467818434410006
0.8706503583059532
0.07326531991121943
0.9806821351509624
0.5570879858139586
0.1185377465310623
0.7888012301338662
0.7605280320160032
0.1387538220715655
0.6767148666715889
0.5480463331944725
0.7596026437486161
0.5872868429689839
0.11405642760078327
0.5664771210035647
0.1912272354213025
0.3324314850647947
0.9722856604692534
0.4317204155343105
0.13462676610106972
0.7929613269033996
0.3181864260775621
0.8988184327160749
0.27967613249558976
0.24615940296174688
0.4379558803791256
0.1585606029084362
0.23522902324702866
0.5318620890714653
0.36634558196369493
0.9190646111417728
0.3230327872580595
0.5098934905808137
0.045369579185064124
0.9049229153818601
0.03208926057136652
0.9046583502853269
0.12381716637485429
0.09069731967308681
0.8038877622528109
0.7095868513638863
0.3347005170798233
0.940959729858594
0.9291520612349091
0.6568107287787804
0.7470932899559907
0.4434493416153108
0.022354102445806268
0.3857450542363974
0.2919838783161083
0.7921663296512838
0.7106284714655209
0.8367442413620361
0.051868699015277464
0.6643305463462778
0.9828273183670341
0.5296789854050253
0.5477090491297384
0.9070042908555425
0.18060399442435637
0.6683881011730229
0.6899481891195609
0.41794487676148373
0.8951892726617586
0.17120510704746816
0.1742079413928067
0.04637032189518875
0.13556793060626082
0.05367891467523678
0.21270163993131552
0.9045912318542075
0.11126501794926158
0.6078576047636702
0.39088197944061187
0.7096042498473284
0.46084932742813534
0.005525594986246829
0.9577650083883323
0.6327330411809512
0.05376951054132395
0.307113819257279
0.7603418315674579
0.1360353169803964
0.14146482515124414
0.971254175736008
0.13996735033987617
0.653095271521767
0.7490174177967398
0.5340670551767479
0.5063650774563423
0.27489354006846234
0.44807764215156043
0.15354319581656717
0.7836257797889763
0.6037385651065692
0.6964188057265748
0.8140200297429658
0.9857000543608572
0.7783445139463496
0.5408674211254901
0.322343731077507
0.6412187461058759
0.45974116237208706
0.8341915868801327
0.13337597729880935
0.1959797235859695
0.568164325973374
0.8156295313045876
0.8265417647427082
0.6197944756224134
0.4764008923955205
0.7293454052598287
0.24377809504315262
0.8927523155992995
0.6636177725436209
0.4736908467374583
0.4886256121124498
0.8404471726227645
0.35226894871767633
0.6733704329250578
0.49330307567669274
0.3563046832218978
0.56554196932116
0.0238228582747525
0.6356526930838685
0.3011838083656412
0.10283070824399299
0.7276294337673854
0.181990907292772
0.6011195951936369
0.1503954078599251
0.39965238028492844
0.10504686546487485
0.23591043768566844
0.9630734657968089
0.7848009744962583
0.7732954302700398
0.9917242528594918
0.9556568776651179
0.38104275071264315
0.07228510030487112
0.002865401671652612
0.35034605030916777
0.07621990710879523
0.6726486301245521
0.2569273086573617
0.36483047987624195
0.2652609872601748
0.5132330252997914
0.7900376933992334
0.7536319706265509
0.43176264783195917
0.21069471435179377
0.11863528868236517
0.06052876236582316
0.04811035978288469
0.68929911829444
0.86239900848466
0.7949181466929487
0.6668541087379937
0.24048170011602854
0.5892339560217047
0.8142229283321012
0.734933002841277
0.5441099993745154
0.6755917611154285
0.9769880981612459
0.4132982854657885
0.3176746363384606
0.5970337665773572
0.29383259053775845
0.7029827475789311
0.6484719932379813
0.005307350287694579
0.6433963122141528
0.6070795943640024
0.07433636270104882
0.8230315638965842
0.2950610383698058
0.5285216554247631
0.12686001965191884
0.3747791691018676
0.8928829059612657
0.5598885021188346
0.8696718559052364
0.7005419132134337
0.35564329189258037
0.6730786162378689
0.5988818165837079
0.018488398187483934
0.09080574345922099
0.5171343983110172
0.6931941530235566
0.3315851936613423
0.29248193076800244
0.0345614096412743
0.7041394549122625
0.3117194100372015
0.29352001718842546
0.5458906798626888
0.38342413898341554
0.7410149298083774
0.7100915704702021
0.28484988374335896
0.4779485336601357
0.5103155449626631
0.40584141159085907
0.9031643330097089
0.08861980453464746
0.368520019624323
0.8852792203041999
0.436406734254579
0.39121835043590003
0.29675777796116254
0.013000633719051136
0.523337339319375
0.39403068111729755
0.33823668269998086
0.7600462014225028
0.6968822420355619
0.3449607332557889
0.8333246269842951
0.13547833746016502
0.4492532992217456
0.543640370135758
0.11025526214122405
0.5246358524909158
0.24754597598198647
0.8206937525113577
0.9008398032626023
0.46832541101452907
0.8627356080965406
0.714171391029115
0.6019360051271929
0.10778833961999146
0.991819414331999
0.7321171554097079
0.4764959520100637
0.0023600144288897784
0.26399065481820705
0.0779934382876094
0.8277853252440326
0.35588232069214365
0.3180340272011961
0.8755967549322278
0.8806128398973609
0.6489203471491024
0.39011913546141486
0.8447103117297979
0.7047956556371575
0.7348709953790034
0.08706222620896553
0.9200403947156446
0.3431161597682215
0.23944515065268202
0.42818742390811415
0.5741480410131609
0.8326315145903742
0.4055601208020603
0.5435050234271424
0.8446289790087828
0.9158345490258595
0.7138516546136413
0.8194046451895014
0.9703495446197407
0.12880724128515342
0.29031586763871486
0.3918419407409748
0.228680033686102
0.24966369503384978
0.8559738673684972
0.9379739255913511
0.3317866110003086
0.2419858929463251
0.7135370342093265
0.921644798810391
0.9509055049426209
0.7570542707246726
0.4262914369865275
0.3757021119708991
0.9814134246338783
0.9719631491884293
0.9227756072236396
0.2295525032461545
0.7222972240160404
0.6128352845840187
0.5480191116326006
0.23890579285205638
0.28714895739174107
0.14831173771673156
0.8790192579116248
0.5152162997536616
0.5769417385912102
0.018548497554258803
0.6584251351716145
0.44912948561860155
0.5110402028048343
0.505218590580721
0.45664498338927706
0.6917093122308371
0.8540492413963782
0.6294021317080123
0.16591594510338725
0.23460201243705747
0.8847510899222912
0.7802365089176485
0.9286415752669314
0.33654809238392513
0.5784588785545942
0.29038356863558934
0.9366697083905389
0.16423841032889452
0.6149165876156447
0.8437599731633175
0.5276412889139717
0.3964723475730656
0.014503498599253706
0.4154998824066254
0.8901817875960684
0.7184397786943075
0.9969650482866619
0.46851585370444093
0.1811104560935789
0.41897217186143776
0.4730424026600959
0.10460392517852435
0.7584505144966065
0.3254184648643612
0.3600723772708577
0.7251417462469562
0.4871402628942143
0.08563491976632065
0.3540801718351849
0.1269037465773093
0.7118279688796669
0.09412983269174469
0.1985858186842583
0.06959358532575488
0.8822464621462459
0.6513857270023284
0.3276380206005449
0.34091430486147956
0.3828587626992548
0.32450963173669534
0.8331143662142714
0.23624247491445038
0.5224085758199428
0.07942867939335052
0.14832571607805733
0.5484348444708144
0.9004894271909543
0.23182442244219836
0.7537824706891038
0.014709575735265545
0.9199471347828638
0.12422185539066521
0.5325807365139175
0.311216032210038
0.4438030708867403
0.16512547258592647
0.5795142305054849
0.24491186055523917
0.34080782368380014
0.010378624495228306
0.060006141095128585
0.2517318923077376
0.7619058342993358
0.412783941492317
0.7065904688053986
0.8173515273996845
0.17567363741024977
0.9247509525116046
0.32175361717746764
0.9584458810318838
0.3567060324259168
0.4892720163993163
0.6691187994357495
0.0026508440181532977
0.6415820064054388
0.6556567399977236
0.8469710765325772
0.5107497262544262
0.21824597877994223
0.971531254662948
0.22745551710717204
0.20851352313373783
0.32050911673082916
0.9768412720327401
0.32594505449647093
0.5972073374990875
0.6485837649259494
0.6193511805994623
0.3636442743549094
0.22405290493511298
0.21000168917962836
0.46020455955757056
0.5883448941964547
0.1437481059460396
0.4325575967814932
0.31453134892475587
0.1626481499719531
0.08951296254263441
0.2001734729330915
0.2187181377050369
0.8385145323487284
0.19048157242380315
0.08622337189010987
0.5480885491701174
0.6263506240241269
0.032067726623291604
0.6270284881210771
0.15080963004311798
0.5269141591663884
0.8021811384243418
0.5008596151985262
0.7246148835640129
0.8574918516010029
0.2780714703708487
0.10600869647455502
0.22352855976741892
0.9316683424682934
0.3603837142891452
0.7664534763187054
0.1268463539774941
0.8594523613084913
0.8783721162659766
0.2673304654311006
0.15416477109547777
0.5742814391388514
0.1761904887888025
0.9415010699468808
0.040424798192864264
0.6319597872465961
0.2974365404210009
0.021675119066690618
0.6182165264425729
0.332351730625449
0.9729048394935413
0.8117915781165272
0.34434719801989044
0.02391736991509097
0.03839005539862439
0.08052382476003217
0.8374254318614482
0.23505275658086489
0.3377872563758767
0.7432748444315463
0.5993516852292108
0.32198712453781
0.9407223983764273
0.3097996431311637
0.07086554492139263
0.8885069766945636
0.151455564743586
0.45523406438948044
0.8621504395149451
0.19307764945230854
0.023294698508295464
0.11856296232309083
0.16739494645901198
0.1696653007887674
0.9628926800869011
0.01558622868924564
0.9268296912089486
0.8811170689982336
0.3439772606654966
0.04931905171707818
0.8564209254066132
0.9425275739992353
0.5404175852954642
0.6232632987532857
0.51795554450639
0.4529720633488872
0.27032987814693143
0.7784063687686491
0.3168523471722301
0.08227766444161433
0.18735587490298478
0.06907834370948951
0.7362406889970063
0.616839413166748
0.41267489966957605
0.032182091282208614
0.38563482029452445
0.43254711282898284
0.3247598351031368
0.43803560594272783
0.7691213585366392
0.14100721695714657
0.3455968800901643
0.4233655435946253
0.8440098296136822
0.16436598099987243
0.9059139434501825
0.7303680670096788
0.3893892479119233
0.7556915584889509
0.3026209864134828
0.006461970067263345
0.32951788476098687
0.9231528925513788
0.9237359197888729
0.766054667341368
0.7443339467850743
0.20138966160204386
0.632791483276918
0.6446562260327383
0.23759084183518675
0.8010043106157715
0.8278724087864221
0.5801855212231614
0.5206044185394042
0.04202643552028251
0.004308210493475517
0.0444173017480769
0.9043173036311825
0.9672951652879007
0.4254707870125698
0.8313092580944748
0.13969272178448178
0.5099854384411443
0.9941558872258902
0.6643396398271515
0.42621082667968535
0.33933527581323597
0.14132731953965683
0.7119979151709767
0.10415807780477437
0.3180020940762286
0.2962528546946025
0.697945268174804
0.7389787378820878
0.7644532000630951
0.79878209893481
0.33996018073433976
0.6563694865040284
0.7317429901024742
0.831244701089174
0.15884817964256248
0.4161381148572709
0.4220706892553666
0.7555046221581068
0.05085229638870903
0.312745842838546
0.0062453129069584
0.9313662576965157
0.7358685618700348
0.8644863468355103
0.40527108000960166
0.5623337527806986
0.9327017041503157
0.2290615744493507
0.591034228010335
0.9745862115137557
0.13296537477766246
0.2492182626074313
0.10742579640621186
0.12011192573797502
0.6537328610445867
0.08291384915429767
0.21546247357138149
0.14350763094562202
0.6821270447375536
0.5406876425624073
0.4614011875946149
0.5604879761695954
0.6022091878902648
0.16368469720046552
0.4858236552685099
0.8477986426338485
0.11109089086228141
0.6302203447491475
0.7516642964987169
0.8939237412518201
0.11700552481503101
0.7970791323866748
0.7551836536197393
0.3458434243942492
0.8653406629049252
0.6167554143917953
0.7311089817400125
0.5837309332863347
0.985876944571873
0.8432521317098197
0.22490377461598887
0.0073712884862670025
0.7241130423154846
0.2316392632016866
0.3843134666099204
0.7104982536654264
0.07184246006939576
0.08497713810920549
0.10278152898873905
0.5808752150317407
0.4740338082215291
0.6052451141973556
0.899762245220494
0.09620149573497738
0.8636666076650499
0.532389434228694
0.3866435846909232
0.5948309857434122
0.8144415607430314
0.6236898464893235
0.3836917500536118
0.4723560545851926
0.4184067128399195
0.6749347924078294
0.6815320564236304
0.9274566454775044
0.697270657809918
0.7470582892636771
0.47415057524269755
0.5689685268816267
0.3835877503098626
0.015386352952276083
0.6725399571924952
0.993921396157167
0.503475454262031
0.4900399336987812
0.03911844908185236
0.24735257362144147
0.9770694756517664
0.6400728596359384
0.43709576714403686
0.5990927597062299
0.4637683009534628
0.5553416730509952
0.1669377456923672
0.4091356351158224
0.8097359224138201
0.4916851868608708
0.7403707121387743
0.7291370540689116
0.8197708996893398
0.6725271935543425
0.7803831178525905
0.04777666891982102
0.6289701494397834
0.03548855777589088
0.2201158904354127
0.6675160302490175
0.956955351424796
0.27602211345688665
0.5746749697930256
0.5895969420360339
0.7144592332541829
0.26428645067759815
0.9410421223993611
0.8011864398989593
0.9147944801014335
0.6382166761963595
0.840806240494916
0.5108116528919603
0.8291881834676866
0.017066123392239008
0.5962436589411825
0.5112512845089905
0.3021232251152517
0.9063869475306691
0.37372313813799707
0.5496931040247693
0.6234806099656387
0.5008080408856194
0.026831798287538233
0.8148651999118958
0.8926382999380024
0.4760865202856598
0.3735586680144388
0.06158174802403149
0.792611049162854
0.6089955042625718
0.33565098706863483
0.554127855852456
0.8888704734787434
0.7936640055592888
0.39594654687555386
0.05739368196272099
0.4165332339747567
0.4640779607274478
0.7752400514813671
0.22418854209148753
0.39720413955250855
0.09281402104975933
0.9097213178427753
0.27661006712467695
0.36443177482518696
0.7403304671009879
