32 2 3
0
9
30
1
12
13
2
7
19
3
12
21
4
13
24
5
30
31
1
6
28
2
7
11
8
25
28
9
14
31
1
6
10
8
11
30
12
17
20
11
13
25
14
20
29
2
15
20
16
27
28
1
13
17
10
11
18
1
19
21
3
20
27
16
17
21
1
22
30
22
23
28
4
14
24
8
25
27
19
26
29
2
5
27
15
28
29
5
9
29
3
30
31
2
5
31
0.49333867807628884
0.12823448686917593
0.4515331287604286
0.6148866265792557
0.7085991547245503
0.43155758096884456
0.9317966967836527
0.7710681356121062
0.7564169274624477
0.6218295161885703
0.21181958688969282
0.12329403727912835
0.052328258180006526
0.9383444652478057
0.6474407518111034
0.17107382384614223
0.6485947790668452
0.839624875339416
0.012262271439731465
0.7628908370635713
0.1870728494818703
0.8953858109084175
0.7108528023122584
0.35299584917687465
0.8133938389880035
0.05348309957732944
0.401438017497737
0.5486755617070277
0.9501554569764926
0.9221541817783054
0.4291469597436395
0.1768602523667857
0.7185422111011129
0.4163294574562083
0.3991112669557184
0.8936921125769115
0.18777859101558825
0.6776741257821037
0.8576404659072875
0.4684534113596326
0.1653617740634442
0.12493055023282995
0.953681740934357
0.7856880217751757
0.07513830056574144
0.7742350021675655
0.3181605455821286
0.7354655338710254
0.6473923005678879
0.8025147575871059
0.4306939231729612
0.9845997252776988
0.13079221214708325
0.7852105495507753
0.2936289067226827
0.013613945108687964
0.007308011431949812
0.23643068025792613
0.9709985373491341
0.006038991766407209
0.3974960399843167
0.7034934773430145
0.3772162970785641
0.1757601038627572
0.21943695401418162
0.06571640540616464
0.20669812520414
0.5388714800941338
0.7594063800351252
0.9798221722676838
0.7861550265214664
0.9481555934463175
0.9726294914067312
0.11769902850368252
0.5744103263769633
0.7906933223993926
0.9966895751694368
0.16137417333891835
0.44513389441053475
0.38557223516186545
0.19483205561817185
0.7692606503013534
0.3288788316250647
0.9548963849898408
0.6441676815058295
0.830201939261078
0.5719459581450539
0.9435872354477532
0.22446920673402082
0.0287341198534945
0.2154985726902957
0.27142986598544694
0.846086051397995
0.3688287350365501
0.21102380303286583
0.15305993244856653
0.6149671151625032
0.14688388163803534
0.6089574075940489
0.23254769250665175
0.5175499179782164
0.7645806759206468
0.13674051992567127
0.734260857203475
0.32625100318707656
0.5269616508595792
0.404055770505231
0.8698017742626987
0.09091312892131387
0.6594693270884159
0.7300339897258529
0.6613076903281467
0.9660289059084987
0.8252431711419691
0.9609703025874503
0.6937099471233343
0.707615054155492
0.9948355849434181
0.7725987936317913
0.8857697181507691
0.17577088049178302
0.49209787249773673
0.959644112332198
0.5770083911866025
0.34608695969863845
0.7252382787030069
0.7834492036192156
0.21064129089265693
0.29377484823613187
0.7204781111886872
0.3230208641165697
0.47693191289573955
0.6026301140962695
0.7735981366953564
0.1861963446113284
0.16466783051862965
0.9290803103822876
0.16612633605584903
0.2522436564799294
0.39932437976689505
0.8709578490593521
0.32338542850732344
0.5140716196042547
0.17281217684567607
0.9976873506879089
0.21709314680497216
0.8117773088829311
0.8593969992820212
0.374762667371643
0.8189490423539498
0.9176912189798958
0.6711095536057969
0.08129002672514107
0.12171661344987572
0.24046314450405282
0.672665410521583
0.4587408391704717
0.5086413181989846
0.6011260521409377
0.4336803025378264
0.15036730838665036
0.9895356978957554
0.8123642146340655
0.1323030625439544
0.2646353141222739
0.3274567350140418
0.965279311020172
0.732979021349278
0.950390437795778
0.8276925576636117
0.4457407064839579
0.2545112092498275
0.9927134703754648
0.9274925787537052
0.9868608407757304
0.33620520417438937
0.3589236666521255
0.3940759334408266
0.7816966780927659
0.11494919677392612
0.6878733035226314
0.6637249004203389
0.4934474998446359
0.380284962718778
0.9218515522636351
0.43163447688560064
0.5772327259769446
0.6154934596368954
0.8720073056782663
0.5468188626720034
0.8492144431164564
0.30182770690878447
0.9140563655781687
0.7348853932421346
0.8387548952770918
0.7660756666248033
0.9282214532983296
0.8127831795481236
0.04811108011520571
0.4780435414614699
0.6097636173880532
0.14176337300583108
0.7309385060079441
0.041904055030234866
0.7483086404046221
0.3200281512526416
0.9758075028445573
0.3196866484557207
0.4064138785788798
0.058310528717167465
0.6215046895518685
0.09357458186566969
0.5110446377087834
0.26002671753202267
0.4154889592859603
0.8822442258327965
0.36568563765418094
0.3652376660797201
0.1424538493366314
0.6373992075816118
0.07417428941862547
0.8897305589915625
0.6924628369178057
0.5195707724740105
0.4804152403348517
0.7081228191857785
0.42497417038935925
0.5351327406183487
0.009739602028268846
0.8303944194145503
0.8375779252080886
0.4137148179692818
0.9694261455158626
0.23903297300001003
0.09638064787787493
0.03209364296929651
0.6484773021436607
0.905277266446239
0.24712516459891665
0.9000801402577552
0.7612379163876927
0.2877613536032334
0.2265689333737757
0.6625117079700897
0.10751380292011259
0.24459327428076694
0.6709810301164035
0.6448568896997436
0.2437179148733305
0.5514065331600682
0.8367812242010051
0.16828572899834315
0.48715275883664866
0.7092630758285486
0.2150034306169868
0.8723533053000692
0.24167513700822785
0.5441300253804511
0.8086733283393146
0.7317031625736025
0.6295970272233983
0.1453332801841687
0.3819615272671629
0.9367331080007477
0.627283226540866
0.856991296852537
0.287178243954464
0.2706990545865712
0.8265741001791445
0.7109816639645203
0.5670003853266283
0.6713785532855253
0.3230247988950836
0.4478325192523067
0.6168633507652147
0.1597354871153729
0.7251532185614085
0.28956993936760944
0.8207729358380235
0.4789675551938548
0.5773227507967598
0.3846125887449362
0.05733623016686684
0.4165041126816831
0.35361355140988937
0.6278578789293973
0.9311592422126016
0.8220649141322441
0.9104119182306606
0.8248107630580053
0.7738980719236895
0.13272353175103613
0.2515169437543099
0.28191592236559526
0.9413955349594597
0.7500457314161071
0.39777161070482536
0.7848888684675014
0.11273424628512607
0.12394910113631097
0.7692172863374386
0.6375743938349948
0.611758607531189
0.7413259034478545
0.8871435344587086
0.5818210879430296
0.5157422190497821
0.8932513370550615
0.9741638713730374
0.11572842526798277
0.889193252674909
0.610695206050867
0.7607450200270713
0.9371913539720305
0.6377024570110709
0.7255399637296192
0.7609212705052645
0.36667302618106024
0.3460297556881715
0.3297017688426995
0.6668443254874707
0.33007403488331155
0.6336025637875987
0.5453800413299572
0.3637959352706358
0.7174439588338555
0.40354281772354106
0.23099758092958478
0.733840458143345
0.7590622716895509
0.2203662107916332
0.4947996024511131
0.5357800996433378
0.9704543883729958
0.9978472616002807
0.17790587624939025
0.12029374101656831
0.44419577206668415
0.9207960905142131
0.2866555627556653
0.8329465722174014
0.5337438541488403
0.37483307117899844
0.3618273647814557
0.37449011133078614
0.7959287139791836
0.6751868547233123
0.30156598246921573
0.7412905247820167
0.5778142814359076
0.7611581587821055
0.5509811330269344
0.5332765765723363
0.2654778362575
0.8895328537724678
0.31653894844592423
0.3465565606452825
0.6069102536011239
0.5222880132479137
0.5231715110366116
0.49980299880376444
0.1778029840068911
0.5994593262918044
0.07748435037366097
0.6650437784657585
0.8227274051343321
0.8332477592558166
0.8629691794867995
0.16794777162161245
0.9281578885767879
0.4213227634289636
0.33352730650353846
0.6829064977608635
0.7178558969347989
0.5179150144598347
0.3570753752819723
0.7125097574562748
0.1390961694517051
0.14775583056861064
0.7933851187691352
0.49968862015611737
0.9973602240452529
0.817822241406565
0.5027253596025749
0.3452759875930008
0.002405518061834089
0.7258899683411122
0.9602218370252673
0.45561059515103697
0.05368406030350237
0.5528361543317376
0.8660234744500546
0.6027981581205699
0.582193632161108
0.6733521148537713
0.2827347904631716
0.9846707504075751
0.7244081145207153
0.8796907765781926
0.10980492724229496
0.5724191421596452
0.3236709661396624
0.7960199156746107
0.9590007201263643
0.9016748656537534
0.8110417628717873
0.6010928431088297
0.23660501775557252
0.7089369567368109
0.927986138143072
0.8522035313224475
0.28238963254534455
0.8739791755677253
0.5464893456021886
0.7664872478118365
0.2583322455439253
0.21297905484745416
0.6834384222786349
0.9732196084652884
0.17828250438044246
0.4033363678862205
0.49463277713918685
0.9192937686507971
0.13819583113058176
0.1474202160487278
0.9905378794098094
0.6017454714613142
0.7045619872041609
0.7050147572804857
0.5253096892604538
0.8200201274363559
0.8754422873809694
0.49820378386155395
0.30342826610013307
0.06207393244676951
0.6546876188235731
0.4307087711442681
0.23366658042096589
0.12004519328190355
0.5516223965264777
0.41453617634594053
0.9105497863448874
0.7760718573195594
0.466133156148848
0.047099283554677074
0.23538596970389425
0.39356287689503877
0.9933864696642417
0.7902343676836681
0.5010350824607309
0.31991900787490135
0.9840899968932586
0.24677812208377536
0.2286007342090386
0.09017766316822073
0.3361148842103182
0.14501932496338088
0.2645727591794984
0.10028026661920786
0.3752326585708694
0.4223110408859221
0.6051644638275055
0.2342801573715393
0.3672464723301222
0.9538310738979665
0.7739658208546587
0.192129498698137
0.11149842983704927
0.7095400200008929
0.9055967594051194
0.7644999705088986
0.2326135211611723
0.1619127094614642
0.562072046291413
0.4827533310911486
0.7545834749018507
0.724482665817233
0.30026320287009634
0.9157483098931204
0.4381280119171391
0.8029644100518452
0.6862233928393047
0.8549991084108122
0.5568589558442734
0.08454203668979587
0.31658047942654
0.5825975999807719
0.9357685174629736
0.3334385303363495
0.35217084137913235
0.6938653213157726
0.27978391962933125
0.36087169583806056
0.36543041654470876
0.20845245503611298
0.15518391647301544
0.917916625663255
0.5458633947412156
0.3183147713246286
0.6935135460037801
0.2982422306483774
0.6663941584059985
0.9336452263760624
0.33553766937197826
0.5374526161249619
0.418994190988079
0.1409997524833344
0.6130750472901653
0.4637793710066943
0.38339887294574027
0.30026261475693705
0.768750877513963
0.6834345545422718
0.9337604891790751
0.8110649630959418
0.7583123394372308
0.9325147165339333
0.1974454116499621
0.2642374776567067
0.46251540475371267
0.47915978519160474
0.5947468462535375
0.9159468670771372
0.6097573388702349
0.16931071450214263
0.7803560574188088
0.09809180917121008
0.02290251515610786
0.09874780433920516
0.9445377773705758
0.2884406209600554
0.3145546362779761
0.9145302495908072
0.6879589575687302
0.22353517002721868
0.3596250452971984
0.3235859122686573
0.054209697437976545
0.12242245210851033
0.5291036494903546
0.7895669090081034
0.2890664280172053
0.22168546309059978
0.2152508232922863
0.6853710311980155
0.14287866779046687
0.8275167082064256
0.10663621425998138
0.457838209381203
0.296658671865608
0.9231009212872878
0.10005382900574955
0.7751467365998982
0.13993860067036845
0.1638323936687479
0.5909286014660111
0.7433366210855453
0.80577163193186
0.9068805409946051
0.2029871580642041
0.10328549321465674
0.6911967006049515
0.725272510547473
0.15517309317209316
0.7612543979793306
0.6113844445509251
0.8902676097792163
0.3940802005691627
0.9078962834903845
0.5335068984595084
0.010535836021590472
0.4073416692160706
0.3245092031458625
0.016168431212960965
0.056620034100339556
0.32315517450008857
0.7361014163590832
0.28449929933330154
0.8901136998369971
0.06717814956443924
0.6805232277382234
0.4073537939714055
0.7376078185118452
0.7507118657408157
0.5876545077316155
0.44078177602250823
0.6188182433565845
0.9585438431829836
0.06072959284119306
0.826790105516802
0.5175355424647023
0.04134130380223089
0.2440303194346949
0.15201317113374002
0.3958901278802578
0.41760406074168743
0.9171374566201714
0.5806036980512752
0.43838734720679495
0.9127883926160063
0.460777015527166
0.010249564326891836
0.008402872212664336
0.6158019010448302
0.5790300671242529
0.19394321015006866
0.31272077681898647
0.2162318619383341
0.12541978567814138
0.7603256147806605
0.25140206965019696
0.8256042626316376
0.5560241912270166
0.2049329782250947
0.690077053488442
0.9675793035018888
0.5134034924783626
0.8257930439035058
0.6823433900613765
0.24416995587569923
0.7290226023307286
0.34516113026644013
0.5859316856105073
0.2597701146072172
0.12573692642749779
0.6156582473179721
0.11308802109705385
0.4188923012898962
0.4016601783611804
0.5059159648215009
0.8703783136878173
0.9744702196522147
0.8819101724442874
0.29525847113104453
0.6004994049411756
0.32056068522864156
0.4162698404810071
0.821971784695047
0.6468752822362269
0.39547679239863576
0.07221439948693587
0.9529492806344544
0.32948549079647316
0.8872186364823723
0.8799136274601319
0.4106292006435649
0.22825072370093846
0.5516405018575717
0.5617241393994117
0.6071729881373595
0.14591388020229223
0.09508288996232706
0.576953898635443
0.846988285050837
0.03899940752304276
0.4746591969317312
0.9550236299539082
0.4357128893208304
0.5627278438480994
0.50271236586376
0.5248226955869473
0.47210085691023973
0.6108746130932953
0.204362110136452
0.26154212502786234
0.30756739141852585
0.25900001126433503
0.12930777323180098
0.3893182991442591
0.7166631621954865
0.41523644902155554
0.619864343006207
0.2510846693233849
0.29661661487348745
0.41034674249987235
0.9321581204389044
0.6696161028598282
0.8246037204615128
0.9391238365629003
0.31581038670117056
0.6468527930529783
0.37751950717294946
0.9746582107266929
0.7808789352753733
0.6433374485273119
0.5482906137730318
0.5378562919221141
0.003786062992628181
0.6028446651364509
0.2816639115886439
0.15750648993738436
0.9423229846663417
0.5347769492021068
0.413613722288673
0.775849749825777
0.41639731343064534
0.02875644840196878
0.4651629061724445
0.1524770348374732
0.7729424463174566
0.708386087208776
0.5151866395056701
0.656045356586781
0.41256861413807167
0.6120936949925764
0.6370184866007303
0.963329030323361
0.15182848062406218
0.9704789900773901
0.00931279511155636
0.13451805928196237
0.4744501779745731
0.3623053636099186
0.4421793308431444
0.8689833789463888
0.8619465825532872
0.4213202208980299
0.8232096960544025
0.8944993531083533
0.4665747955198366
0.7981453906485731
0.5520408147372918
0.41477756962323165
0.9191425991998229
0.33819221456920656
0.2222035097471733
0.6910939063062969
0.22510339799527945
0.22771846037926935
0.41212021795861586
0.1365012587518013
0.14246251703799717
0.21258667262316022
0.07562427013461914
0.3797675214310243
0.41365477313018484
0.41757990657905386
0.26261531328446786
0.22063919004621502
0.6297286172002707
0.6304295124860587
0.005765221789631458
0.703384739486868
0.3337148233369531
0.6418789489760294
0.623913364159676
0.2704585870870936
0.6909720043061245
0.7051061765864267
0.3057646638171254
0.6381610251630458
0.07290118417195168
0.4963919910060136
0.40494553281733114
0.361840293247502
0.046344887847887706
0.36239360490601846
0.6099081696230249
0.5757950382034633
0.5903222369808421
0.6291641464600425
0.026240114314214802
0.22111111042418408
0.8409173438196264
0.6566119466086419
0.06511705276248225
0.8101798251199012
0.3923023256709388
0.7343994751386138
0.6569152225210338
0.2883662620667975
0.46059454553957224
0.8103940672599927
0.07512782135424767
0.49206261553604036
0.17896512943487253
0.4227045609750084
0.005233950263676679
0.22511606539177054
0.621641175388423
0.11817405756389121
0.2808844870009468
0.3811076708512743
0.004749252987520491
0.8214647207957902
0.11597798132387449
0.7529995723768177
0.6023125327165955
0.8626088934271129
0.3825002271709935
0.7947850164188565
0.777717681743256
0.5441278298924759
0.12719866628391008
0.025840877285505437
0.3463960034888186
0.3925217168932259
0.3982183726181181
0.7057657690766097
0.2436043933916905
0.549781734267842
0.2681824198943241
0.2421182911616092
0.23462711346763565
0.8069725039477091
0.9248943431732402
0.28258502777422145
0.5028941942592545
0.10360586327236676
0.7267792124361525
0.49009832008423715
0.24940804897821012
0.5862506888105387
0.5322610429820491
0.06180138632632293
0.8010320483670593
0.39799752533915844
0.4444235829711809
0.9094054111762528
0.6361731426583597
0.7117136126033357
0.25173614680552325
0.9102818390987503
0.8308081338884385
0.48341999009231407
0.7829670343096549
0.440616997929701
0.028424356281818053
0.6021567270935162
0.13311552442537855
0.16697603600031174
0.5456373333553731
0.7324325472127607
0.795098617237967
0.5486249244825784
0.6710627863333801
0.6614121044259027
0.2655123064654856
0.36873699936196136
0.21460528564717996
0.2772000373576462
0.06489886776305331
0.8401257828345532
0.20749664927140465
0.8087991404350955
0.23912364241407658
0.40152282471887946
0.4084082756409455
0.7982567261520778
0.7150612120592591
0.07495987640873847
0.12069028852894881
0.5318588652574834
0.0835410505857751
0.4092769511455704
0.7605556958256157
0.7872704329999629
0.8269299486670307
0.3629907230613606
0.011266519293097521
0.34642982060804783
0.4234613803627336
0.9808969284585981
0.9971482377719073
