32 2 3
0
15
25
1
7
31
2
5
28
3
12
26
1
4
10
0
5
14
2
6
17
4
7
8
8
16
27
9
16
24
2
5
10
11
12
13
2
12
13
13
22
23
4
14
24
8
15
31
0
16
28
9
17
26
4
18
28
12
15
19
2
11
20
14
21
26
7
12
22
15
22
23
12
16
24
3
6
25
10
19
26
5
27
29
3
11
28
8
22
29
14
26
30
1
4
31
0.3356702911099384
0.10407260765124127
0.8157510067925161
0.4687410941223218
0.5341809564415873
0.2186654542270805
0.37997671970819413
0.6800170816558342
0.9052184813064489
0.627658166433445
0.8392339371607429
0.29810735253932497
0.8367315085793672
0.6022563951746839
0.2723902009049476
0.16833034841687744
0.19086929188699886
0.6112740220513856
0.4515261670333237
0.5944087793019985
0.7762308181219856
0.8151718611191473
0.914719241039301
0.7813044457289536
0.9634781947632999
0.6519690844965369
0.5196263078237112
0.26195361093476377
0.2543630865730805
0.754346804729068
0.6832711737968432
0.6584231099855492
0.7366497450872133
0.8690693245128891
0.9754311889729196
0.1343753799230255
0.6019777750820475
0.3872546880249802
0.7641756197552964
0.9232427749539107
0.512874853471361
0.21890199599939164
0.6003177531178916
0.7628242924566979
0.38540174317057874
0.4416437270514876
0.8701577255577788
0.9586598340597695
0.1093571663197378
0.15753002535037897
0.94793600014987
0.3417267327896958
0.8419026023679179
0.3278849469256877
0.4225435242254556
0.3886959629167447
0.2639599925166084
0.24602684693096954
0.38436060455866305
0.060691493133763874
0.34983874431578565
0.747264506187803
0.07689030502792527
0.24841749899222476
0.5788823158399018
0.9739691806481274
0.18434152389411573
0.8102741356270886
0.45810434011150825
0.9685087128983273
0.9312728955010077
0.498286577261394
0.4093717625385901
0.9899868883874107
0.03870419697040706
0.4829322761301068
0.867313137599801
0.544406577017119
0.3524981940305212
0.7614261037729882
0.0028283143826784984
0.9846845557971355
0.9667161715394379
0.35959217749961625
0.7586192365794994
0.799608057540227
0.4593317421546337
0.34911582260439467
0.1973060889243724
0.9872593716173609
0.8784617520571619
0.8727877769554921
0.47994819825798285
0.9253906134592444
0.9666205183950566
0.3018819459061147
0.46678606228310415
0.589643409136258
0.24033512144114733
0.46445576699197455
0.9479823693783902
0.27574132375940275
0.027741667205824494
0.15719215733291192
0.6051818117223612
0.46310104171828914
0.06810188078151436
0.8441544829474442
0.8631134282921312
0.6399967635258975
0.6459131016343344
0.6725373942370241
0.1548128134186587
0.721423133116386
0.47129227696223075
0.8437568390879624
0.6212528125210365
0.43545466697399904
0.1717317197852133
0.7336419119589146
0.5312230387747298
0.35133510301298343
0.8366765035039312
0.763200407966425
0.7398208804501452
0.2086739339448549
0.06770795775024263
0.19312918387197242
0.3765335912303187
0.7492279534554969
0.32326156307401765
0.4824561907633538
0.6763744512117144
0.2274019371320054
0.040625137663095945
0.12169124187616975
0.7327441864905563
0.636761329705302
0.42041183209924504
0.7325541268427261
0.06595914419670468
0.28458714592023915
0.5750698333563093
0.6255925134307203
0.6167276811783102
0.3090993665973797
0.783146221976658
0.6378213231784422
0.6088620882606616
0.39600715485371796
0.48257420298466225
0.45434387171723023
0.24431102605125377
0.6761486521015417
0.6503011787275557
0.2918514706796784
0.6449603957551653
0.313814555822056
0.5030882678570434
0.9882171992229385
0.7802780961956196
0.464630900373999
0.038658016127114614
0.3928023237566778
0.030374678300278846
0.3824847808561066
0.565831106908514
0.534936876661059
0.5612243190763495
0.1409470954852955
0.512878276718829
0.9965291619173342
0.911982155438909
0.38915136192759037
0.815984631516972
0.23799326401584475
0.5643011792366246
0.5998816693113481
0.7093283822775693
0.13245906080774505
0.012789693760919763
0.0413950427141222
0.5442249682055611
0.02466729928553224
0.8233847830395893
0.7456497951147173
0.1892034032590737
0.8006222275686458
0.3271826438726657
0.9410001538600283
0.022284796262240114
0.12181922075116491
0.15104308268350897
0.7709293127127915
0.9438207193096564
0.35250628651966653
0.14564546980052484
0.33756457448165
0.014098298232936068
0.21926028920494212
0.03914412695247793
0.499143053731833
0.32364735709332104
0.8410125736167933
0.33808068110146006
0.9421429310799294
0.5338242789417937
0.7393407445900299
0.13938416784716057
0.29311521960587417
0.6064182531534108
0.8147086318301928
0.773400425705507
0.7734467216734956
0.4311713889043144
0.49257526541233343
0.08100183393447424
0.993700149139364
0.878663164648982
0.04035898191012888
0.06172771204192973
0.1983642298675219
0.6117330452715425
0.09163236468918512
0.138501401236229
0.05798450452779824
0.2670737391874145
0.7285243469629705
0.41228365908375764
0.26620069262371815
0.4795897027993329
0.9802978954073833
0.7206891874750492
0.9336485092116616
0.06034141546713512
0.3852994291490769
0.9058284550844313
0.4216783903069563
0.3159427251705581
0.3019298261663359
0.9973017348670149
0.5508144597732165
0.23214768443004175
0.6822801456052894
0.3000830862037982
0.7448759602389511
0.6676893692609628
0.8571952248482636
0.4830588255933912
0.12286990975578316
0.20417737837731031
0.29861693780029175
0.5571823487700058
0.5270865397788073
0.0293055017192293
0.3290427719960395
0.04142295332307411
0.49867827895353845
0.9825490094552335
0.9703054626292847
0.6882387879595077
0.19392920093377664
0.8337797425297508
0.9405992008339197
0.7401096254270686
0.5018659481098006
0.20918323014693563
0.16378947795416676
0.18096085614729462
0.24808876084496367
0.5526202585362041
0.7375639237880302
0.960488208021223
0.5357582126482291
0.6484019484428613
0.023370979915386947
0.6107282304499516
0.5048325258315521
0.2963702710604661
0.8704752482298074
0.45600358922856477
0.7850491225135763
0.30101418004499847
0.27917400446852925
0.5963610703131176
0.686689118385661
0.8721998478117146
0.5961327336843669
0.7284490329902032
0.5989825720150801
0.5643524928912625
0.9329686565382934
0.036894928461460474
0.5294911796377263
0.18970529680919312
0.7041615563481115
0.900174788653162
0.39490892175789893
0.6384244416087161
0.8686397522563574
0.5693152497418739
0.9357630304024462
0.3466683627924706
0.11103954927694815
0.23663386525551167
0.7510197123623721
0.6303586702143911
0.7618968368540491
0.9225994486281777
0.3392837218044732
0.11729650212283849
0.8096977021185674
0.14567646998597172
0.7222951469235318
0.06658460563241642
0.5503299082750808
0.0069041522977320025
0.08540200284501742
0.6079800168607924
0.9849828530354591
0.49964685928211383
0.1773954203426482
0.21562694620540168
0.16070628877431004
0.9243692501105584
0.9740966925792204
0.1892472830055031
0.9542221185660644
0.4784112510852976
0.8448220461130082
0.892210894375254
0.5988581561939719
0.7840435350099556
0.3088532464871675
0.5069998459270593
0.8982081787379315
0.8643366156660021
0.5881766765830522
0.5060303235535982
0.1823652367857288
0.6517715669714681
0.3739016109072588
0.32908548111584923
0.23530093736961677
0.4496192082653565
0.8792138227319498
0.7127618096228769
0.8638125483557697
0.5008892245545365
0.2403658603794877
0.5976252097034084
0.8990388621861495
0.900717597323469
0.890730511393817
0.9670726337021526
0.5170984180191044
0.6882730502361135
0.9315531965546283
0.9889236407353134
0.9750071135986247
0.31596882176576147
0.9892474088220251
0.2974508739930869
0.6607657816903895
0.35128026874995044
0.054860035653238715
0.9084276313596186
0.4158561279946228
0.7825242068236895
0.5650895452376704
0.7735689625308413
0.46255091596277653
0.36604790292440403
0.05486521880405437
0.5235213623755307
0.18746469141032407
0.20294951471563127
0.6151444543359036
0.90777522509174
0.18482427250407496
0.5353466145989817
0.6730140898111551
0.07988503303889594
0.44226844772065965
0.16043172077867496
0.6447187764223393
0.7803117847226171
0.38913025291741166
0.93334524203181
0.4781093500976531
0.845887058193842
0.46218548804836357
0.03850935394217114
0.3790525638683032
0.8742321583612147
0.9468256178370252
0.5973121853267804
0.16233901305920562
0.8174730563320626
0.43162215344214006
0.39858177331955946
0.992703834283798
0.47754228409913035
0.4208351071902042
0.6508934316929724
0.8491282592613759
0.9626408349798076
0.4451470013811919
0.8596128924678047
0.11383929247034352
0.7062080112005994
0.5323062776941719
0.9048270083650922
0.11392518878641733
0.5717599256301544
0.41309755283412974
0.5404639502154924
0.3480309725379036
0.2562594258962757
0.6352230896745867
0.12711885799012868
0.8461265170858939
0.6897067171016746
0.1175849705483305
0.06993779463743643
0.1255576791980283
0.23230666062562266
0.074543547953835
0.18077426264706387
0.10543694439153994
0.6712501547145154
0.36393558087028577
0.5117455190594659
0.4743011343783008
0.824133948350323
0.9256442814134332
0.6299900277672789
0.1553405569973274
0.8288159183274592
0.08433295085405601
0.7963646667557922
0.6425241868784402
0.25222222866970767
0.15460229608155718
0.8891057155181835
0.036224826961522405
0.3306970282376447
0.3378956302153626
0.6909693203924547
0.6890740577854547
0.7069732260554027
0.37269335049379204
0.3354268770834906
0.8732193222162307
0.07874262902295825
0.024885929233419368
0.324418839205587
0.5590783358649231
0.8824749005908328
0.936982359523217
0.8855390281349377
0.36529129255461423
0.03423405715459105
0.5110447980142764
0.21573447665515244
0.7171573905392901
0.32299915577896965
0.0011535471824783983
0.010563318145121126
0.8492938361561788
0.9769748472187346
0.04527736374968638
0.5908307135303356
0.7541886167815189
0.28906762772496464
0.6791560619370186
0.0335395346594799
0.07092919326359504
0.30838954497305426
0.1634339464407789
0.17738170536257336
0.9338204614663953
0.2467052464660937
0.1729915444422926
0.6550657018779478
0.7459387119024102
0.18009057506571757
0.20374335190367865
0.14001021085932386
0.4611770197292395
0.7773689419843721
0.9894227898973275
0.04015527366426985
0.4198724644273303
0.6479429721554173
0.25054446045293977
0.7598314282975889
0.3712777062774596
0.9391563011424345
0.8449896502061487
0.15243708873759954
0.326652051405099
0.5153592754530456
0.5345413376188821
0.990672578170105
0.3396508164526404
0.010538008421516087
0.1487145666130335
0.17114241168857058
0.48312349520796205
0.34016843022379084
0.5589992204196755
0.7031713776786966
0.42502075312948884
0.5850266447156329
0.2730884722027087
0.9489193675257518
0.5748855157121933
0.40813890537807174
0.8823530126409697
0.027961688443939314
0.27594295450334383
0.8712770683380036
0.37812927762341786
0.3887532797252736
0.684418770107625
0.6070530409642662
0.5930789326744803
0.7647003613060137
0.640513524293925
0.8215826872829503
0.25840968496637273
0.0896643423464033
0.5050022828954972
0.6981764390575688
0.9964123881968112
0.8414180880712521
0.5371329203569745
0.3048234278400733
0.3263427380769395
0.3355842609680364
0.19390191113712985
0.8734989946093212
0.795656177528534
0.7955163348126076
0.7478268745805395
0.44867497021981795
0.5370316557348787
0.6370819325661015
0.5435651784408365
0.28999970649257756
0.9532223006650331
0.3214119430350927
0.7437446663240151
0.3342801377515181
0.624790775995227
0.5876505915478275
0.4379734523522809
0.020482017468136715
0.8656407429913204
0.4864458421244374
0.7484907091285992
0.08951123338197853
0.14421633572785442
0.5695207740824922
0.7087684225213448
0.23189492663138866
0.8647195211963217
0.4872544395220856
0.07178228726378422
0.17992924100046248
0.6032220678539846
0.40783466204537167
0.018055357859557142
0.1826769904292871
0.20924816361102427
0.10691114465284235
0.24888001490147316
0.6563627833274617
0.9866368845801826
0.18079843310999477
0.32908382717529006
0.5297459748424129
0.9743221448858255
0.6086618263011431
0.768230701741934
0.6864060317297382
0.45883874708598105
0.09258404393805442
0.7041940399349004
0.3927439458183758
0.23443616275383683
0.019218841210669413
0.7458209432022446
0.9577916584304124
0.28273475284891303
0.6039329296964219
0.12304031415046623
0.17303119509438225
0.016075790136407364
0.48946644356670876
0.23275143777912266
0.998984530492354
0.3502191142698634
0.712928387680892
0.7095748479516732
0.794021988493799
0.9156946602969666
0.42667253448353304
0.13438316980657294
0.23695398067971596
0.8218498342789031
0.4450373215210902
0.8001554507834576
0.38413588799261944
0.855175571172078
0.10928162670470454
0.06365308079955134
0.20512825840845994
0.41785872976787497
0.8027525968747582
0.6444951672367982
0.6720472214690253
0.4600074018538094
0.16625621263912804
0.8253761855938027
0.8498606477495473
0.7611773758457
0.8906584865904958
0.829557430199554
0.83027729384025
0.34284701917890725
0.20132539362549684
0.4664110744670221
0.2871897336401621
0.0701885864456866
0.634479419980314
0.7002681852355588
0.2730970021577841
0.3064412279645715
0.9275933541612078
0.950877542523206
0.8016945857404866
0.5769814324911575
0.8873814503987985
0.3828783914671854
0.25454488452619595
0.4158740397522256
0.24134868657836195
0.3055151520586966
0.5307342727450868
0.9348847778685452
0.024757983119025218
0.8140468916866677
0.8329656077947717
0.25321303588812116
0.8263879383105093
0.36122498839852235
0.3243666011623406
0.9835498152750476
0.595498024179728
0.36501118758431095
0.4315398393413298
0.4966221260875211
0.07039409675338004
0.6360862923487877
0.7485355819232202
0.35285718161963786
0.1729276046903322
0.8843776531229022
0.6313472802273797
0.3202158818597062
0.2982904776230031
0.7438458946715498
0.25892909741863124
0.7392380685748353
0.6268873252662519
0.6608904258818512
0.7565371794187109
0.7088940447947006
0.07967926561107874
0.6275642219122515
0.2541152527720121
0.4433855445581275
0.44181625264762825
0.35669226408128274
0.6008771001019254
0.1498151052834512
0.9824692156705677
0.9553273250109257
0.6787718371947336
0.9643880339849541
0.6992344633952297
0.4828635271011652
0.6567172211288387
0.6436428877465168
0.6829392968816872
0.18243775770902415
0.005820189168948997
0.5316333407938276
0.7303858751751856
0.7652932277199948
0.6686051417439367
0.2689789544562252
0.5798797854883947
0.05482905679296135
0.8064529479086383
0.5584446417129367
0.9684290813443087
0.7449704654996201
0.551165819651986
0.2071712248261729
0.046517115634988504
0.39366486006249857
0.031630203310433536
0.9199251459635505
0.765323983957268
0.9789439697987038
0.5546848354207042
0.017098516874408
0.7015245933099357
0.8230389299527086
0.23975376686931793
0.7780898246689038
0.37002660120832365
0.1916236856722885
0.9691460191174375
0.8453718775897103
0.9352509687084725
0.6367382605465793
0.4281318879616717
0.0733568132547383
0.507742988705891
0.43834517678092677
0.5055560678859421
0.09131976935806563
0.7447838021350188
0.16939088958910686
0.23231629441731783
0.9788701253660644
0.8429796459593377
0.138570846289366
0.049732961121703556
0.9333445706621027
0.7340886781432702
0.03705222278817044
0.4408650974585312
0.39682554585552476
0.10326443879357639
0.22514067930814907
0.6736896673237297
0.4584495712995439
0.25793522698216953
0.05408843539430619
0.2311315601707078
0.7518764763349414
0.6301177846131054
0.16700921641148658
0.8351451498963014
0.7810753058942164
0.8420093644870648
0.31606194885067695
0.952940403910937
0.713095665983042
0.9576683227413423
0.0007661342470232091
0.3922829355906401
0.9930080315940072
0.6974791065943763
0.17082067844794668
0.8242364535805985
0.19454146892595414
0.24187964865327638
0.30444858189128177
0.1727841335239204
0.08212791153837262
0.8442323854983573
0.9441337947643839
0.2308041830675509
0.8649517789305238
0.12514099913057775
0.07246670386635357
0.5733179134828752
0.956801880710416
0.3240259060381515
0.1752825246270695
0.34401633343486626
0.12360967356775265
0.030420480035406094
0.5161822528394105
0.8407529975548391
0.024040305866516287
0.3449712964830616
0.31876247513640854
0.3290172755087597
0.1831942075546914
0.12825940052166884
0.39723998470660393
0.7478460121379067
0.07693132721677054
0.638569018469003
0.40988121303806857
0.45101299714252463
0.6184161402085326
0.5037026682139077
0.8935786217259021
0.6252381252895373
0.5665321216359124
0.6315691755835037
0.8832557092024098
0.11802743648004388
0.7404341931959675
0.7721871452636027
0.6028187442019458
0.5635637059097397
0.9767420036194829
0.06682352472589459
0.2558619857477411
0.2538873547985373
0.006016173815022063
0.6420078045926504
0.0916689653180911
0.5793063260500664
0.6965638099574226
0.318871005107792
0.22972085652702767
0.4350192197189564
0.8748951786870218
0.2532668250825092
0.3618927178179857
0.9263113447444096
0.35387887434368526
0.6822949190832452
0.4929097326765187
0.8529676815879819
0.09049832548024161
0.8228872541172225
0.4215832566028498
0.9950811054437899
0.457109210733441
0.06975546840470914
0.881842109825546
0.3445549407170543
0.08576968142389452
0.8362186961085489
0.7712314247599039
0.6531392959827522
0.31768875263451146
0.6210261670979241
0.6915818891895422
0.08077118641226932
0.0826817884193003
0.2817015424703233
0.4297765795300107
0.34389537077324805
0.31562955260815195
0.8158136881580089
0.8377073367123331
0.04358430726968621
0.14019080871325884
0.7469109858603725
0.7664453175353996
0.12519883935602838
0.6623313550525495
