32 2 3
0
8
25
1
17
19
2
28
30
3
11
24
4
17
25
5
28
29
3
5
6
7
24
26
8
9
20
9
11
19
0
5
10
4
11
22
8
12
13
13
25
31
14
18
30
9
15
28
0
1
16
14
15
17
5
18
19
1
5
19
2
10
20
21
27
29
8
19
22
19
23
28
2
4
24
1
22
25
3
15
26
7
27
29
15
28
30
25
26
29
1
27
30
6
22
31
0.04672760244002183
0.23979242970518932
0.30100176190302685
0.4870745504114905
0.8404968743988861
0.7742586131106132
0.8247453289940038
0.206154849613426
0.16068634216277966
0.699303971548228
0.8844920155264812
0.5363210686983899
0.5749455138035285
0.30884607806448827
0.6415939643008689
0.23223002131574777
0.041649535852151476
0.9168012063766099
0.7229408539453666
0.8044221131134931
0.8592388503438919
0.5706941934448991
0.15498398399541524
0.06117267059957887
0.3866555860553118
0.5321644418367754
0.48066047350243557
0.4454086423814987
0.7187375099551506
0.0026471517737755024
0.26459079756216175
0.29985869483887595
0.18837531010327768
0.15858088837202644
0.7439778317488286
0.36364652769768524
0.18641490791301552
0.6581373258509569
0.0602800422740839
0.30134672453289657
0.24347237148141332
0.10566353854171862
0.43989855635533825
0.6088850799199566
0.03673242935531407
0.4978161463292413
0.48567501339026486
0.19627474338676187
0.2015003080397587
0.06964317624943217
0.27759465383207726
0.8566517661097365
0.38118935712124224
0.8742541165943611
0.10651621535085087
0.7140075729926948
0.38684119101295134
0.21899673495581418
0.23049509334028817
0.9608938613201903
0.05638076304637296
0.13283248351441412
0.09530258798741964
0.27667636034909515
0.16021536728821018
0.9562774475108479
0.048739883087258185
0.3871604030124368
0.7730922756240688
0.5632883628927513
0.3621152529586129
0.8076961039383793
0.6091677632384658
0.22466309606501245
0.6508826113622947
0.5707019017195669
0.35100314053729853
0.4291336629863933
0.5932384349845901
0.1294919238629365
0.57867165451785
0.47571223365354864
0.2733784892249559
0.25403663297720336
0.9886057930214356
0.7278279951419143
0.9119052054444887
0.22906101420210256
0.5822261530575233
0.9480543586735134
0.32872649755798555
0.6396269998950129
0.922073860755379
0.7372864233421296
0.21082477596067384
0.7200518846730036
0.5619334203905172
0.27993836660579885
0.6654373247495606
0.5749605884848151
0.8530830105927834
0.1927322282656233
0.9177004207642184
0.6433677470595536
0.4774115069962027
0.9360259720365951
0.9478096944844001
0.5225011618579846
0.061604073765827105
0.13751941234836662
0.2472652306061518
0.49144948102827934
0.6732356706039128
0.8811542798904388
0.9540133303112229
0.73741787459007
0.7553878421695207
0.23419045977839148
0.23245931745422266
0.07947593531234731
0.21227946016183363
0.33194512683990995
0.7201787454696529
0.9524913836223183
0.7255462401278219
0.7317139060500404
0.3352461341715516
0.08004828264213426
0.5283601122241444
0.8621069584385512
0.11381407975027169
0.3625559941578401
0.6659428138043163
0.21630267666860192
0.385950218480671
0.9034638019366565
0.6605588251354964
0.9019047657443854
0.1267504548926388
0.3128174135018199
0.7908843485868489
0.904623231787069
0.1706319687083353
0.3011818968589789
0.5367055324214135
0.19517788671932113
0.6572708605899183
0.9243335010570826
0.8763995213454973
0.11512323355401222
0.1274189603121627
0.6030215066019428
0.5922020914822135
0.5694576105429623
0.03760168860984525
0.5196201006042113
0.8067978228737671
0.05087160412764358
0.950065278907598
0.6723139924622318
0.8156550126436354
0.37155211771403884
0.33854634368403713
0.8584792584640611
0.3767555275110409
0.7149578452365677
0.8664400779825456
0.2439694227980621
0.9239345096707846
0.7965351843950251
0.8548390309207545
0.46212763494115683
0.11531683157377992
0.17890114566104398
0.5372498658021647
0.4173134456308555
0.49683584872244635
0.9514289122202657
0.12056991915906401
0.6949328360795752
0.44537280848335403
0.3884070084614555
0.1038441072432934
0.2705830839612535
0.6451461721824667
0.43301705134315915
0.6368002308064011
0.7022177963840961
0.2223830363256618
0.546033287904885
0.36588892543892704
0.5760004965755029
0.5975645775718132
0.7360661177551617
0.6642806294001973
0.03565148045225486
0.33105538604441864
0.5874703709693095
0.06380055553434738
0.627524994750006
0.9150244403666548
0.8064603161012189
0.27361420526923874
0.677840528959371
0.4882383113001405
0.26535081290279294
0.11309439289411449
0.9598021808767575
0.6295386112840873
0.8649290841885089
0.3131678689378712
0.5391552613210829
0.9610154704316334
0.3462093540453357
0.16085982316126335
0.6168124984536989
0.06757317739430091
0.9632869119141031
0.7332652016061846
0.6791577659134947
0.418242282193502
0.9615373636596102
0.22792548572389126
0.7846776942327702
0.04381323685018479
0.9021490071586614
0.03381074084718105
0.9323432483312152
0.4892013673247727
0.22142587469863462
0.6513879216382126
0.4839896001288304
0.009955039832912016
0.5374765106898632
0.4676493043870801
0.29145770131050674
0.87398279871431
0.45342836895096406
0.9163893854374403
0.8958199892150808
0.5090409526046729
0.26015886846016767
0.5837802776569354
0.7590442656295581
0.4974282570915146
0.35455037298887704
0.08597704602584766
0.45102240542434435
0.7045944159688328
0.4526734712985734
0.5161202643375379
0.26770450606486396
0.6349586400943947
0.0018067144847182526
0.26358074946717625
0.26558673738856553
0.9751381182378296
0.28077123062669607
0.5427288844219554
0.05287294862424896
0.15703690959254446
0.6032231707201944
0.20117982570161108
0.6536912466159601
0.10499567566925105
0.7224808088512464
0.4132003390634126
0.13921476993135318
0.7390336858478445
0.13233405978154922
0.4236740127983514
0.5506257802106594
0.09975030929733442
0.5205939625329482
0.3292082581654653
0.6772945149773129
0.6462624732152987
0.19528260328653357
0.3095267009902848
0.7705451199911586
0.8616034051653179
0.9413796151596473
0.011572214654551716
0.7112152661608754
0.325895262217233
0.54690674223254
0.18371473625068768
0.5488063142228239
0.9479464706270389
0.9420182538671514
0.5152898883412168
0.46888568892592475
0.6296518454960293
0.8063968491378789
0.37581321245820487
0.22464178142611257
0.8303877863883286
0.17365854535806335
0.6708808519747852
0.02188247282839506
0.6978027978484855
0.5241687160913232
0.16560370096884536
0.19381319389671625
0.6789091319519255
0.6335130611021503
0.4492555464345195
0.6171174059015402
0.7610527694654461
0.14681831776046683
0.5723526188421516
0.59086710641641
0.43447314534926806
0.6599012981283529
0.014153000339083843
0.17223962023570183
0.7366090729689474
0.7057350873040128
0.2555322344862787
0.27444768029952815
0.36526352463444334
0.01023166674753595
0.5341365214198458
0.2518995741906277
0.6528655515235722
0.6068812870680611
0.9640981981779212
0.43058207305253293
0.8847475516250282
0.003913421153307284
0.007292706734052912
0.20296706226568895
0.2767532868442383
0.7688480613703416
0.7696403067896669
0.2690626152917588
0.18982829376071275
0.45258510777977434
0.07249194335694886
0.8355383138362108
0.948324348585834
0.6056870128207473
0.2343907347427734
0.18953592176785727
0.5686773899165688
0.31833491138343706
0.10469119155007667
0.22457644958059975
0.6765859289252847
0.37561667265964793
0.8044644795175468
0.9700068811092488
0.2248027204801598
0.22326343279921845
0.2789687816525839
0.11022962443286055
0.606128871749597
0.5706062254702113
0.6332558092947548
0.9620090983316646
0.1843576424089709
0.9521585725778304
0.4412938632243041
0.7069049746022589
0.3655313861899896
0.45412015845904763
0.573345749546226
0.2527710546647801
0.8847033076106895
0.5967205787866136
0.461793452146547
0.45593394726177017
0.6753888499596865
0.14121853524399475
0.5609216070531055
0.6742409844142044
0.33196956144367495
0.7504924610964058
0.4699910384408519
0.369313585103929
0.37208488905440196
0.2607503457717205
0.278855894732396
0.931248960701292
0.7733861663609638
0.6217926058872368
0.3339918819793737
0.8380613049756567
0.3696372604053726
0.21191262107948028
0.6911598545334743
0.18761091690836107
0.46785617695280135
0.8943213700489406
0.22554346638236467
0.4640380375004287
0.6022624165721797
0.9456362689099467
0.05206379070900935
0.5199131911749649
0.29704970407137177
0.0445257846643381
0.27057157624883976
0.8319717609528567
0.9708043625114766
0.4950702624237824
0.3574316443731864
0.20368113180272962
0.2216530712084519
0.35461797085075397
0.39485778879377276
0.522598670849941
0.38001246864742344
0.1384911405943814
0.2916424114937922
0.5370911389420477
0.45364500076144776
0.8106774176114605
0.9268383893927171
0.12853407023627406
0.3041712199381833
0.3730131690949874
0.06797300312334043
0.8538431187875435
0.8168265762611759
0.6990146523658183
0.7617698686267974
0.5099284725173003
0.9215608182833038
0.5540206053580418
0.666536458310744
0.6557804280594961
0.025885966949062866
0.9459983507609242
0.4407227280142858
0.8628630287890531
0.045959959208857204
0.441899406996792
0.5987841990659631
0.9887393881118957
0.7755793238930553
0.5606113122788946
0.7613134559055666
0.9059255789185549
0.3233430148672878
0.9731907438206987
0.1659162012383345
0.39935994344987646
0.6106234208551343
0.680798538864956
0.5185283375542077
0.2614933072381035
0.1134924699480857
0.1807862114421952
0.29433483723578135
0.7662475931039135
0.3936965115758121
0.22025633808055778
0.8463065365244289
0.7888699108125043
0.1770209732717105
0.8814210139683442
0.03000217470905997
0.9100431771592294
0.3885036218938427
0.47633470939649214
0.9006430069114658
0.023588063497395506
0.10644954550136032
0.2628885506780454
0.18830341110394044
0.814649334988651
0.6416144641127662
0.9196562621703068
0.4407635303385292
0.6065623305031702
0.8771551593955975
0.9326172626041414
0.733867623606211
0.6241899912904884
0.922880991077933
0.1074443812341388
0.6259178099244153
0.7246108736740542
0.5967413394029124
0.38560554896659605
0.4963194051327764
0.23804800968516138
0.5125391332444074
0.28920474715170486
0.4824523141261521
0.73504540435626
0.757249528021193
0.1427006813280759
0.41646625326638453
0.3247006889622285
0.9523996466825969
0.04876944682905282
0.9533085436825139
0.1624039854909306
0.9747613208042862
0.8214436683674079
0.47184016432786513
0.09511350560832577
0.6538952011674075
0.3027875204285888
0.8442420859739042
0.740388265127764
0.014562815185736211
0.6459440232020055
0.8842990136234017
0.2897129157101399
0.21856760944209197
0.06357423099549464
0.700947169192379
0.5431057127602197
0.9901609363596747
0.2019084086304792
0.20964449569125132
0.5485583699171388
0.7616080398039526
0.9021125450844446
0.017406791823454837
0.10770620319605773
0.17168732199265524
0.3242653679553916
0.08959474400044187
0.13197877171582495
0.01379963082270641
0.4554183668348496
0.40433120617198515
0.7178162277457494
0.6995672189296261
0.40870413728632415
0.9700542017261389
0.7778697737631409
0.2919527639459304
0.9432143526594661
0.870656078869236
0.5680090214332091
0.25479144748281723
0.7636530957574281
0.9152711639486736
0.34686381889275275
0.08725778745443091
0.7589139225608511
0.32531599379438303
0.9096545867871176
0.7772739634727555
0.1549558238011789
0.8236787382607998
0.13834072224435678
0.35182865115408835
0.9095335363712799
0.8973688475819579
0.8374605897270271
0.6499031307131503
0.28317317420634036
0.968791761465641
0.9883069369323522
0.17750898799412052
0.288223158569372
0.7583354464391998
0.9313574747598108
0.7970479513115467
0.17437422399602776
0.2798506068275345
0.5406989470540088
0.4124646227170041
0.8731635194260913
0.08774245729170693
0.27715220840442223
0.6916186173797381
0.03136492422679116
0.959118871285668
0.2668763161730968
0.633124165090202
0.09753659992918295
0.44050180819008955
0.6925684289926164
0.5594791596645093
0.16300292032319907
0.7316648311421956
0.9346557150613509
0.8201883891254683
0.16277072554356709
0.2162744808984446
0.31124187059628017
0.9354807286740275
0.27342157080017715
0.47517580901851875
0.6780589143567994
0.010304294960888694
0.4336900992412962
0.12598791252883845
0.8580022690770741
0.5669388591510988
0.4223229909990629
0.9712534690351815
0.26630679844028315
0.2161906370978438
0.0976243264960861
0.550635402156018
0.7751124143090937
0.6569927834162442
0.9512864536445799
0.03615591505029836
0.19290452402434688
0.5776353033625244
0.2306672337223169
0.5798237175145706
0.024822822961470092
0.2644796572811313
0.33765626088321343
0.6796968672498448
0.41743632272641307
0.1733395847142465
0.10584455688012007
0.916244514769392
0.5443350100496284
0.6564650280987475
0.21603720137794713
0.7611804064484216
0.959497969664491
0.876161200813191
0.3131565694288424
0.6684534494589982
0.9462088241882632
0.1797587306161802
0.3228584614031129
0.3943812110143724
0.7286046061804538
0.25615221879030436
0.9809229551207135
0.8073478296488955
0.12789818204024217
0.4409946048396546
0.43512499470466104
0.2903123879942382
0.9129795306040409
0.07759172563732764
0.9930198950836232
0.9132588081425865
0.47794827313048827
0.6064269900706538
0.3413544185190389
0.9550806807773791
0.10691899926716086
0.5002071505409909
0.7250859847201896
0.6898676926304008
0.6213950372895727
0.8291103151214381
0.8286703021939691
0.6406971749149152
0.2334391685827647
0.9094399463163477
0.6483726123143114
0.4894479009928029
0.5384826826469352
0.3561434416723849
0.3462663978110997
0.2421013591559389
0.5223858697605789
0.8737369184589893
0.44929856601439
0.7928202903957242
0.43864974762727715
0.23577443058521608
0.8005934445748657
0.42788999079409484
0.9995533204899545
0.925568583140035
0.1915743988536598
0.9188738521685298
0.36211848002164415
0.693761184087213
0.38930441339042865
0.32747297414715926
0.5747883955468738
0.5213378177803777
0.529015514736074
0.7578280656295072
0.4462993268467652
0.21352015449633388
0.24200710585707597
0.28816084395709396
0.13419751329914964
0.5961483885311394
0.31451093624802706
0.9702177351928085
0.49322993557577965
0.5162667211523514
0.20705279875726634
0.8361773102811122
0.6987233977510776
0.4501464137281873
0.6769551166716179
0.28522040905244894
0.5788365463840502
0.4129116567958223
0.9455923578204377
0.050689628645083085
0.5027969764553378
0.18486574328903627
0.44260038993966555
0.24922787004598945
0.1175499499029532
0.46556498199976115
0.43779496162655984
0.4294703512063819
0.02756151705709664
0.11771678057188895
0.21006177797462733
0.3358112392831487
0.8791045151885302
0.5793830595328835
0.29619391476969037
0.0065634929383231455
0.8562067612236649
0.5269612730418127
0.6759449317355288
0.8260102153754985
0.09061808977955454
0.9996046123590813
0.48143800889282473
0.43441245080710633
0.6453159264669757
0.9356152951947478
0.8397609377414595
0.007017918054426531
0.7696130497978357
0.38230284599784115
0.7294164166772972
0.1901751580858151
0.2909329888137957
0.06983928310357701
0.6135372030965291
0.41239074113201124
0.5388279744043882
0.29402740589053056
0.5653467591443588
0.5405560704022986
0.41757768862923994
0.4785691004685966
0.5313849222919044
0.58501271375062
0.5840475823309269
0.5311834788696483
0.21878775657272442
0.3590417505338739
0.8888889307749729
0.04940531075626309
0.9930204209866892
0.9781082130612417
0.009027988160024036
0.10923488218017119
0.289589423067378
0.8241397225429505
0.5172994289859386
0.48586581148931185
0.35936036624808876
0.6144788855751522
0.37713906345454906
0.5867290243782676
0.10822132983136257
0.5319170493633544
0.5088860100145641
0.5134401724008648
0.36198056901618514
0.12585714218463362
0.47863936334284685
0.639772131430924
0.5513037154536566
0.7165189531250798
0.35751296541195454
0.3059981995543464
0.5870071304716459
0.7529366626087911
0.8016390344101156
0.3987913081582868
0.6923993621331026
0.3107430060037273
0.30718898530550276
0.10296479689748328
0.5221014087786049
0.9944322065515686
0.5481606689271189
0.9561891182990627
0.0520724419392854
0.3216873866380978
0.27563991051661896
0.3788209598706387
0.772791439126951
0.0634919571177428
0.7173301796689898
0.3858854062891216
0.16067818085099783
0.22497397406954123
0.10321163110664722
0.22191809895383074
0.8649393578382879
0.7036491841907139
0.13549707024633706
0.17101242393769345
0.8860429914008905
0.8309985770702705
0.40630099861623614
0.3804838440396697
0.38701533164507107
0.7374667393116271
0.9145112702998422
0.8406345504560777
0.5716227615627939
0.390319196666041
0.8806108790540943
0.37773217393841696
0.905209943820281
0.5501332262742111
0.08405191981973725
0.33987908077965034
0.849836302135846
0.04254435115348598
0.6454299372204279
0.2437061556083664
0.6376042332867987
0.5366150999318939
0.32715784098657563
0.8643992811865421
0.49036164999216036
0.21456672148277423
0.21699097078953267
0.5594892209525002
0.7986438666879409
0.4361866375804332
0.09859304050600537
0.36371921410288477
0.42412612539295624
0.49773692069672915
0.01476320985935975
0.4524671740934175
0.18467248428622118
0.7466608337392086
0.7714365911420834
0.04632412449867884
0.23888712059603567
0.811428494827169
0.061656426964449285
0.335360470657876
0.4290277565896333
0.8172789867103901
0.8276607614346569
0.7313106352493682
0.2604671701836214
0.24646611968998144
0.2987230761694111
0.04741115940220475
0.32638780231930253
0.573231079322088
0.16310347907702782
0.9635567203621378
0.502100163404899
0.3518983086645804
0.4595853215719946
