32 2 3
0
6
28
1
16
25
2
4
18
0
3
19
4
14
16
5
7
26
1
6
23
2
3
7
8
12
30
4
9
13
8
10
29
10
11
16
7
12
18
9
13
14
14
16
23
1
15
29
9
16
20
0
17
18
4
18
21
12
14
19
1
20
27
17
18
21
7
22
26
2
9
23
7
21
24
24
25
28
0
17
26
11
19
27
5
21
28
9
28
29
22
28
30
7
24
31
0.8791659006136647
0.35907784069936377
0.045534939500329163
0.7611385191062724
0.897538436072518
0.8246776629696598
0.20273318603307677
0.3407665398506964
0.8113753261658984
0.3578740600994563
0.7346781447766386
0.036679829596681146
0.05319592492086944
0.026571575054903374
0.7544242766988477
0.9237544845357484
0.6955701620200393
0.22648077077915263
0.2352172698722904
0.8529569850011147
0.47603514993628937
0.4475201306601365
0.575122286666129
0.899597757754314
0.01289482304796663
0.21680183411785958
0.6826240324014428
0.7066411423598664
0.8721238276676749
0.9217159838638875
0.3861785484772984
0.9626105886903049
0.20076252151256568
0.20129617710909786
0.1761767451603976
0.19425112095374453
0.38619456479644554
0.027503965743452374
0.6846007621525555
0.8205244459831358
0.3432946272736087
0.49832036535355895
0.5415342085344654
0.2203605522359411
0.1904668563074977
0.07783305285553
0.9848854843789124
0.8492669839045265
0.0846397325629209
0.7255928816562169
0.7743028992803508
0.9399646673969255
0.4318713204555553
0.3083053970155123
0.8074389520944085
0.7196302028487493
0.2832352531865008
0.28616679837739445
0.5980879917045213
0.5870260260285749
0.5391111219144163
0.34269607313780037
0.690865932733798
0.6706334081050154
0.21510019572150607
0.36672986840813604
0.9305314458125337
0.7322756026081483
0.8331405988469612
0.49722391303034763
0.5920035037731184
0.755701177548768
0.03478786556019242
0.5452176205528141
0.04593466503769672
0.2169833116551797
0.5252975096001836
0.1072766802516757
0.6117553400236057
0.23336277683558293
0.520613066400562
0.25012470875284887
0.2307015114913541
0.13976924005038893
0.6601650115761207
0.5265099347968493
0.3105442888849912
0.741015237614082
0.056733857393920006
0.27142792585905107
0.9129120725100078
0.46806544758960866
0.5460583586150037
0.4410272685326201
0.27177534951781646
0.8635994711844076
0.36478110140719056
0.5885356693562578
0.6745611622527684
0.5697146812231435
0.9906521433898223
0.13646810281976296
0.21870519994291626
0.7067117501114654
0.6359682337297295
0.44164426277380087
0.79639464807321
0.04089683314613013
0.764789998492512
0.1925252760788403
0.2945614946890198
0.37624472576195556
0.7181813298441876
0.3677176418197651
0.44306232904718756
0.056257341620787216
0.6119421797372988
0.2668185947175171
0.43439208977727106
0.47040007025810593
0.23885446636225782
0.11233382332598285
0.7094339223252933
0.18378819216064735
0.059787652990817786
0.8498830404202206
0.7839270884145596
0.680292708301462
0.05102966671252951
0.9874088160685466
0.4552170479786999
0.7041014902380272
0.8407352105689075
0.28859404320413495
0.6228306539648183
0.9126043986731918
0.10901759851077986
0.2885779947086772
0.9743774776718942
0.007637694151195973
0.5055067046631121
0.9713985656844132
0.1063100759959702
0.22665003664383798
0.3170326152226449
0.6288283622630418
0.497716430565758
0.8708262249726932
0.1670304179787614
0.5665649245224689
0.7441792234814555
0.5454165373848381
0.12983343930958624
0.570122087401658
0.46016489454684717
0.2256639954547187
0.38367033939503414
0.7994721474225226
0.5197048745334364
0.015245485463733721
0.36973965192424196
0.33861140461842787
0.5748492673219164
0.8968376214796835
0.6126301951248165
0.15138932456459342
0.7967809063619611
0.33057316360592903
0.4768754714935476
0.04346691490573085
0.2737004651087416
0.5430026483381157
0.9570922120499461
0.3582845177505627
0.6091540631745401
0.10475858613916533
0.18606582460896248
0.2517141640091052
0.1326889798107802
0.9348486088679401
0.8145794654236032
0.46895443355019384
0.9754445759405507
0.8535321739194957
0.915103015650655
0.9652599832158469
0.509756793030679
0.07827525803569246
0.8345070434295835
0.7572806150839381
0.7277354800245537
0.183257524960192
0.5033331230356135
0.6732008523914671
0.4938105895229654
0.9143345419336875
0.8906112616732219
0.9266578661355787
0.7779636412940968
0.2736391167963905
0.9233315664526696
0.9455594259116996
0.0960603242215542
0.3103265872811076
0.34976048059139575
0.6253799424065781
0.05304343241661513
0.0410976764963209
0.37798228061587
0.9689393618845501
0.2566496837749288
0.5459406684472377
0.9749817407976711
0.5537956600361802
0.4728311296491542
0.9054546037848371
0.9980152321694686
0.16109215502862118
0.8459640752969138
0.3230683963204316
0.7103964889299987
0.28578512573520864
0.9778051874519907
0.8947727524144099
0.6734036523043226
0.7575816403752615
0.5485286476821682
0.04617288785089679
0.36326222616731774
0.7945998495989652
0.4592738850677126
0.30819717914550326
0.4031122569247567
0.03349106744429198
0.9660461942422687
0.6311696314380624
0.125058564215623
0.7558176576593679
0.6711114440127882
0.49067293240776855
0.36038002713187056
0.8980090504054473
0.4529974147243139
0.25909583129218616
0.18255841441022735
0.599526827726593
0.6398743865212708
0.04888563214067121
0.7484657358752232
0.02320270132100466
0.8619624804925355
0.4077549388803281
0.5444617406515803
0.014923109080039687
0.07847898869736813
0.7160868268745059
0.8630155271105432
0.35215234289053643
0.1546665318260666
0.6241359327755011
0.8564960079524888
0.5481964815751277
0.4233593142554175
0.03610432332998548
0.06101026919537167
0.7219347828613764
0.37991030122995595
0.8989009457466067
0.9619674292088122
0.1417144268867716
0.6620512103950376
0.5836608782646716
0.8451369892159368
0.5572084592893581
0.09854532260091642
0.7365141119831109
0.37817475859678784
0.5376236300319388
0.23199146451923236
0.5914961953771389
0.29740995380795654
0.8357346904243471
0.5724886447335809
0.4262550281686762
0.4182771876453074
0.389393092531766
0.6444661778861006
0.019904054297998797
0.9890368339413088
0.8108060198991465
0.34538495503360933
0.45243929441608055
0.898048456473137
0.3398255858202277
0.15727376547610394
0.8744415192738616
0.2847257477351526
0.46742667670719984
0.00975488909864275
0.6343837661534455
0.012752595062489158
0.13876268832783412
0.9016569697815247
0.08750187449850133
0.942753391779658
0.3780831261783246
0.004846895668411344
0.890171722184053
0.9491321184747334
0.358657112728201
0.32281002450011964
0.12806270566078803
0.4461266570442086
0.5086525412311566
0.2070381949702682
0.642734623686699
0.9962300575928802
0.6511817321118376
0.1479664784603263
0.9257100386991962
0.1740050174913249
0.0668650195716608
0.2196792256212775
0.7274850591784755
0.22324358504230646
0.5136155466640407
0.9643382330776623
0.9252953258098466
0.1394730661514192
0.7707341960389057
0.04296761054883369
0.3945436269750363
0.13042832822006023
0.2123291701375859
0.8741779664301467
0.6379574781114112
0.7428272382109464
0.7576583532435256
0.3835203014981279
0.7059879046347164
0.21671367547735199
0.42033359210334964
0.6596633366498544
0.5496087867887677
0.4508815549647276
0.8167154791905251
0.14912503646308772
0.016629690431971045
0.5026969895059659
0.6936668336119082
0.4975474633445658
0.24443957387426118
0.5608215732829654
0.8173454809349833
0.14047354212488739
0.9768733646313399
0.9144328702896907
0.43278548092840396
0.4487299470678965
0.35327881126351246
0.5263868859903122
0.587850087762064
0.865266822589598
0.9598857416256205
0.1841283480984568
0.13097288665463103
0.07789408961514555
0.7515434373572828
0.38902780117652347
0.3944030370626075
0.5725927968853017
0.9207100012767975
0.4049077058370163
0.9043282532685892
0.5103819198468407
0.4571465151717792
0.7193982946235197
0.7509319394184536
0.6572467364728342
0.31202676263799256
0.7985506382793764
0.029185639726792
0.02207303308316133
0.7911423460072378
0.5720779482179624
0.9712169844649644
0.041785022811273054
0.627132021051431
0.6051920107065133
0.2494709939634987
0.04610777441862912
0.4694003351124011
0.12154378083092432
0.35477149143473485
0.8720598130035955
0.11141087608554778
0.47166028641039104
0.1493866153562955
0.969765708297743
0.07500462311026024
0.5679332242134023
0.8133577366311467
0.8756615349309896
0.2987846570406032
0.8414025223088986
0.4243270624403793
0.3150116134003986
0.5238425403082599
0.04025561097066266
0.45642807313751854
0.04114237868298998
0.6893027863695632
0.9294815801749542
0.7727671152729324
0.10846701429744454
0.21336424740853543
0.6325584129334171
0.2912766741548759
0.5565679805751884
0.4917152195000323
0.34320099512503044
0.06378649890668686
0.905874736027907
0.8494935525458057
0.8640187533597784
0.16258618130179814
0.9284232562660838
0.997736624837235
0.4220790085087964
0.5372755131643786
0.0721522784028078
0.27501842732906834
0.7055908993619157
0.5085796507507113
0.7799898654787731
0.6036993853184225
0.5160195780226976
0.655758644327181
0.4359569719689298
0.6331234029369834
0.8916143060859639
0.2769612081463487
0.5787485166640405
0.814609731401118
0.42118317190158594
0.5322515236454682
0.5567341024379066
0.46754470772008305
0.6201491936876662
0.3536090539719392
0.19196626191217359
0.4857899631881234
0.8742242060959449
0.09412421270607374
0.7020927177104647
0.6190594569188709
0.5154848123827352
0.868678382821907
0.8727722654174849
0.003855503979705688
0.9237847932576002
0.5355039941327712
0.8387007809621126
0.13400319649098147
0.23766620810647132
0.6043242202628166
0.8373720057162654
0.7897746644299524
0.523476189077587
0.6898761916136108
0.7245263250825609
0.3718263624271744
0.6542377949184806
0.6545192319218338
0.141116675832494
0.718870544894112
0.6681830450998549
0.9608994345201023
0.775208316945479
0.5580711273680676
0.06585258094539836
0.20414136472536426
0.9970061840973459
0.9805077690700674
0.6093865464587418
0.23625942131008404
0.20706166062084985
0.36029991223877444
0.6305916870919219
0.2046315299140441
0.4782834435642811
0.18450340844668467
0.950197258923336
0.7416389570259033
0.47067492941021816
0.3273267835288226
0.3703234916136363
0.07254042249710047
0.5423745719814774
0.32392379696006635
0.5114423386745753
0.382642451908483
0.9161513157520254
0.116111834360074
0.7913077714623683
0.09136180659159054
0.6520060889366263
0.7268899407939274
0.5584095903846992
0.9268743774001675
0.9306497006693881
0.13323783405680312
0.8565284368719283
0.5686616862545925
0.244596800313579
0.4742298239434638
0.6010941846621848
0.2813095933341454
0.6588454416794378
0.004134411184118281
0.9293007993199215
0.9589207716336764
0.4548102135756481
0.09040701761316317
0.48517660586766465
0.9396581967115744
0.2661770977699678
0.0231626289518706
0.9235690223975432
0.4284571347417001
0.4111802749823541
0.8814424431198337
0.5171627530127465
0.8679724511442071
0.058465236698932666
0.537469454385167
0.5995153061624001
0.3948324867251132
0.8076895726789727
0.4413906674740198
0.5364342363377758
0.4349732561874903
0.4667896753333596
0.597369750553336
0.7912349865193276
0.5447029852962362
0.6236904825944963
0.25132349622514705
0.2885551004545197
0.06348495544282085
0.9484374702900946
0.5763199422509625
0.41712453447521813
0.8268897495033786
0.009519983132013743
0.669702996688595
0.08886583835462925
0.2570414736539205
0.5214060540732651
0.18736856019466086
0.9001143917612603
0.8424931696723762
0.03850338022203503
0.28447761461608434
0.6100297826790623
0.19009797852783872
0.4344841942095148
0.7111262179658102
0.6261170312956492
0.5001504379969922
0.04352439667965624
0.3578082497809394
0.8718819325906737
0.052673538413069765
0.07407698994505996
0.03632635189001199
0.5229452190977966
0.620013547644718
0.7887787178578219
0.3609157608223045
0.1933780280957712
0.6464424746909728
0.9890885106920445
0.005827752204272785
0.8167993642773994
0.23602990284275827
0.9172750018962756
0.8254384206181503
0.3910663451374262
0.9419830801078011
0.37466804360127526
0.599773236489739
0.4603035981740541
0.7930256248875175
0.2613413057353867
0.16273939839021423
0.2645699914450933
0.7849349542927437
0.2573494641423244
0.00409475870504139
0.5924819017672828
0.5161549039203269
0.0461070480568736
0.40369720915048324
0.9358498589417132
0.9255758052674901
0.13461141767974216
0.5484026384153222
0.10298564612166128
0.14854157620394048
0.20860373534158072
0.03971287488731645
0.7832473919324229
0.3187655155699888
0.8948946225253696
0.32141842993958447
0.2686294076724164
0.6642981944858828
0.16395910710573092
0.8674101681039358
0.892071279137618
0.5563142331769796
0.4066723397223867
0.556190136870488
0.9688357634696962
0.15834923616888164
0.8823600151031957
0.2842408071326533
0.5000354067504397
0.3493743825541369
0.8956717061575441
0.7415800590897419
0.32069918170151934
0.39061269770522067
0.015112996528036104
0.7047958110030862
0.26472002536534367
0.2499424194391746
0.5751157992806484
0.7401288599726485
0.9435619953781993
0.3977900947918087
0.8577170772019679
0.14408301167723536
0.48498522841853864
0.38711299744062366
0.75694358031741
0.04122711787757871
0.10297409502488175
0.8903629477113927
0.05539996596483043
0.5703919577968624
0.21232695490294518
0.09845554701207981
0.0415135192161451
0.3759132122730575
0.3179972809355125
0.6741500034871181
0.426903724796431
0.7463834166135991
0.1708137344127172
0.30879672714893014
0.32269013365602106
0.10240418176757315
0.9867823336249408
0.9248800868467664
0.14504583757658507
0.4397620997670457
0.6280112508502251
0.20445962369753445
0.3688033380353989
0.7347465622314824
0.7584204952500919
0.20583030730804475
0.46992482339090624
0.05610763297320098
0.7568216565083432
0.20740375735886396
0.2922120421609874
0.3637155462486883
0.12079511639467255
0.284995762116955
0.4566997786135413
0.7216662485869335
0.060923673810565515
0.9720476670163212
0.4723042490834495
0.7637339668502994
0.09003311371793776
0.7700758268505387
0.7515577934470508
0.07995134870786025
0.3449972809111509
0.9908473392677261
0.6391643107583443
0.13241470909629116
0.42696814941912575
0.7628177009463907
0.3945743488886715
0.16405776470670308
0.8458722337536891
0.2634219966726261
0.6344855383048937
0.4318659484636065
0.0013046065250086336
0.5134496125953033
0.8831439599709019
0.7754531360334823
0.0781733541135039
0.7074368732246983
0.24425060058677284
0.21198050924265488
0.9038112160157551
0.08433794790460569
0.5961891046456036
0.3666732410242427
0.00389092694965254
0.434162165357325
0.1788945855759987
0.13579910616415514
0.6885671525906879
0.11378682627182668
0.2418422038302659
0.9053088713016112
0.8350310674013112
0.42113104099551635
0.36894506565301877
0.8591606239236459
0.28169892057434154
0.61280182226777
0.5315207957408064
0.7701461115555505
0.6097990366770191
0.9966700690838163
0.801009880948075
0.9528727397922485
0.9176661021198145
0.10449356809597066
0.32657579182867025
0.24590989506540772
0.06670297673027736
0.30518027771992573
0.3264863736868756
0.41828589571675145
0.3429084574699728
0.09512336683756573
0.7500735249283157
0.4008433683504886
0.5208439700332307
0.29086504079308206
0.27783250342778454
0.7356608053647806
0.2431008481760435
0.08045892412236422
0.2864874690580662
0.012633334016829423
0.19839242103901256
0.2825952252755476
0.9159646010516231
0.1757174456724555
0.5270575021333777
0.8412125013890596
0.33125063920009923
0.47202690737137243
0.9926593169672918
0.5551459545805904
0.44661277193203175
0.8078084543250409
0.7705487447959308
0.24735167277154257
0.4183944949018713
0.8732263979574099
0.8214337261225078
0.3766563989089454
0.7858155218681963
0.37615094147621764
0.7968627325309933
0.6616728597147061
0.8491751219638213
0.06224156844244366
0.7569254659536937
0.011992934412046852
0.6066519859056907
0.9384455468559789
0.5717889042777176
0.7611073546571889
0.08867896425334154
0.8318680965170863
0.49808382426273423
0.5970959215119115
0.1489416785023795
0.4193029092907351
0.6054504023951791
0.5573340469119327
0.2830722546345451
0.16631900619644757
0.7409520471024966
0.26091022589309243
0.8330521988932407
0.08678573224589003
0.7531826164391608
0.9599893116901367
0.9400256756755992
0.9836407173769617
0.0010451343887505349
0.5571594959766534
0.12510859231071036
0.6579574968128791
0.6503899859605484
0.8974046170039442
0.9747353134672152
0.7261959017968183
0.6994230478886959
0.1011753691763122
0.929360490714486
0.37671979337992134
0.6738902513984076
0.4662306852749222
0.6420725456390121
0.568891062689131
0.10865718627477805
0.057937308450915714
0.9373133460901784
0.38136412557048915
0.5583727855118706
0.8599356464008914
0.31402489506011944
0.22894763149403818
0.19314388905337232
0.337008376283065
0.06234577367468663
0.021775251535276374
0.48074060105048966
0.052315780743227625
0.8825659004699552
0.6420230604098544
0.06338528534157084
0.10064953550478395
0.7906204170290162
0.04603079904416163
0.11477572306280204
0.23815531585604433
0.022057118089202077
0.3724944577155961
0.5132341418233345
0.6571781072871979
0.8191645464551863
0.6985786383292022
0.17508551728570065
0.04360292056523807
0.9405404392192132
0.5487223975074995
0.20095924939435106
0.8008693041421179
0.3717707684723913
0.19241516847833973
0.5812777942487207
0.30813914891176986
0.46852971388255116
0.3853090780406986
0.1430410651457913
0.09752676656664505
0.32344371477924894
0.40123888856245193
