32 2 3
0
12
23
1
12
21
2
16
21
3
16
28
4
17
19
5
11
24
4
6
15
7
21
25
8
16
18
9
10
14
10
12
18
3
5
11
1
7
12
7
13
20
14
16
26
1
14
15
13
15
16
4
6
17
7
11
18
2
7
19
4
5
20
10
21
29
0
21
22
2
21
23
21
22
24
1
5
25
15
26
27
19
25
27
5
17
28
8
24
29
7
9
30
6
7
31
0.6686407550837545
0.24095230649202637
0.5636787750573953
0.6756008944607443
0.9829667230027455
0.3842547046694398
0.8212309600011308
0.36023097447226393
0.852207964403919
0.728751035700524
0.20668917305178813
0.5978304189048842
0.3533274671299145
0.37878523022905675
0.1358565055683867
0.10457527972115943
0.06920410500186036
0.9957424149549569
0.5171763022681772
0.6684397897746489
0.7154636792798724
0.9312827460681535
0.6677876084121604
0.32635949154409116
0.35648629584403047
0.16592661909201412
0.997764586948912
0.8082148249691078
0.9289236089054563
0.3867547650235439
0.6138565354285739
0.41558532881051624
0.3621330639536756
0.8178439577051897
0.2031070221444986
0.9209349116927831
0.9091465516154694
0.5096963009041335
0.3403772211859396
0.7105247564105241
0.09129675238118473
0.22210343024935797
0.315839544688278
0.0892893356406741
0.5330307293683875
0.659719697983491
0.3294484286348507
0.30812263666787465
0.9581371304225919
0.10189238283120683
0.14511787466664217
0.05850224433332962
0.9032041196771157
0.7201731141921284
0.312235562021277
0.34128157699580974
0.3762536051916263
0.7262526625836296
0.4984611560166585
0.7810335620282371
0.46153969035807574
0.05585441421482518
0.7600512545871759
0.09962868620664522
0.21460242138845909
0.3988561675434139
0.8043853715831741
0.23188858684641322
0.07050518722126298
0.7338502099944171
0.3338938438008967
0.5744627950766329
0.5366829312650158
0.9165107190567121
0.995670326398257
0.29166595374540893
0.0749430347984682
0.6601665443215596
0.22570456544339335
0.19015687951734028
0.4147198943463368
0.024995538882720214
0.5055229056605515
0.7973593109463538
0.5745175752510222
0.16340256857874969
0.661342094077184
0.6292826270503935
0.41797390612389373
0.06217462465395551
0.6073667369874614
0.5313809578231999
0.9163193812231811
0.5333431262837058
0.3216701111248985
0.37623508064758326
0.3839642385343125
0.5732761191525095
0.5071866499626364
0.967786941814085
0.3585936583178976
0.604548957205916
0.5848081560386594
0.6924281983003724
0.11838409218109125
0.2207241929218452
0.04149616007065904
0.39051163803024624
0.15140639766631914
0.22166587641315638
0.8131686687722849
0.29832115422374617
0.29319759772824894
0.33228595185788
0.7152211996156311
0.4523689808446182
0.70620456088955
0.2550017246673022
0.44647568784090286
0.5365307374902751
0.6140653973208932
0.8524636959115026
0.07934122306205327
0.7926201632472815
0.2604055606854473
0.4823047521233452
0.4865289907309249
0.5372649105166286
0.23116991134618636
0.3551303239653707
0.9482382063137094
0.04096304549726093
0.010560801407237919
0.11521890636016852
0.9289633586429684
0.14841810355195395
0.025291765279029432
0.3935912374416084
0.045135168146072546
0.3491825166435749
0.477563017764712
0.19917238739055032
0.29331795272215744
0.7544499279706789
0.15822843768900907
0.4465686752566673
0.35827630388498777
0.9111190526628608
0.1663244452364706
0.3877567807286785
0.8486346685379238
0.008927563991619869
0.3730012186296986
0.6586860470709838
0.6453180901158384
0.7397922794174966
0.1410906387459797
0.4469800201485462
0.9247975492599393
0.8951362529661581
0.598948443536656
0.11114332600727406
0.5274792434078546
0.7625128420700243
0.9315239489421496
0.6257012691248052
0.86564758019413
0.7186242268648467
0.16876758266366731
0.6323077677830823
0.05045267837732581
0.7554692854307994
0.6637057800247027
0.5251756989699145
0.22173036866762208
0.5824081738266954
0.8606385753760161
0.3758859856254504
0.7990523312163348
0.39989420642755313
0.1530499701000484
0.14575093415284246
0.661791236593996
0.8281482981480638
0.11174482938810415
0.19283422400576222
0.40265669896872913
0.14075930906837109
0.2160826247645874
0.003504569661443746
0.3015714790083843
0.6157460051743752
0.4948979921517135
0.43933187513909067
0.4459335834443111
0.4785259958304384
0.8274079934088107
0.20314322835384135
0.2077560978889813
0.7502082418553407
0.9229206070084177
0.530731756954634
0.6203329101274258
0.16211480868146166
0.37437461183800247
0.013506909215524443
0.48110226065509143
0.5828640099378609
0.9886939074740504
0.5610851156376544
0.6462628994253871
0.517202139359193
0.7083255434731938
0.7503312522631336
0.32810243634766
0.636886740771582
0.0837995468506807
0.34890575174828775
0.045966001609852314
0.12667615766499862
0.7062504474500098
0.9096998193710906
0.5583077422672923
0.06447328890504356
0.7335802543311088
0.20472128722529448
0.5868513815274448
0.10533511540086671
0.3652649895844313
0.2649721283219819
0.9037801621189775
0.23927327978367974
0.8948437544354705
0.2832062204975714
0.19254653527315002
0.2003593583044273
0.5807208264974442
0.08026992104622854
0.9556438117707626
0.5531943828245253
0.13716022193814303
0.2528519442318785
0.8483862985027791
0.9954389734728954
0.03361248028499986
0.09305687108380689
0.33074690563545095
0.5024974685523232
0.9045242738874625
0.285001285280327
0.15291099322617352
0.9539715840931016
0.4343325518259914
0.14624988662093996
0.2163364428750162
0.15688598233765494
0.5123005733598756
0.019374944293014895
0.2612462428981692
0.5731169915861126
0.033585667812720654
0.6016985574232689
0.8218360895138359
0.4581954278495234
0.3477348582021461
0.24790804886413909
0.1226573481228399
0.597667435263316
0.7736665378271177
0.6505888526215852
0.2529268680055947
0.37583075850741055
0.6531261428867267
0.6772807772906219
0.01352783233162591
0.1092361901205009
0.1385840464233702
0.5940457910313939
0.8316636443164486
0.6443057829301515
0.8275292868781752
0.6674866095390931
0.3665855192847436
0.14069723429107606
0.9182217567820115
0.35816528815341053
0.3078125715986877
0.23932927411309513
0.5690378182961301
0.5910976412138762
0.5034825208101869
0.39233185478754395
0.43774529445118293
0.9540523901549705
0.6217058225779996
0.42112477281154226
0.9541460488632136
0.2724570058545668
0.32924673995461595
0.5552023729665455
0.16581953031968022
0.8084807065143724
0.9167322152773156
0.7993510606671509
0.9853766691430254
0.31434330480467365
0.7129688392063116
0.33860651715085766
0.2472792949799788
0.5637912917606944
0.0362641630031324
0.7141859016491572
0.7427894826811678
0.47764316199467105
0.12809206504032022
0.4055127310047618
0.7444609023130918
0.0426922002080925
0.6777536434181297
0.20913063900451911
0.40027098198047484
0.29848973686677804
0.08122771505765791
0.40781128109426956
0.8651904757613595
0.045462730390417705
0.23040768439710624
0.009748891113091074
0.29348517722057565
0.5919811143587597
0.38944426860948467
0.1757211248871351
0.25550258615285093
0.19075249109503856
0.6642526968782939
0.3769595799023754
0.6219761505951616
0.9382179303890738
0.8570786717089155
0.12446640641243367
0.9989225644066739
0.841407185604813
0.8977213752317753
0.35779064354642054
0.7063889645623108
0.4886084266209938
0.8101368406601954
0.6127142927850485
0.11997129103369264
0.0890826716887505
0.9021591548858336
0.5841751908364082
0.5537167087903029
0.4696984797113368
0.013542507012947125
0.8523140148812882
0.8907232681686893
0.8805128956959015
0.14626480690228738
0.34473548471537585
0.7211293661298419
0.7112976652416786
0.5782150977869658
0.32018527550992926
0.2248938848146338
0.5056417941245965
0.5902255504909356
0.35450916707925395
0.8518920093563348
0.3913696056439847
0.9337115673843771
0.8057151032136657
0.8745208183700272
0.7698725570232967
0.5267458337295564
0.43265758988981584
0.9869369107481124
0.35637867098349474
0.4472555011372641
0.4603005753786287
0.4730446274729643
0.9305888404161509
0.865275471899133
0.7512658736609411
0.6500454695130959
0.2372556115138491
0.5557703417270143
0.13988677202253474
0.187550448438092
0.898743096278176
0.31680600391081526
0.4505370363004686
0.9978467952776384
0.5790848235066618
0.8063539273086138
0.7338994684248372
0.5082475561725014
0.08388542338814908
0.46291039629683906
0.13766807811990045
0.7700631001737462
0.42502208010107767
0.9740958895170663
0.7324474787294502
0.9782771066227313
0.40344867684797425
0.7711443702431136
0.22394740578960382
0.50328715402363
0.2606650482293327
0.798631662392999
0.7913191715891466
0.2662773056314497
0.36895376387416146
0.8545292733115905
0.7480992861673864
0.9908155358076861
0.6100667244470318
0.6605221016813267
0.49957566009474086
0.18615300737167395
0.7238347143487509
0.6903820105761099
0.2563629949123999
0.9919689054560028
0.5813197016533064
0.7443316471637935
0.7596008892097131
0.32369858902531
0.296959970259732
0.9235692796814186
0.9441724602171763
0.7277001559274083
0.6482070608450821
0.03708961151996226
0.7658737449587192
0.8621818437471015
0.8786820575180957
0.3447739154582694
0.8977114271179811
0.15634344933639654
0.10885816441962903
0.2229206879803154
0.6830556060211883
0.16046540958625333
0.11767547644632637
0.4088133226200288
0.10038641396625869
0.5012793527133053
0.08396621626550305
0.526942552417951
0.46493345622423765
0.9639781316006414
0.2403824712655459
0.6271611258725136
0.42310337244465235
0.1803164411484942
0.1455783542392044
0.529453562100038
0.6164622642978638
0.5429355966798233
0.34946031032724556
0.7244229966494191
0.583959016884368
0.27281683753318586
0.5289369056808467
0.646733541970527
0.395888080122595
0.48244778243120956
0.7995661935725655
0.15583859512387233
0.2560044403603895
0.9965960089256123
0.9995012430632674
0.21873245605545544
0.5400901137444064
0.4331434519012938
0.189258153434135
0.0180925409660333
0.45419492115346605
0.6572752019831924
0.44594114124102335
0.01761338625701303
0.5376227420133278
0.19877030583245725
0.40456287903885146
0.6514727785233263
0.45053685510406705
0.7702657649991669
0.4917199089967913
0.7564298398075278
0.8054635590448247
0.3072366386715851
0.526889747424398
0.49203848761081437
0.7673247031929078
0.18337817329410833
0.6921099206627815
0.05186475729849249
0.22736228164351158
0.9262587779533905
0.027802067910507766
0.664737191169044
0.18633620816597973
0.026035487880428643
0.8992794487891711
0.6088161283243763
0.11554956590603283
0.46865426320059944
0.16684924350211505
0.4087178423415322
0.5920164159099213
0.8138310418759802
0.11772797197054208
0.030677568993181636
0.5284899695691107
0.35646536738241597
0.706836401609603
0.4762107023353299
0.684163854421443
0.4809509892737004
0.21390016306308868
0.2712836339573934
0.6667336876544505
0.41485827630892
0.19775410862608322
0.7941480118302412
0.6877148706775782
0.9841966440828578
0.8809216567868462
0.44048488592118185
0.3494476062940485
0.49129935309897
0.16110409048461516
0.5835050213754971
0.7678851586264274
0.014114603899496037
0.5572872236526478
0.4852336621438704
0.4061782867511655
0.9553974971580605
0.02079499105996674
0.9426685467020363
0.3348927071433836
0.21192822476340745
0.9744485379188806
0.8852401260119314
0.7557728001228183
0.7240437652734766
0.8676081481343382
0.7548010171878505
0.6723045335104045
0.9825865064207677
0.0291791541036448
0.09428179481035603
0.5679429675375289
0.06463284516266998
0.38292916575726066
0.6826716506093838
0.2154687292418298
0.6499318464122764
0.09342668439458657
0.5034498205601002
0.8418265097327288
0.7305242995432388
0.21790526280414202
0.11406820977334975
0.8434826434510553
0.19128093626512155
0.33455474194122403
0.19459070822595115
0.7277163303747742
0.18639648188059132
0.6892508994657812
0.5452600893516818
0.4956043326674424
0.81618808017237
0.9398427943549573
0.9010285163992685
0.8055780587159533
0.4367491681080402
0.4975404265883474
0.8670339152257935
0.35996762574153696
0.7020824505060229
0.37401742706972374
0.32789589276841913
0.6600465918088642
0.8606277430783595
0.25388940458908194
0.38450158714099436
0.9664606487997135
0.7864647089113664
0.5811205713233853
0.6129907404708644
0.9445982916696827
0.7171081303438446
0.7682373721731971
0.2129995984628683
0.6961231813605786
0.22345259460839761
0.6414844200926526
0.798731032829761
0.7017103567967441
0.6156449797172066
0.7206103892654561
0.919794653147052
0.8295857015308485
0.9363426718592404
0.912855598454811
0.47200469431760117
0.9366590551124753
0.5650668999639976
0.01997451177241849
0.9653583637942661
0.47730052519692545
0.7896365776329725
0.1743715053853906
0.7558588899338676
0.6618587004769338
0.19590729863593803
0.5029139982115615
0.16796471791627
0.8338089053583082
0.6442579374451782
0.8457820207527655
0.32165889332569864
0.050572168896494296
0.04433372004319469
0.7849406879527805
0.594267239164448
0.9401068067035561
0.3903698394724717
0.8485899898128756
0.8581371564707874
0.8742234385015732
0.9837720426932677
0.3723480759042732
0.5520048987940093
0.3607786822034619
0.06716294850234905
0.49865964510918415
0.9362951004903514
0.3868740137103652
0.14076481119235562
0.5409930041570059
0.7405155509209043
0.11839207473645752
0.11255467410855535
0.12454008333764877
0.07083184870148151
0.004015573641707015
0.14663763172100763
0.43230106775285737
0.5935043597195063
0.05547471723960662
0.6286943915121337
0.8140181975029375
0.5437170104345067
0.2429760337315391
0.6844256779546954
0.47180030409738727
0.3005115802413654
0.32258689365777093
0.6690455349904486
0.7045880407861576
0.6080742489604621
0.352034373851686
0.0055252963834485636
0.7483619751794366
0.12451683834890115
0.9946216719947536
0.7120162622135556
0.8702909465141947
0.2508491369499366
0.8987249123262675
0.6109447449746896
0.5750708672540696
0.10713008627621046
0.31878338726610966
0.40816206146233003
0.2261296270844262
0.2789968632184745
0.07240878330765932
0.6460626481978285
0.6378080914593086
0.5548381656760257
0.20944745623461847
0.9541203850731087
0.4249264775911963
0.5441788116097562
0.797755696524229
0.42626841961037754
0.5748853821556955
0.26698291222789905
0.7044122727482269
0.5340630639202872
0.22443633938520957
0.5662066005479949
0.8430841003830162
0.45423837234679765
0.9816929936833747
0.18924491073910132
0.12078005530000013
0.5675548832999201
0.22431941956347656
0.5628741995421128
0.9282675504129695
0.9513026523832117
0.6802912869358241
0.5055954153622145
0.43817703972330524
0.32705951142086054
0.2608010272920166
0.0842949768209248
0.4556542811229851
0.15173819069142713
0.26808896016838013
0.8635027121298361
0.48893991019308203
0.12630165080551414
0.49699849384028105
0.31360063470802735
0.5477250071825204
0.021034227111375592
0.574961342635901
0.4557416656947918
0.9090693342408164
0.395069095779378
0.7408577875795266
0.8110363973198745
0.8985564787778432
0.7945633159584677
0.6089050856879811
0.2314483796733403
0.46741762034556955
0.10770273289278265
0.4255151321484658
0.6588445865350911
0.5986948098837167
0.0864632007746885
0.43841598715653096
0.28064125572486864
0.8651603686724114
0.9572801965399573
0.1320861940227107
0.4516141201347008
0.719411915417307
0.7412036845583578
0.04008077232152252
0.4447464100655686
0.37384869814569255
0.9659390923172237
0.07449395748037002
0.3174336752242053
0.7634321018567422
0.9782889187923476
0.9015938184272303
0.8997735028864183
0.027026538266136102
0.7283982005579434
0.47589411975447327
0.7003919419976594
0.691895482370385
0.028943499277307216
0.9491088003109128
0.02169957535506517
0.023675871126522585
0.2943682848809054
0.7654419521571514
0.5191956260685686
0.17593849846935228
0.6471933801304584
0.9635769974620764
0.7457812603943091
0.08181677329390358
0.502462686631945
0.9281831257323655
0.7329933219290751
0.433304885459318
0.2456324728030952
0.21352732056692603
0.36877642118497944
0.48375700816848044
0.9350466793915492
0.18340442340817997
0.6992559148450204
0.5837669819379682
0.10738940901601568
0.6298522884838055
0.46770445881069533
0.5845504411673744
0.7776969654307879
0.6291237377502585
0.5064693116387846
0.2174438704994941
0.5321973619803466
0.4963068686316149
0.03050730652226663
0.12243074107248175
0.30501664232912695
0.004150356074767325
0.7414760062545431
0.9201672893579893
0.05315726362488238
0.18849136593297178
0.325309767933857
0.5093264531068205
0.9788097537063756
0.5400144153637905
0.5738667570846782
0.9626039867348551
0.5761260886092371
0.30074745316527607
0.0774478195118492
0.21590046409768127
0.9975594567399829
0.30411800790368804
0.4004138479640439
0.2882328249817304
0.5120800236544183
0.3510209432502511
0.8336163862623743
0.38671029867470585
0.4859607624256963
0.4206939802151103
0.41369387924165535
0.8018810372117973
0.1594315340839172
0.5727042531252008
0.583280036030346
0.22384965089823305
0.9370409009849847
0.5193893308194618
0.4177102300099923
0.46339205826480445
0.846078347666912
0.943205895094513
0.36905788890823055
0.6450887313727568
0.5774562739639086
0.950035094450619
0.4318980786224291
0.9267379903363243
0.830320259652234
0.00770807021917852
0.040535349689438505
0.7464085183645978
0.7953191220744597
0.8427835830179407
0.8950966594411042
0.7601528960796401
0.7487803933804568
0.4775855674821875
0.4820599074129942
0.5405677267203163
0.39522490720381664
0.8802619491970083
0.08846044856834911
0.8863590548498886
0.6491482191503936
0.9943574261918716
0.5482460600138076
0.2826732401269284
