id,runtime,score
0,100,-0.5866235625
0,200,-0.5866235625
0,300,-0.5985709687499999
0,400,-0.641330359375
0,500,-0.641330359375
0,600,-0.641330359375
0,700,-0.641330359375
0,800,-0.641330359375
0,900,-0.6413782656249999
0,1000,-0.6600097031249998
0,1100,-0.6896445625000001
0,1200,-0.6896445625000001
0,1300,-0.6954940624999999
0,1400,-0.6954940624999999
0,1500,-0.7021135625000001
0,1600,-0.704265125
0,1700,-0.7209915468750001
0,1800,-0.7211401406250001
0,1900,-0.7403388125000001
0,2000,-0.740801171875
0,2100,-0.740801171875
0,2200,-0.742971671875
0,2300,-0.7442755312500001
0,2400,-0.7464460312500001
0,2500,-0.7464460312500001
0,2600,-0.7464460312500001
0,2700,-0.7464460312500001
0,2800,-0.7464460312500001
0,2900,-0.7464460312500001
0,3000,-0.7464460312500001
0,3100,-0.7523587812500001
0,3200,-0.7523587812500001
0,3300,-0.759853640625
0,3400,-0.759853640625
0,3500,-0.759853640625
0,3600,-0.759853640625
0,3700,-0.759853640625
0,3800,-0.759853640625
0,3900,-0.759853640625
0,4000,-0.759853640625
0,4100,-0.759853640625
0,4200,-0.759853640625
0,4300,-0.759853640625
0,4400,-0.759853640625
0,4500,-0.759853640625
0,4600,-0.759853640625
0,4700,-0.759853640625
0,4800,-0.759853640625
0,4900,-0.759853640625
0,5000,-0.759853640625
0,5100,-0.759853640625
0,5200,-0.759853640625
0,5300,-0.759853640625
0,5400,-0.759853640625
0,5500,-0.759853640625
0,5600,-0.759853640625
0,5700,-0.759853640625
0,5800,-0.759853640625
0,5900,-0.759853640625
0,6000,-0.759853640625
0,6100,-0.759853640625
0,6200,-0.759853640625
0,6300,-0.759853640625
0,6400,-0.759853640625
0,6500,-0.759853640625
0,6600,-0.759853640625
0,6700,-0.759853640625
0,6800,-0.759853640625
0,6900,-0.759853640625
0,7000,-0.759853640625
0,7100,-0.759853640625
0,7200,-0.759853640625
0,7300,-0.759853640625
0,7400,-0.759853640625
0,7500,-0.759853640625
0,7600,-0.759853640625
0,7700,-0.759853640625
0,7800,-0.759853640625
0,7900,-0.759853640625
0,8000,-0.759853640625
0,8100,-0.759853640625
0,8200,-0.759853640625
0,8300,-0.759853640625
0,8400,-0.759853640625
0,8500,-0.759853640625
0,8600,-0.759853640625
0,8700,-0.759853640625
0,8800,-0.759853640625
0,8900,-0.759853640625
0,9000,-0.759853640625
0,9100,-0.759853640625
0,9200,-0.759853640625
0,9300,-0.759853640625
0,9400,-0.759853640625
0,9500,-0.759853640625
0,9600,-0.759853640625
0,9700,-0.759853640625
0,9800,-0.759853640625
0,9900,-0.759853640625
0,10000,-0.759853640625
1,100,-0.5754804531250001
1,200,-0.5803290781249999
1,300,-0.6011175781249999
1,400,-0.6356909218750002
1,500,-0.6356909218750002
1,600,-0.64542225
1,700,-0.64542225
1,800,-0.6578565937500002
1,900,-0.6691355156250001
1,1000,-0.6797863593750002
1,1100,-0.68893771875
1,1200,-0.7074521875
1,1300,-0.7117497968750001
1,1400,-0.7117497968750001
1,1500,-0.7117497968750001
1,1600,-0.7117497968750001
1,1700,-0.7117497968750001
1,1800,-0.7144926093750001
1,1900,-0.7256834218749999
1,2000,-0.7256834218749999
1,2100,-0.7306310468749998
1,2200,-0.7413366406249998
1,2300,-0.7413366406249998
1,2400,-0.7413366406249998
1,2500,-0.7413366406249998
1,2600,-0.7492239374999999
1,2700,-0.7492239374999999
1,2800,-0.7533585468749998
1,2900,-0.7533585468749998
1,3000,-0.7533585468749998
1,3100,-0.7533585468749998
1,3200,-0.7533585468749998
1,3300,-0.7533585468749998
1,3400,-0.7533585468749998
1,3500,-0.7533585468749998
1,3600,-0.7533585468749998
1,3700,-0.7533585468749998
1,3800,-0.7533585468749998
1,3900,-0.7533585468749998
1,4000,-0.7533585468749998
1,4100,-0.7533585468749998
1,4200,-0.7533585468749998
1,4300,-0.7533585468749998
1,4400,-0.7533585468749998
1,4500,-0.7533585468749998
1,4600,-0.7533585468749998
1,4700,-0.7533585468749998
1,4800,-0.7533585468749998
1,4900,-0.7533585468749998
1,5000,-0.7533585468749998
1,5100,-0.7533585468749998
1,5200,-0.7533585468749998
1,5300,-0.7533585468749998
1,5400,-0.7533585468749998
1,5500,-0.7533585468749998
1,5600,-0.7533585468749998
1,5700,-0.7533585468749998
1,5800,-0.7533585468749998
1,5900,-0.7533585468749998
1,6000,-0.7533585468749998
1,6100,-0.7533585468749998
1,6200,-0.7533585468749998
1,6300,-0.7533585468749998
1,6400,-0.7533585468749998
1,6500,-0.7533585468749998
1,6600,-0.7533585468749998
1,6700,-0.7533585468749998
1,6800,-0.7533585468749998
1,6900,-0.7533585468749998
1,7000,-0.7533585468749998
1,7100,-0.7533585468749998
1,7200,-0.7533585468749998
1,7300,-0.7533585468749998
1,7400,-0.7533585468749998
1,7500,-0.7533585468749998
1,7600,-0.7533585468749998
1,7700,-0.7533585468749998
1,7800,-0.7533585468749998
1,7900,-0.7533585468749998
1,8000,-0.7533585468749998
1,8100,-0.7533585468749998
1,8200,-0.7533585468749998
1,8300,-0.7533585468749998
1,8400,-0.7533585468749998
1,8500,-0.7533585468749998
1,8600,-0.7533585468749998
1,8700,-0.7533585468749998
1,8800,-0.7533585468749998
1,8900,-0.7533585468749998
1,9000,-0.7533585468749998
1,9100,-0.7533585468749998
1,9200,-0.7533585468749998
1,9300,-0.7533585468749998
1,9400,-0.7533585468749998
1,9500,-0.7533585468749998
1,9600,-0.7533585468749998
1,9700,-0.7533585468749998
1,9800,-0.7533585468749998
1,9900,-0.7533585468749998
1,10000,-0.7533585468749998
2,100,-0.595123875
2,200,-0.6058943124999999
2,300,-0.60922109375
2,400,-0.60922109375
2,500,-0.6209841406250001
2,600,-0.643838078125
2,700,-0.643838078125
2,800,-0.6610902031249998
2,900,-0.6610902031249998
2,1000,-0.6894026093749998
2,1100,-0.6894026093749998
2,1200,-0.6894026093749998
2,1300,-0.6912781562499998
2,1400,-0.6912781562499998
2,1500,-0.6998252968749997
2,1600,-0.7090649062499995
2,1700,-0.7216100468749997
2,1800,-0.7216100468749997
2,1900,-0.7270304999999996
2,2000,-0.7319426406249997
2,2100,-0.7319426406249997
2,2200,-0.7322973124999997
2,2300,-0.7337344218749998
2,2400,-0.7412057499999998
2,2500,-0.7414505468749999
2,2600,-0.7420851562499998
2,2700,-0.7420851562499998
2,2800,-0.7420851562499998
2,2900,-0.7420851562499998
2,3000,-0.7420851562499998
2,3100,-0.7420851562499998
2,3200,-0.7420851562499998
2,3300,-0.7420851562499998
2,3400,-0.7420851562499998
2,3500,-0.7420851562499998
2,3600,-0.7420851562499998
2,3700,-0.7420851562499998
2,3800,-0.7420851562499998
2,3900,-0.7420851562499998
2,4000,-0.7420851562499998
2,4100,-0.7420851562499998
2,4200,-0.7420851562499998
2,4300,-0.7420851562499998
2,4400,-0.7420851562499998
2,4500,-0.7420851562499998
2,4600,-0.7420851562499998
2,4700,-0.7420851562499998
2,4800,-0.7420851562499998
2,4900,-0.7420851562499998
2,5000,-0.7420851562499998
2,5100,-0.7420851562499998
2,5200,-0.7420851562499998
2,5300,-0.7420851562499998
2,5400,-0.7420851562499998
2,5500,-0.7420851562499998
2,5600,-0.7420851562499998
2,5700,-0.7420851562499998
2,5800,-0.7420851562499998
2,5900,-0.7420851562499998
2,6000,-0.7420851562499998
2,6100,-0.7420851562499998
2,6200,-0.7420851562499998
2,6300,-0.7420851562499998
2,6400,-0.7512730312499999
2,6500,-0.7512730312499999
2,6600,-0.7512730312499999
2,6700,-0.7512730312499999
2,6800,-0.7512730312499999
2,6900,-0.7512730312499999
2,7000,-0.7512730312499999
2,7100,-0.7512730312499999
2,7200,-0.7512730312499999
2,7300,-0.7512730312499999
2,7400,-0.7512730312499999
2,7500,-0.7512730312499999
2,7600,-0.7512730312499999
2,7700,-0.7512730312499999
2,7800,-0.7538365156249999
2,7900,-0.7538365156249999
2,8000,-0.7538365156249999
2,8100,-0.7538365156249999
2,8200,-0.7538365156249999
2,8300,-0.7538365156249999
2,8400,-0.7557679999999999
2,8500,-0.7557679999999999
2,8600,-0.7557679999999999
2,8700,-0.7557679999999999
2,8800,-0.7557679999999999
2,8900,-0.7557679999999999
2,9000,-0.7588237187499999
2,9100,-0.7588237187499999
2,9200,-0.7588237187499999
2,9300,-0.7588237187499999
2,9400,-0.7588237187499999
2,9500,-0.7588237187499999
2,9600,-0.7588237187499999
2,9700,-0.7588237187499999
2,9800,-0.7588237187499999
2,9900,-0.7588237187499999
2,10000,-0.7588237187499999
3,100,-0.5834647499999998
3,200,-0.5876330156250003
3,300,-0.60487775
3,400,-0.60487775
3,500,-0.6269569843749999
3,600,-0.6337113125
3,700,-0.6337113125
3,800,-0.6340108281249999
3,900,-0.6434077812500002
3,1000,-0.6469726562499999
3,1100,-0.670850171875
3,1200,-0.67507209375
3,1300,-0.67507209375
3,1400,-0.6796746093749999
3,1500,-0.6796746093749999
3,1600,-0.688308265625
3,1700,-0.688308265625
3,1800,-0.694728375
3,1900,-0.6971655468750001
3,2000,-0.7014632343750001
3,2100,-0.7014632343750001
3,2200,-0.7014632343750001
3,2300,-0.7034257500000003
3,2400,-0.703535859375
3,2500,-0.703535859375
3,2600,-0.7054983750000001
3,2700,-0.7054983750000001
3,2800,-0.7054983750000001
3,2900,-0.7054983750000001
3,3000,-0.7054983750000001
3,3100,-0.7054983750000001
3,3200,-0.7054983750000001
3,3300,-0.7054983750000001
3,3400,-0.7054983750000001
3,3500,-0.7054983750000001
3,3600,-0.7054983750000001
3,3700,-0.7054983750000001
3,3800,-0.7054983750000001
3,3900,-0.7054983750000001
3,4000,-0.7054983750000001
3,4100,-0.7054983750000001
3,4200,-0.7054983750000001
3,4300,-0.7054983750000001
3,4400,-0.7054983750000001
3,4500,-0.7054983750000001
3,4600,-0.7054983750000001
3,4700,-0.7054983750000001
3,4800,-0.7054983750000001
3,4900,-0.7054983750000001
3,5000,-0.7054983750000001
3,5100,-0.7054983750000001
3,5200,-0.7054983750000001
3,5300,-0.7054983750000001
3,5400,-0.7054983750000001
3,5500,-0.7054983750000001
3,5600,-0.7054983750000001
3,5700,-0.7054983750000001
3,5800,-0.7054983750000001
3,5900,-0.7054983750000001
3,6000,-0.7054983750000001
3,6100,-0.7054983750000001
3,6200,-0.7054983750000001
3,6300,-0.7054983750000001
3,6400,-0.7054983750000001
3,6500,-0.7054983750000001
3,6600,-0.7054983750000001
3,6700,-0.7054983750000001
3,6800,-0.7054983750000001
3,6900,-0.7054983750000001
3,7000,-0.7054983750000001
3,7100,-0.7054983750000001
3,7200,-0.7054983750000001
3,7300,-0.7054983750000001
3,7400,-0.7054983750000001
3,7500,-0.7054983750000001
3,7600,-0.7073310000000002
3,7700,-0.7073310000000002
3,7800,-0.7073310000000002
3,7900,-0.7073310000000002
3,8000,-0.7073310000000002
3,8100,-0.7073310000000002
3,8200,-0.7073310000000002
3,8300,-0.7073310000000002
3,8400,-0.7073310000000002
3,8500,-0.7073310000000002
3,8600,-0.7073310000000002
3,8700,-0.7073310000000002
3,8800,-0.7073310000000002
3,8900,-0.7073310000000002
3,9000,-0.7073310000000002
3,9100,-0.7073310000000002
3,9200,-0.7073310000000002
3,9300,-0.7073310000000002
3,9400,-0.7073310000000002
3,9500,-0.7073310000000002
3,9600,-0.7073310000000002
3,9700,-0.7073310000000002
3,9800,-0.7073310000000002
3,9900,-0.7073310000000002
3,10000,-0.7073310000000002
4,100,-0.5906120156249999
4,200,-0.5949330937500004
4,300,-0.5949330937500004
4,400,-0.6310710937499996
4,500,-0.6310710937499996
4,600,-0.6677914375000001
4,700,-0.6677914375000001
4,800,-0.6677914375000001
4,900,-0.6677914375000001
4,1000,-0.6839258593750004
4,1100,-0.6839258593750004
4,1200,-0.6887820625
4,1300,-0.6954890312500001
4,1400,-0.716542109375
4,1500,-0.7235310312500002
4,1600,-0.7552406406250003
4,1700,-0.7558560937500003
4,1800,-0.7558560937500003
4,1900,-0.7579824375000004
4,2000,-0.7579824375000004
4,2100,-0.7579824375000004
4,2200,-0.7579824375000004
4,2300,-0.7579824375000004
4,2400,-0.7579824375000004
4,2500,-0.7580341093750003
4,2600,-0.7580341093750003
4,2700,-0.7580341093750003
4,2800,-0.7580341093750003
4,2900,-0.7580341093750003
4,3000,-0.7580341093750003
4,3100,-0.7580341093750003
4,3200,-0.7580341093750003
4,3300,-0.7580341093750003
4,3400,-0.7580341093750003
4,3500,-0.7580341093750003
4,3600,-0.7580341093750003
4,3700,-0.7580341093750003
4,3800,-0.7586794062500002
4,3900,-0.7586794062500002
4,4000,-0.7586794062500002
4,4100,-0.7586794062500002
4,4200,-0.7586794062500002
4,4300,-0.7586794062500002
4,4400,-0.7586794062500002
4,4500,-0.7586794062500002
4,4600,-0.7586794062500002
4,4700,-0.7586794062500002
4,4800,-0.7586794062500002
4,4900,-0.7586794062500002
4,5000,-0.7586794062500002
4,5100,-0.7586794062500002
4,5200,-0.7586794062500002
4,5300,-0.7586794062500002
4,5400,-0.7586794062500002
4,5500,-0.7586794062500002
4,5600,-0.7586794062500002
4,5700,-0.7586794062500002
4,5800,-0.7586794062500002
4,5900,-0.7586794062500002
4,6000,-0.7586794062500002
4,6100,-0.7586794062500002
4,6200,-0.7586794062500002
4,6300,-0.7586794062500002
4,6400,-0.7586794062500002
4,6500,-0.7586794062500002
4,6600,-0.7586794062500002
4,6700,-0.7586794062500002
4,6800,-0.7586794062500002
4,6900,-0.7586794062500002
4,7000,-0.7586794062500002
4,7100,-0.7586794062500002
4,7200,-0.7599012343750001
4,7300,-0.7599012343750001
4,7400,-0.7599012343750001
4,7500,-0.7599012343750001
4,7600,-0.7599012343750001
4,7700,-0.7599012343750001
4,7800,-0.7599012343750001
4,7900,-0.7599012343750001
4,8000,-0.7599012343750001
4,8100,-0.7599012343750001
4,8200,-0.7599012343750001
4,8300,-0.7599012343750001
4,8400,-0.7599012343750001
4,8500,-0.7599012343750001
4,8600,-0.7599012343750001
4,8700,-0.7599012343750001
4,8800,-0.7599012343750001
4,8900,-0.7599012343750001
4,9000,-0.7599012343750001
4,9100,-0.7599012343750001
4,9200,-0.7599012343750001
4,9300,-0.7599012343750001
4,9400,-0.7599012343750001
4,9500,-0.7599012343750001
4,9600,-0.7599012343750001
4,9700,-0.7599012343750001
4,9800,-0.7599012343750001
4,9900,-0.7599012343750001
4,10000,-0.7599012343750001
5,100,-0.5952369062499999
5,200,-0.5952369062499999
5,300,-0.5952369062499999
5,400,-0.6321165312500001
5,500,-0.6321165312500001
5,600,-0.6486883593750002
5,700,-0.6486883593750002
5,800,-0.6537258593749998
5,900,-0.6537258593749998
5,1000,-0.659466265625
5,1100,-0.6699230625000001
5,1200,-0.6756587656249999
5,1300,-0.6756587656249999
5,1400,-0.6845514062500002
5,1500,-0.6845514062500002
5,1600,-0.6901402968750002
5,1700,-0.6901402968750002
5,1800,-0.692423359375
5,1900,-0.696459765625
5,2000,-0.696459765625
5,2100,-0.7042268124999999
5,2200,-0.7169945156249999
5,2300,-0.71982084375
5,2400,-0.71982084375
5,2500,-0.71982084375
5,2600,-0.71982084375
5,2700,-0.71982084375
5,2800,-0.71982084375
5,2900,-0.71982084375
5,3000,-0.71982084375
5,3100,-0.71982084375
5,3200,-0.71982084375
5,3300,-0.71982084375
5,3400,-0.71982084375
5,3500,-0.71982084375
5,3600,-0.71982084375
5,3700,-0.71982084375
5,3800,-0.71982084375
5,3900,-0.71982084375
5,4000,-0.71982084375
5,4100,-0.71982084375
5,4200,-0.71982084375
5,4300,-0.71982084375
5,4400,-0.71982084375
5,4500,-0.71982084375
5,4600,-0.71982084375
5,4700,-0.71982084375
5,4800,-0.71982084375
5,4900,-0.71982084375
5,5000,-0.71982084375
5,5100,-0.71982084375
5,5200,-0.71982084375
5,5300,-0.71982084375
5,5400,-0.71982084375
5,5500,-0.71982084375
5,5600,-0.71982084375
5,5700,-0.71982084375
5,5800,-0.71982084375
5,5900,-0.71982084375
5,6000,-0.71982084375
5,6100,-0.71982084375
5,6200,-0.71982084375
5,6300,-0.71982084375
5,6400,-0.71982084375
5,6500,-0.72407534375
5,6600,-0.72407534375
5,6700,-0.72407534375
5,6800,-0.72407534375
5,6900,-0.72407534375
5,7000,-0.72407534375
5,7100,-0.72407534375
5,7200,-0.72407534375
5,7300,-0.72407534375
5,7400,-0.72407534375
5,7500,-0.72407534375
5,7600,-0.72407534375
5,7700,-0.72407534375
5,7800,-0.72407534375
5,7900,-0.72407534375
5,8000,-0.72407534375
5,8100,-0.72407534375
5,8200,-0.72407534375
5,8300,-0.72407534375
5,8400,-0.72407534375
5,8500,-0.72407534375
5,8600,-0.72407534375
5,8700,-0.72407534375
5,8800,-0.72407534375
5,8900,-0.72407534375
5,9000,-0.72407534375
5,9100,-0.72407534375
5,9200,-0.72407534375
5,9300,-0.72407534375
5,9400,-0.72407534375
5,9500,-0.72407534375
5,9600,-0.72407534375
5,9700,-0.72407534375
5,9800,-0.72407534375
5,9900,-0.72407534375
5,10000,-0.72407534375
6,100,-0.58216728125
6,200,-0.6028897031250001
6,300,-0.6028897031250001
6,400,-0.613492515625
6,500,-0.613492515625
6,600,-0.6182323125
6,700,-0.6182323125
6,800,-0.6293325156249998
6,900,-0.6495311093749998
6,1000,-0.6495311093749998
6,1100,-0.6495311093749998
6,1200,-0.6821143906249997
6,1300,-0.6821143906249997
6,1400,-0.6837079374999999
6,1500,-0.6886946406249997
6,1600,-0.6886946406249997
6,1700,-0.7005559218749998
6,1800,-0.7005559218749998
6,1900,-0.7005559218749998
6,2000,-0.7015680156249999
6,2100,-0.7152978593749999
6,2200,-0.71674725
6,2300,-0.72900428125
6,2400,-0.72900428125
6,2500,-0.72900428125
6,2600,-0.72900428125
6,2700,-0.72900428125
6,2800,-0.72900428125
6,2900,-0.7333291249999999
6,3000,-0.7333291249999999
6,3100,-0.7333291249999999
6,3200,-0.7333291249999999
6,3300,-0.7333291249999999
6,3400,-0.7333291249999999
6,3500,-0.7333291249999999
6,3600,-0.7333291249999999
6,3700,-0.7333291249999999
6,3800,-0.7333291249999999
6,3900,-0.7333291249999999
6,4000,-0.7333291249999999
6,4100,-0.7333291249999999
6,4200,-0.7333291249999999
6,4300,-0.7333291249999999
6,4400,-0.7333291249999999
6,4500,-0.7333291249999999
6,4600,-0.7333291249999999
6,4700,-0.7333291249999999
6,4800,-0.7333291249999999
6,4900,-0.7333291249999999
6,5000,-0.7333291249999999
6,5100,-0.7333291249999999
6,5200,-0.7333291249999999
6,5300,-0.7333291249999999
6,5400,-0.7333291249999999
6,5500,-0.7333291249999999
6,5600,-0.7333291249999999
6,5700,-0.7333291249999999
6,5800,-0.7333291249999999
6,5900,-0.7333291249999999
6,6000,-0.7333291249999999
6,6100,-0.7333291249999999
6,6200,-0.7333291249999999
6,6300,-0.7333291249999999
6,6400,-0.7333291249999999
6,6500,-0.7333291249999999
6,6600,-0.7333291249999999
6,6700,-0.7333291249999999
6,6800,-0.7333291249999999
6,6900,-0.7333291249999999
6,7000,-0.7333291249999999
6,7100,-0.7333291249999999
6,7200,-0.7333291249999999
6,7300,-0.7333291249999999
6,7400,-0.7333291249999999
6,7500,-0.7333291249999999
6,7600,-0.7333291249999999
6,7700,-0.7333291249999999
6,7800,-0.7333291249999999
6,7900,-0.7333291249999999
6,8000,-0.7333291249999999
6,8100,-0.7333291249999999
6,8200,-0.7333291249999999
6,8300,-0.7333291249999999
6,8400,-0.7333291249999999
6,8500,-0.7333291249999999
6,8600,-0.7333291249999999
6,8700,-0.7333291249999999
6,8800,-0.7333291249999999
6,8900,-0.7333291249999999
6,9000,-0.7333291249999999
6,9100,-0.7333291249999999
6,9200,-0.7333291249999999
6,9300,-0.7333291249999999
6,9400,-0.7333291249999999
6,9500,-0.7333291249999999
6,9600,-0.7333291249999999
6,9700,-0.7333291249999999
6,9800,-0.7333291249999999
6,9900,-0.7333291249999999
6,10000,-0.7333291249999999
7,100,-0.55872371875
7,200,-0.5783045156250002
7,300,-0.60583759375
7,400,-0.60583759375
7,500,-0.624545921875
7,600,-0.624545921875
7,700,-0.624545921875
7,800,-0.6404425625000002
7,900,-0.6603126562499997
7,1000,-0.68531934375
7,1100,-0.68531934375
7,1200,-0.685820015625
7,1300,-0.685820015625
7,1400,-0.685820015625
7,1500,-0.685820015625
7,1600,-0.6945370312499999
7,1700,-0.702528796875
7,1800,-0.7244093906250001
7,1900,-0.7244093906250001
7,2000,-0.7244093906250001
7,2100,-0.7244093906250001
7,2200,-0.7335193125
7,2300,-0.7335193125
7,2400,-0.736603546875
7,2500,-0.7412792500000002
7,2600,-0.7434695781250001
7,2700,-0.7449069843750001
7,2800,-0.7479644062499999
7,2900,-0.7479644062499999
7,3000,-0.7479644062499999
7,3100,-0.7479644062499999
7,3200,-0.7479644062499999
7,3300,-0.7479644062499999
7,3400,-0.7479644062499999
7,3500,-0.7479644062499999
7,3600,-0.7479644062499999
7,3700,-0.753164859375
7,3800,-0.753164859375
7,3900,-0.753164859375
7,4000,-0.753164859375
7,4100,-0.753164859375
7,4200,-0.753164859375
7,4300,-0.753164859375
7,4400,-0.753164859375
7,4500,-0.753164859375
7,4600,-0.753164859375
7,4700,-0.753164859375
7,4800,-0.753164859375
7,4900,-0.753164859375
7,5000,-0.753164859375
7,5100,-0.753164859375
7,5200,-0.753164859375
7,5300,-0.753164859375
7,5400,-0.753164859375
7,5500,-0.753164859375
7,5600,-0.753164859375
7,5700,-0.753164859375
7,5800,-0.753164859375
7,5900,-0.753164859375
7,6000,-0.753164859375
7,6100,-0.753164859375
7,6200,-0.753164859375
7,6300,-0.753164859375
7,6400,-0.753164859375
7,6500,-0.753164859375
7,6600,-0.753164859375
7,6700,-0.753164859375
7,6800,-0.753164859375
7,6900,-0.753164859375
7,7000,-0.753164859375
7,7100,-0.753164859375
7,7200,-0.753164859375
7,7300,-0.753164859375
7,7400,-0.753164859375
7,7500,-0.753164859375
7,7600,-0.753164859375
7,7700,-0.753164859375
7,7800,-0.753164859375
7,7900,-0.753164859375
7,8000,-0.753164859375
7,8100,-0.753164859375
7,8200,-0.753164859375
7,8300,-0.753164859375
7,8400,-0.753164859375
7,8500,-0.753164859375
7,8600,-0.753164859375
7,8700,-0.753164859375
7,8800,-0.753164859375
7,8900,-0.753164859375
7,9000,-0.753164859375
7,9100,-0.753164859375
7,9200,-0.753164859375
7,9300,-0.753164859375
7,9400,-0.753164859375
7,9500,-0.753164859375
7,9600,-0.753164859375
7,9700,-0.753164859375
7,9800,-0.753164859375
7,9900,-0.753164859375
7,10000,-0.753164859375
8,100,-0.604299046875
8,200,-0.6083486718750003
8,300,-0.6083486718750003
8,400,-0.6293589218750002
8,500,-0.630216421875
8,600,-0.6345971875000003
8,700,-0.6756159218750002
8,800,-0.6809137343750002
8,900,-0.6894601875000003
8,1000,-0.6894601875000003
8,1100,-0.6932277031250001
8,1200,-0.7217360156250002
8,1300,-0.7217360156250002
8,1400,-0.7281215781250002
8,1500,-0.7281215781250002
8,1600,-0.7298444062500002
8,1700,-0.7298444062500002
8,1800,-0.7343593437500001
8,1900,-0.7343593437500001
8,2000,-0.7343593437500001
8,2100,-0.7343593437500001
8,2200,-0.7343593437500001
8,2300,-0.7343593437500001
8,2400,-0.7343593437500001
8,2500,-0.7343593437500001
8,2600,-0.7343593437500001
8,2700,-0.7343593437500001
8,2800,-0.7343593437500001
8,2900,-0.7343593437500001
8,3000,-0.7343593437500001
8,3100,-0.7343593437500001
8,3200,-0.7343593437500001
8,3300,-0.7343593437500001
8,3400,-0.7343593437500001
8,3500,-0.7343593437500001
8,3600,-0.7343593437500001
8,3700,-0.7343593437500001
8,3800,-0.7343593437500001
8,3900,-0.7343593437500001
8,4000,-0.7343593437500001
8,4100,-0.7343593437500001
8,4200,-0.7343593437500001
8,4300,-0.7343593437500001
8,4400,-0.7343593437500001
8,4500,-0.7343593437500001
8,4600,-0.7343593437500001
8,4700,-0.7343593437500001
8,4800,-0.7343593437500001
8,4900,-0.7343593437500001
8,5000,-0.7343593437500001
8,5100,-0.7343593437500001
8,5200,-0.7343593437500001
8,5300,-0.7343593437500001
8,5400,-0.7343593437500001
8,5500,-0.7343593437500001
8,5600,-0.7343593437500001
8,5700,-0.7343593437500001
8,5800,-0.7343593437500001
8,5900,-0.7343593437500001
8,6000,-0.7343593437500001
8,6100,-0.7343593437500001
8,6200,-0.7343593437500001
8,6300,-0.7343593437500001
8,6400,-0.7343593437500001
8,6500,-0.7343593437500001
8,6600,-0.7343593437500001
8,6700,-0.7343593437500001
8,6800,-0.7343593437500001
8,6900,-0.7343593437500001
8,7000,-0.7343593437500001
8,7100,-0.7343593437500001
8,7200,-0.7343593437500001
8,7300,-0.7343593437500001
8,7400,-0.7343593437500001
8,7500,-0.7343593437500001
8,7600,-0.7343593437500001
8,7700,-0.7343593437500001
8,7800,-0.7343593437500001
8,7900,-0.7343593437500001
8,8000,-0.7343593437500001
8,8100,-0.7372970156250002
8,8200,-0.7372970156250002
8,8300,-0.7372970156250002
8,8400,-0.7372970156250002
8,8500,-0.7372970156250002
8,8600,-0.7372970156250002
8,8700,-0.7372970156250002
8,8800,-0.7372970156250002
8,8900,-0.7372970156250002
8,9000,-0.7372970156250002
8,9100,-0.7372970156250002
8,9200,-0.7372970156250002
8,9300,-0.7372970156250002
8,9400,-0.7372970156250002
8,9500,-0.7372970156250002
8,9600,-0.7372970156250002
8,9700,-0.7372970156250002
8,9800,-0.7372970156250002
8,9900,-0.7372970156250002
8,10000,-0.7372970156250002
9,100,-0.5751951249999999
9,200,-0.5935138281250001
9,300,-0.5975055781250002
9,400,-0.6110510468749997
9,500,-0.622930265625
9,600,-0.633159671875
9,700,-0.6510700937499998
9,800,-0.664792984375
9,900,-0.664792984375
9,1000,-0.6683943593749999
9,1100,-0.6687810312499999
9,1200,-0.7206219687500001
9,1300,-0.7206219687500001
9,1400,-0.7206219687500001
9,1500,-0.7206219687500001
9,1600,-0.7323212343750001
9,1700,-0.7367918906250001
9,1800,-0.7367918906250001
9,1900,-0.7367918906250001
9,2000,-0.7367918906250001
9,2100,-0.743949109375
9,2200,-0.7449666875000001
9,2300,-0.7449666875000001
9,2400,-0.7449666875000001
9,2500,-0.7449666875000001
9,2600,-0.7449666875000001
9,2700,-0.7449666875000001
9,2800,-0.7449666875000001
9,2900,-0.7449666875000001
9,3000,-0.7449666875000001
9,3100,-0.7449666875000001
9,3200,-0.7449666875000001
9,3300,-0.7449666875000001
9,3400,-0.7449666875000001
9,3500,-0.7449666875000001
9,3600,-0.7449666875000001
9,3700,-0.7449666875000001
9,3800,-0.7449666875000001
9,3900,-0.7449666875000001
9,4000,-0.7449666875000001
9,4100,-0.7449666875000001
9,4200,-0.7449666875000001
9,4300,-0.7449666875000001
9,4400,-0.7449666875000001
9,4500,-0.7449666875000001
9,4600,-0.7449666875000001
9,4700,-0.7449666875000001
9,4800,-0.7449666875000001
9,4900,-0.7449666875000001
9,5000,-0.7449666875000001
9,5100,-0.7449666875000001
9,5200,-0.7449666875000001
9,5300,-0.7449666875000001
9,5400,-0.7449666875000001
9,5500,-0.7449666875000001
9,5600,-0.7449666875000001
9,5700,-0.7449666875000001
9,5800,-0.7449666875000001
9,5900,-0.7449666875000001
9,6000,-0.7449666875000001
9,6100,-0.7449666875000001
9,6200,-0.7449666875000001
9,6300,-0.7449666875000001
9,6400,-0.7449666875000001
9,6500,-0.7449666875000001
9,6600,-0.7449666875000001
9,6700,-0.7449666875000001
9,6800,-0.7449666875000001
9,6900,-0.7449666875000001
9,7000,-0.7449666875000001
9,7100,-0.7449666875000001
9,7200,-0.7449666875000001
9,7300,-0.7449666875000001
9,7400,-0.7449666875000001
9,7500,-0.7449666875000001
9,7600,-0.7449666875000001
9,7700,-0.7449666875000001
9,7800,-0.7449666875000001
9,7900,-0.7449666875000001
9,8000,-0.7449666875000001
9,8100,-0.7449666875000001
9,8200,-0.7449666875000001
9,8300,-0.7449666875000001
9,8400,-0.7449666875000001
9,8500,-0.7449666875000001
9,8600,-0.7449666875000001
9,8700,-0.7449666875000001
9,8800,-0.7449666875000001
9,8900,-0.7449666875000001
9,9000,-0.7449666875000001
9,9100,-0.7449666875000001
9,9200,-0.7449666875000001
9,9300,-0.7449666875000001
9,9400,-0.7449666875000001
9,9500,-0.7449666875000001
9,9600,-0.7449666875000001
9,9700,-0.7449666875000001
9,9800,-0.7449666875000001
9,9900,-0.7449666875000001
9,10000,-0.7449666875000001
