id,runtime,score
0,100,-78
0,200,-80
0,300,-108
0,400,-108
0,500,-114
0,600,-136
0,700,-136
0,800,-144
0,900,-148
0,1000,-162
0,1100,-166
0,1200,-166
0,1300,-170
0,1400,-170
0,1500,-170
0,1600,-174
0,1700,-174
0,1800,-174
0,1900,-178
0,2000,-180
0,2100,-180
0,2200,-180
0,2300,-184
0,2400,-184
0,2500,-184
0,2600,-184
0,2700,-184
0,2800,-184
0,2900,-184
0,3000,-184
0,3100,-184
0,3200,-184
0,3300,-184
0,3400,-184
0,3500,-184
0,3600,-184
0,3700,-184
0,3800,-184
0,3900,-184
0,4000,-184
0,4100,-184
0,4200,-184
0,4300,-184
0,4400,-184
0,4500,-184
0,4600,-184
0,4700,-184
0,4800,-184
0,4900,-184
0,5000,-184
0,5100,-184
0,5200,-184
0,5300,-184
0,5400,-184
0,5500,-184
0,5600,-184
0,5700,-184
0,5800,-184
0,5900,-184
0,6000,-184
0,6100,-184
0,6200,-184
0,6300,-184
0,6400,-184
0,6500,-184
0,6600,-184
0,6700,-184
0,6800,-184
0,6900,-184
0,7000,-184
0,7100,-184
0,7200,-184
0,7300,-184
0,7400,-184
0,7500,-184
0,7600,-184
0,7700,-184
0,7800,-184
0,7900,-184
0,8000,-184
0,8100,-184
0,8200,-184
0,8300,-184
0,8400,-184
0,8500,-184
0,8600,-184
0,8700,-184
0,8800,-184
0,8900,-184
0,9000,-184
0,9100,-184
0,9200,-184
0,9300,-184
0,9400,-184
0,9500,-184
0,9600,-184
0,9700,-184
0,9800,-184
0,9900,-184
0,10000,-184
1,100,-91
1,200,-91
1,300,-91
1,400,-125
1,500,-125
1,600,-133
1,700,-141
1,800,-159
1,900,-169
1,1000,-177
1,1100,-177
1,1200,-181
1,1300,-181
1,1400,-193
1,1500,-195
1,1600,-199
1,1700,-199
1,1800,-199
1,1900,-199
1,2000,-199
1,2100,-199
1,2200,-199
1,2300,-199
1,2400,-199
1,2500,-199
1,2600,-199
1,2700,-199
1,2800,-199
1,2900,-199
1,3000,-199
1,3100,-199
1,3200,-199
1,3300,-199
1,3400,-199
1,3500,-199
1,3600,-199
1,3700,-199
1,3800,-199
1,3900,-199
1,4000,-199
1,4100,-199
1,4200,-199
1,4300,-199
1,4400,-199
1,4500,-199
1,4600,-199
1,4700,-199
1,4800,-199
1,4900,-199
1,5000,-199
1,5100,-199
1,5200,-199
1,5300,-199
1,5400,-199
1,5500,-199
1,5600,-201
1,5700,-207
1,5800,-207
1,5900,-207
1,6000,-207
1,6100,-207
1,6200,-207
1,6300,-207
1,6400,-207
1,6500,-207
1,6600,-207
1,6700,-207
1,6800,-207
1,6900,-207
1,7000,-207
1,7100,-207
1,7200,-207
1,7300,-207
1,7400,-207
1,7500,-207
1,7600,-207
1,7700,-207
1,7800,-207
1,7900,-207
1,8000,-207
1,8100,-207
1,8200,-207
1,8300,-207
1,8400,-207
1,8500,-207
1,8600,-207
1,8700,-207
1,8800,-207
1,8900,-207
1,9000,-207
1,9100,-207
1,9200,-207
1,9300,-207
1,9400,-207
1,9500,-207
1,9600,-207
1,9700,-207
1,9800,-207
1,9900,-207
1,10000,-207
2,100,-59
2,200,-97
2,300,-97
2,400,-113
2,500,-113
2,600,-131
2,700,-131
2,800,-147
2,900,-157
2,1000,-157
2,1100,-173
2,1200,-173
2,1300,-181
2,1400,-185
2,1500,-187
2,1600,-189
2,1700,-191
2,1800,-193
2,1900,-193
2,2000,-193
2,2100,-193
2,2200,-193
2,2300,-193
2,2400,-193
2,2500,-193
2,2600,-193
2,2700,-193
2,2800,-193
2,2900,-193
2,3000,-193
2,3100,-193
2,3200,-193
2,3300,-193
2,3400,-193
2,3500,-193
2,3600,-193
2,3700,-193
2,3800,-193
2,3900,-193
2,4000,-193
2,4100,-193
2,4200,-193
2,4300,-193
2,4400,-193
2,4500,-193
2,4600,-193
2,4700,-193
2,4800,-193
2,4900,-193
2,5000,-193
2,5100,-193
2,5200,-193
2,5300,-193
2,5400,-193
2,5500,-193
2,5600,-193
2,5700,-193
2,5800,-193
2,5900,-193
2,6000,-193
2,6100,-195
2,6200,-195
2,6300,-195
2,6400,-195
2,6500,-195
2,6600,-195
2,6700,-197
2,6800,-197
2,6900,-197
2,7000,-197
2,7100,-197
2,7200,-197
2,7300,-197
2,7400,-197
2,7500,-197
2,7600,-197
2,7700,-197
2,7800,-197
2,7900,-197
2,8000,-197
2,8100,-197
2,8200,-197
2,8300,-197
2,8400,-197
2,8500,-197
2,8600,-197
2,8700,-197
2,8800,-197
2,8900,-197
2,9000,-197
2,9100,-197
2,9200,-197
2,9300,-197
2,9400,-197
2,9500,-197
2,9600,-197
2,9700,-197
2,9800,-197
2,9900,-197
2,10000,-197
3,100,-87
3,200,-87
3,300,-105
3,400,-105
3,500,-115
3,600,-115
3,700,-123
3,800,-123
3,900,-141
3,1000,-157
3,1100,-157
3,1200,-163
3,1300,-165
3,1400,-169
3,1500,-173
3,1600,-175
3,1700,-179
3,1800,-179
3,1900,-181
3,2000,-181
3,2100,-181
3,2200,-181
3,2300,-181
3,2400,-183
3,2500,-187
3,2600,-189
3,2700,-189
3,2800,-189
3,2900,-189
3,3000,-191
3,3100,-191
3,3200,-191
3,3300,-191
3,3400,-191
3,3500,-191
3,3600,-191
3,3700,-191
3,3800,-191
3,3900,-191
3,4000,-191
3,4100,-191
3,4200,-191
3,4300,-191
3,4400,-191
3,4500,-191
3,4600,-191
3,4700,-191
3,4800,-191
3,4900,-191
3,5000,-191
3,5100,-191
3,5200,-191
3,5300,-191
3,5400,-191
3,5500,-191
3,5600,-191
3,5700,-191
3,5800,-191
3,5900,-191
3,6000,-191
3,6100,-191
3,6200,-191
3,6300,-191
3,6400,-191
3,6500,-191
3,6600,-191
3,6700,-191
3,6800,-191
3,6900,-191
3,7000,-191
3,7100,-191
3,7200,-191
3,7300,-191
3,7400,-191
3,7500,-191
3,7600,-191
3,7700,-191
3,7800,-191
3,7900,-191
3,8000,-191
3,8100,-191
3,8200,-191
3,8300,-191
3,8400,-201
3,8500,-201
3,8600,-201
3,8700,-201
3,8800,-201
3,8900,-201
3,9000,-201
3,9100,-201
3,9200,-201
3,9300,-201
3,9400,-201
3,9500,-201
3,9600,-201
3,9700,-201
3,9800,-201
3,9900,-201
3,10000,-201
4,100,-68
4,200,-72
4,300,-82
4,400,-84
4,500,-132
4,600,-132
4,700,-132
4,800,-136
4,900,-154
4,1000,-168
4,1100,-168
4,1200,-170
4,1300,-170
4,1400,-176
4,1500,-180
4,1600,-184
4,1700,-184
4,1800,-186
4,1900,-186
4,2000,-186
4,2100,-186
4,2200,-186
4,2300,-186
4,2400,-186
4,2500,-188
4,2600,-188
4,2700,-188
4,2800,-188
4,2900,-188
4,3000,-188
4,3100,-188
4,3200,-188
4,3300,-188
4,3400,-188
4,3500,-188
4,3600,-188
4,3700,-188
4,3800,-194
4,3900,-194
4,4000,-194
4,4100,-194
4,4200,-194
4,4300,-194
4,4400,-194
4,4500,-194
4,4600,-194
4,4700,-194
4,4800,-194
4,4900,-194
4,5000,-194
4,5100,-194
4,5200,-194
4,5300,-194
4,5400,-194
4,5500,-194
4,5600,-194
4,5700,-194
4,5800,-194
4,5900,-194
4,6000,-194
4,6100,-194
4,6200,-194
4,6300,-194
4,6400,-194
4,6500,-194
4,6600,-194
4,6700,-194
4,6800,-194
4,6900,-194
4,7000,-194
4,7100,-194
4,7200,-194
4,7300,-194
4,7400,-194
4,7500,-194
4,7600,-194
4,7700,-194
4,7800,-194
4,7900,-194
4,8000,-194
4,8100,-194
4,8200,-194
4,8300,-194
4,8400,-194
4,8500,-194
4,8600,-194
4,8700,-194
4,8800,-194
4,8900,-194
4,9000,-194
4,9100,-194
4,9200,-194
4,9300,-194
4,9400,-194
4,9500,-194
4,9600,-194
4,9700,-194
4,9800,-194
4,9900,-194
4,10000,-194
5,100,-90
5,200,-90
5,300,-92
5,400,-114
5,500,-114
5,600,-114
5,700,-124
5,800,-156
5,900,-156
5,1000,-180
5,1100,-184
5,1200,-184
5,1300,-186
5,1400,-198
5,1500,-198
5,1600,-198
5,1700,-200
5,1800,-202
5,1900,-202
5,2000,-202
5,2100,-202
5,2200,-202
5,2300,-202
5,2400,-202
5,2500,-210
5,2600,-212
5,2700,-214
5,2800,-216
5,2900,-216
5,3000,-216
5,3100,-216
5,3200,-216
5,3300,-216
5,3400,-216
5,3500,-216
5,3600,-216
5,3700,-220
5,3800,-224
5,3900,-224
5,4000,-224
5,4100,-224
5,4200,-224
5,4300,-224
5,4400,-224
5,4500,-224
5,4600,-224
5,4700,-224
5,4800,-224
5,4900,-224
5,5000,-224
5,5100,-224
5,5200,-224
5,5300,-224
5,5400,-224
5,5500,-224
5,5600,-224
5,5700,-224
5,5800,-224
5,5900,-224
5,6000,-224
5,6100,-224
5,6200,-224
5,6300,-224
5,6400,-224
5,6500,-224
5,6600,-224
5,6700,-224
5,6800,-224
5,6900,-224
5,7000,-224
5,7100,-224
5,7200,-224
5,7300,-224
5,7400,-224
5,7500,-224
5,7600,-224
5,7700,-224
5,7800,-224
5,7900,-224
5,8000,-224
5,8100,-224
5,8200,-224
5,8300,-224
5,8400,-224
5,8500,-224
5,8600,-224
5,8700,-224
5,8800,-224
5,8900,-224
5,9000,-224
5,9100,-224
5,9200,-224
5,9300,-224
5,9400,-224
5,9500,-224
5,9600,-224
5,9700,-224
5,9800,-224
5,9900,-224
5,10000,-224
6,100,-60
6,200,-72
6,300,-96
6,400,-96
6,500,-108
6,600,-110
6,700,-114
6,800,-124
6,900,-126
6,1000,-138
6,1100,-142
6,1200,-148
6,1300,-154
6,1400,-156
6,1500,-162
6,1600,-162
6,1700,-170
6,1800,-170
6,1900,-174
6,2000,-174
6,2100,-174
6,2200,-174
6,2300,-174
6,2400,-174
6,2500,-174
6,2600,-174
6,2700,-174
6,2800,-174
6,2900,-174
6,3000,-174
6,3100,-174
6,3200,-174
6,3300,-174
6,3400,-174
6,3500,-174
6,3600,-174
6,3700,-174
6,3800,-174
6,3900,-174
6,4000,-174
6,4100,-174
6,4200,-174
6,4300,-174
6,4400,-174
6,4500,-174
6,4600,-174
6,4700,-174
6,4800,-174
6,4900,-174
6,5000,-174
6,5100,-174
6,5200,-178
6,5300,-178
6,5400,-178
6,5500,-178
6,5600,-178
6,5700,-178
6,5800,-178
6,5900,-178
6,6000,-180
6,6100,-180
6,6200,-180
6,6300,-180
6,6400,-180
6,6500,-180
6,6600,-180
6,6700,-180
6,6800,-180
6,6900,-180
6,7000,-180
6,7100,-180
6,7200,-180
6,7300,-180
6,7400,-180
6,7500,-180
6,7600,-180
6,7700,-180
6,7800,-180
6,7900,-180
6,8000,-180
6,8100,-180
6,8200,-180
6,8300,-180
6,8400,-180
6,8500,-180
6,8600,-180
6,8700,-180
6,8800,-180
6,8900,-180
6,9000,-180
6,9100,-180
6,9200,-180
6,9300,-180
6,9400,-180
6,9500,-180
6,9600,-180
6,9700,-180
6,9800,-180
6,9900,-180
6,10000,-180
7,100,-65
7,200,-67
7,300,-73
7,400,-97
7,500,-97
7,600,-127
7,700,-127
7,800,-127
7,900,-135
7,1000,-139
7,1100,-163
7,1200,-165
7,1300,-165
7,1400,-175
7,1500,-175
7,1600,-181
7,1700,-183
7,1800,-185
7,1900,-185
7,2000,-185
7,2100,-187
7,2200,-187
7,2300,-187
7,2400,-187
7,2500,-187
7,2600,-187
7,2700,-187
7,2800,-187
7,2900,-189
7,3000,-189
7,3100,-189
7,3200,-189
7,3300,-189
7,3400,-189
7,3500,-189
7,3600,-189
7,3700,-189
7,3800,-189
7,3900,-189
7,4000,-189
7,4100,-189
7,4200,-189
7,4300,-189
7,4400,-189
7,4500,-189
7,4600,-189
7,4700,-189
7,4800,-189
7,4900,-189
7,5000,-189
7,5100,-189
7,5200,-191
7,5300,-191
7,5400,-191
7,5500,-195
7,5600,-195
7,5700,-195
7,5800,-195
7,5900,-195
7,6000,-195
7,6100,-195
7,6200,-195
7,6300,-195
7,6400,-195
7,6500,-195
7,6600,-195
7,6700,-195
7,6800,-195
7,6900,-195
7,7000,-195
7,7100,-195
7,7200,-195
7,7300,-195
7,7400,-195
7,7500,-195
7,7600,-195
7,7700,-195
7,7800,-195
7,7900,-195
7,8000,-195
7,8100,-195
7,8200,-195
7,8300,-195
7,8400,-195
7,8500,-195
7,8600,-195
7,8700,-195
7,8800,-195
7,8900,-195
7,9000,-195
7,9100,-195
7,9200,-195
7,9300,-195
7,9400,-195
7,9500,-195
7,9600,-195
7,9700,-195
7,9800,-195
7,9900,-195
7,10000,-195
8,100,-69
8,200,-99
8,300,-99
8,400,-99
8,500,-133
8,600,-133
8,700,-163
8,800,-163
8,900,-163
8,1000,-167
8,1100,-175
8,1200,-187
8,1300,-187
8,1400,-193
8,1500,-217
8,1600,-217
8,1700,-217
8,1800,-221
8,1900,-221
8,2000,-221
8,2100,-221
8,2200,-221
8,2300,-221
8,2400,-221
8,2500,-221
8,2600,-221
8,2700,-221
8,2800,-221
8,2900,-221
8,3000,-221
8,3100,-221
8,3200,-221
8,3300,-221
8,3400,-221
8,3500,-221
8,3600,-221
8,3700,-221
8,3800,-221
8,3900,-221
8,4000,-221
8,4100,-221
8,4200,-221
8,4300,-221
8,4400,-221
8,4500,-221
8,4600,-221
8,4700,-221
8,4800,-221
8,4900,-221
8,5000,-221
8,5100,-221
8,5200,-221
8,5300,-221
8,5400,-221
8,5500,-221
8,5600,-221
8,5700,-221
8,5800,-221
8,5900,-221
8,6000,-221
8,6100,-221
8,6200,-221
8,6300,-221
8,6400,-221
8,6500,-221
8,6600,-221
8,6700,-221
8,6800,-221
8,6900,-221
8,7000,-221
8,7100,-221
8,7200,-221
8,7300,-221
8,7400,-221
8,7500,-221
8,7600,-221
8,7700,-221
8,7800,-221
8,7900,-221
8,8000,-221
8,8100,-221
8,8200,-221
8,8300,-221
8,8400,-221
8,8500,-221
8,8600,-221
8,8700,-221
8,8800,-221
8,8900,-221
8,9000,-221
8,9100,-221
8,9200,-221
8,9300,-221
8,9400,-221
8,9500,-221
8,9600,-221
8,9700,-221
8,9800,-221
8,9900,-221
8,10000,-221
9,100,-73
9,200,-73
9,300,-73
9,400,-125
9,500,-125
9,600,-125
9,700,-125
9,800,-125
9,900,-131
9,1000,-153
9,1100,-153
9,1200,-153
9,1300,-157
9,1400,-187
9,1500,-187
9,1600,-191
9,1700,-193
9,1800,-193
9,1900,-199
9,2000,-203
9,2100,-203
9,2200,-205
9,2300,-207
9,2400,-207
9,2500,-207
9,2600,-207
9,2700,-207
9,2800,-207
9,2900,-207
9,3000,-207
9,3100,-207
9,3200,-207
9,3300,-207
9,3400,-211
9,3500,-211
9,3600,-211
9,3700,-211
9,3800,-211
9,3900,-211
9,4000,-211
9,4100,-211
9,4200,-211
9,4300,-211
9,4400,-211
9,4500,-211
9,4600,-211
9,4700,-213
9,4800,-213
9,4900,-213
9,5000,-213
9,5100,-213
9,5200,-213
9,5300,-213
9,5400,-213
9,5500,-213
9,5600,-213
9,5700,-213
9,5800,-213
9,5900,-213
9,6000,-213
9,6100,-213
9,6200,-213
9,6300,-213
9,6400,-213
9,6500,-213
9,6600,-213
9,6700,-213
9,6800,-213
9,6900,-213
9,7000,-213
9,7100,-213
9,7200,-213
9,7300,-213
9,7400,-213
9,7500,-213
9,7600,-213
9,7700,-213
9,7800,-213
9,7900,-213
9,8000,-213
9,8100,-213
9,8200,-213
9,8300,-213
9,8400,-213
9,8500,-213
9,8600,-213
9,8700,-213
9,8800,-213
9,8900,-213
9,9000,-213
9,9100,-213
9,9200,-213
9,9300,-213
9,9400,-213
9,9500,-213
9,9600,-213
9,9700,-213
9,9800,-213
9,9900,-213
9,10000,-213
