1024 2
0
585
731
1
165
340
2
528
738
3
616
941
4
289
663
5
534
821
6
950
992
7
42
159
8
267
910
9
140
808
10
41
758
11
20
879
12
34
801
13
501
1013
14
621
978
15
554
912
16
366
886
17
491
950
18
522
988
19
37
375
20
800
867
21
721
916
22
503
588
23
375
963
24
198
669
25
217
700
26
288
992
27
408
684
28
712
784
29
565
808
3
30
691
31
138
719
32
79
877
33
800
967
34
361
522
35
693
866
36
336
959
21
37
780
38
65
423
39
922
959
40
643
678
41
242
932
28
42
119
43
843
853
33
44
176
45
414
852
46
75
205
47
835
860
48
424
490
49
55
317
50
498
543
51
784
801
52
518
805
53
317
911
23
54
845
55
343
534
34
56
273
57
863
1006
58
80
134
59
199
405
60
260
518
61
120
122
62
363
535
63
197
747
64
518
620
65
280
943
66
139
878
67
469
472
68
527
623
69
199
466
70
445
456
71
156
410
72
672
1003
73
768
931
74
79
303
75
592
780
76
246
336
77
202
279
78
705
866
65
79
852
80
108
637
81
166
828
24
82
602
83
357
665
84
322
492
64
85
1018
86
101
214
87
180
843
88
118
313
89
586
844
3
90
126
32
91
956
92
721
776
45
93
714
94
929
930
95
96
310
96
399
584
97
381
954
98
433
828
99
767
865
100
594
683
101
701
742
102
466
664
103
178
932
104
214
860
105
526
653
106
454
924
107
214
458
108
756
899
109
128
843
20
35
110
111
475
743
112
122
905
113
477
872
114
239
513
115
366
690
116
762
826
117
347
457
118
603
680
114
119
916
120
700
939
121
437
886
122
311
803
32
123
214
124
494
721
119
125
319
126
223
962
127
844
889
128
797
864
129
314
742
130
698
949
131
247
443
93
132
220
133
372
413
134
152
183
135
397
555
39
136
1010
137
205
498
85
138
189
139
292
874
140
365
893
141
561
953
120
142
873
143
175
593
69
144
742
145
355
863
146
405
627
147
324
914
148
673
997
71
149
848
150
394
512
91
151
296
35
152
356
151
153
309
154
247
969
106
155
241
156
157
242
157
625
848
158
450
590
159
195
552
73
160
345
161
449
450
162
622
962
45
163
405
164
438
560
165
337
956
77
166
464
167
498
690
47
168
325
23
169
730
143
170
526
171
661
911
172
190
637
173
422
590
174
732
744
175
196
314
176
254
477
40
177
735
178
444
504
179
534
732
124
180
284
10
181
679
163
182
395
85
183
346
184
489
518
185
571
652
61
186
470
58
187
261
188
511
581
189
390
866
163
190
417
191
332
972
192
268
357
103
193
969
194
208
1016
195
202
266
196
316
394
197
405
667
198
206
675
199
754
953
200
560
600
201
245
511
7
202
982
203
666
791
198
204
563
205
682
776
206
492
612
17
207
265
208
460
801
65
209
289
210
830
906
29
211
779
114
212
513
213
362
461
214
365
665
215
389
541
216
224
911
217
541
947
69
218
995
192
219
580
220
514
646
221
700
938
195
222
278
223
485
956
224
526
601
225
250
413
226
653
657
197
214
227
120
228
759
229
470
612
230
555
685
231
385
820
232
327
996
95
233
492
234
385
921
232
235
753
236
261
927
237
507
720
238
320
911
239
627
633
240
317
592
22
241
423
242
890
986
76
243
992
244
283
394
245
861
1017
246
825
961
216
247
808
248
490
795
249
268
527
150
250
468
251
395
828
252
331
636
253
284
996
15
225
254
177
245
255
89
256
447
104
257
605
54
258
531
259
422
712
12
260
339
261
289
579
262
579
938
120
263
628
20
68
264
265
707
782
266
673
814
267
810
907
83
268
647
269
662
883
270
288
841
271
348
933
272
748
961
178
273
374
169
274
895
275
714
913
276
511
988
277
722
802
123
278
528
33
279
707
42
280
915
244
281
829
282
604
1007
41
283
883
284
661
891
285
300
808
131
286
713
273
287
444
181
288
766
167
289
889
110
290
933
291
401
1023
292
514
747
145
166
293
119
294
737
176
295
786
296
543
643
297
589
880
298
300
825
299
771
861
92
300
894
301
508
989
191
302
509
94
142
303
304
615
759
305
374
424
306
342
373
307
366
851
308
360
720
309
348
633
310
480
901
311
696
1015
14
30
312
313
353
357
107
314
370
73
315
562
316
496
535
88
317
842
318
412
432
36
319
651
275
320
321
63
77
321
12
59
322
323
399
722
262
324
605
325
552
901
326
334
818
62
327
568
34
197
328
317
329
428
155
330
659
331
688
996
332
400
923
181
333
961
327
334
836
335
468
866
54
336
601
123
274
337
214
338
511
111
339
454
340
479
809
45
341
547
342
434
763
343
637
704
1
192
344
345
461
768
291
346
792
347
389
448
141
348
770
205
349
636
303
350
610
351
450
709
315
352
744
168
320
353
354
438
740
72
174
355
318
356
816
110
357
844
358
562
1004
359
941
968
183
360
534
309
361
599
261
362
702
363
830
978
23
364
368
365
370
923
43
366
615
315
367
543
368
742
923
99
369
1007
370
668
672
134
324
371
372
473
722
25
373
976
374
489
735
375
509
616
120
376
832
377
670
749
65
378
779
379
424
784
326
380
579
381
387
591
130
239
382
130
365
383
209
369
384
201
385
526
351
386
445
371
387
852
388
577
603
389
996
1020
68
333
390
35
391
851
392
403
749
121
393
729
320
394
670
395
442
1012
50
396
849
397
849
860
67
162
398
399
996
1015
324
400
625
205
401
418
18
402
578
363
403
719
404
650
740
405
496
611
406
597
642
407
447
800
193
408
863
372
409
489
410
642
994
175
411
416
412
498
727
367
413
997
221
267
414
112
415
665
144
416
445
291
417
743
83
276
418
193
419
702
420
500
884
58
301
421
54
422
617
423
594
610
424
685
867
377
425
848
426
523
696
427
454
540
428
457
836
23
124
429
425
430
558
431
463
818
67
432
614
125
433
815
327
341
434
354
435
470
436
938
979
173
437
450
121
438
671
112
196
439
440
488
559
93
441
484
283
442
940
443
908
974
444
717
749
309
445
956
102
152
446
447
470
866
73
448
775
449
741
1015
55
245
450
451
557
994
324
452
611
173
393
453
454
455
502
153
283
455
381
456
611
457
459
842
116
372
458
229
312
459
2
460
833
91
461
931
462
496
605
83
463
796
464
546
760
192
418
465
466
567
904
259
467
525
468
660
1008
169
368
469
420
470
758
471
616
776
25
385
472
457
473
771
6
470
474
475
544
979
476
652
688
68
477
874
478
761
1005
347
479
640
480
736
840
481
618
684
290
482
562
483
665
718
484
697
894
231
485
1018
371
486
822
487
712
714
18
488
880
67
489
825
95
490
958
36
491
595
86
492
1019
220
302
493
195
240
494
24
204
495
496
632
944
69
444
497
498
652
755
16
499
625
26
500
689
501
692
897
32
502
527
503
668
899
29
456
504
258
505
979
155
506
632
14
286
507
162
454
508
305
509
958
7
20
510
180
511
749
35
512
631
513
541
930
514
762
786
429
515
858
286
374
516
517
905
919
486
505
518
326
489
519
30
190
520
521
762
989
21
522
1005
154
523
872
300
341
524
525
629
793
414
425
526
324
419
527
255
528
772
475
529
535
84
530
1016
21
349
531
532
882
1021
374
509
533
36
270
534
428
535
676
536
551
731
166
537
960
538
809
1013
532
539
702
423
540
853
115
443
541
192
443
542
427
543
927
151
445
544
502
545
652
230
546
913
30
423
547
5
445
548
7
20
549
436
550
603
151
239
551
552
759
768
169
182
553
231
520
554
104
555
778
177
403
556
557
640
975
558
764
970
559
690
722
485
560
626
30
467
561
32
88
562
563
867
899
101
479
564
565
663
798
452
566
798
298
332
567
540
568
777
569
949
954
372
570
752
409
571
811
228
572
739
63
573
889
574
593
882
34
285
575
576
621
708
81
356
577
217
578
1016
322
579
1004
42
92
580
337
581
822
179
392
582
63
583
814
584
587
792
358
585
588
586
848
907
247
587
640
315
325
588
523
589
704
145
590
810
424
591
857
401
592
799
101
152
593
338
522
594
426
595
901
268
322
596
514
597
656
598
626
960
473
528
599
305
600
612
95
445
601
271
602
752
356
603
993
319
604
844
605
656
795
606
808
1002
70
607
677
608
640
805
173
447
609
159
610
925
113
611
962
356
611
612
613
756
1019
416
614
797
202
573
615
616
687
958
172
178
617
88
468
618
454
619
746
620
804
949
621
744
901
389
622
737
458
623
821
338
347
624
625
666
757
231
626
643
316
319
627
241
628
874
231
526
629
593
630
1003
226
631
682
504
558
632
633
638
741
588
634
739
547
635
752
80
471
636
477
602
637
207
638
804
538
639
928
522
628
640
105
355
641
222
489
642
213
643
712
32
112
644
548
645
733
438
646
697
500
647
993
379
648
845
201
242
649
509
650
801
538
651
688
466
652
710
653
698
861
51
600
654
655
723
859
204
656
910
329
657
713
605
658
763
222
659
720
51
269
660
661
736
763
279
366
662
637
663
845
36
664
671
333
665
681
51
491
666
195
663
667
95
668
722
12
248
669
670
696
733
335
508
671
17
314
672
1
115
673
519
674
926
675
965
1000
415
650
676
658
677
868
18
374
678
679
767
827
405
680
975
669
681
794
682
774
798
71
321
683
205
684
734
465
612
685
126
686
977
369
591
687
623
688
787
605
689
718
83
690
958
200
691
754
61
188
692
370
521
693
571
694
937
246
695
904
454
572
696
556
697
943
157
698
770
328
699
845
113
700
1006
701
777
871
204
702
824
442
521
703
453
704
968
458
705
850
195
609
706
179
601
707
362
708
864
5
489
709
644
710
812
711
747
781
108
624
712
22
646
713
128
248
714
556
715
818
716
889
989
58
717
868
105
574
718
695
719
864
434
720
805
185
549
721
12
466
722
155
539
723
724
893
1014
135
604
725
192
358
726
727
738
933
143
534
728
324
547
729
98
423
730
319
514
731
322
374
732
54
733
884
392
734
865
735
794
1016
736
779
790
45
737
753
334
671
738
87
152
739
18
740
773
376
581
741
380
742
820
72
436
743
438
744
853
15
536
745
323
746
829
747
841
1018
198
287
748
702
749
803
292
750
1018
636
751
919
676
752
976
124
542
753
454
754
807
458
559
755
569
756
857
334
709
757
370
672
758
203
556
759
366
508
760
142
579
761
87
371
762
136
297
763
240
764
878
740
765
841
32
344
766
437
752
767
72
417
768
769
787
924
175
770
845
87
114
771
91
262
772
278
296
773
264
774
780
404
775
781
409
458
776
479
666
777
326
487
778
174
779
951
564
780
870
581
781
809
136
371
782
278
334
783
105
709
784
274
425
785
192
349
786
787
829
982
120
132
788
129
464
789
561
790
913
173
429
791
198
334
792
13
148
793
156
329
794
262
795
1001
463
796
961
115
346
797
244
745
798
143
534
799
208
648
800
286
652
801
660
802
969
371
654
803
413
804
811
650
805
1018
527
806
952
307
689
807
39
491
808
78
667
809
80
595
810
792
811
997
195
229
812
323
536
813
231
401
814
114
815
924
200
393
816
182
212
817
484
676
818
490
789
819
431
609
820
179
821
909
500
749
822
16
489
823
359
412
824
422
455
825
132
638
826
642
827
1022
505
522
828
284
579
829
410
601
830
146
672
831
249
366
832
158
833
915
348
412
834
801
835
991
188
431
836
152
445
837
158
495
838
234
352
839
313
730
840
841
904
976
613
842
1008
274
843
993
693
729
844
476
489
845
495
563
846
52
370
847
142
447
848
349
418
849
364
850
1016
483
593
851
266
852
914
481
789
853
13
242
854
32
241
855
383
458
856
159
857
901
858
876
1000
386
454
859
5
507
860
846
861
913
148
862
892
670
810
863
64
864
931
55
153
865
179
371
866
704
850
867
40
100
868
221
408
869
380
664
870
482
730
871
468
872
929
627
833
873
535
874
982
184
441
875
309
876
921
3
877
970
527
727
878
135
451
879
483
643
880
148
310
881
468
539
882
506
747
883
632
843
884
88
331
885
162
788
886
669
833
887
630
847
888
369
438
889
402
890
900
554
593
891
328
806
892
308
442
893
342
852
894
197
544
895
388
817
896
359
724
897
527
898
935
86
822
899
571
900
938
798
848
901
297
857
902
740
821
903
502
702
904
834
870
905
829
906
916
180
464
907
86
751
908
458
506
909
578
910
921
301
710
911
19
96
912
173
913
973
168
254
914
445
745
915
567
575
916
426
917
954
657
918
1009
504
919
1001
40
289
920
333
383
921
28
351
922
492
530
923
326
671
924
91
862
925
85
808
926
364
927
995
528
728
928
313
724
929
51
647
930
30
102
931
551
718
932
360
846
933
821
934
1015
330
675
935
274
668
936
551
923
937
536
922
938
836
862
939
249
904
940
683
941
962
19
819
942
828
943
977
294
582
944
250
871
945
666
896
946
463
864
947
375
454
948
292
882
949
44
432
950
710
820
951
45
130
952
538
623
953
224
711
954
4
662
955
469
906
956
539
957
1003
480
596
958
369
377
959
802
846
960
132
170
961
402
620
962
347
391
963
93
96
964
443
457
965
97
913
966
404
469
967
25
460
968
54
365
969
228
291
970
317
955
971
278
300
972
97
825
973
627
804
974
285
489
975
701
712
976
24
72
977
218
875
978
598
774
979
3
592
980
610
773
981
793
982
1023
263
272
983
47
700
984
748
985
1014
48
966
986
336
773
987
712
951
988
669
981
989
90
875
990
24
102
991
707
950
992
605
644
993
412
794
994
431
754
995
507
911
996
211
854
997
812
836
998
73
391
999
126
626
1000
72
961
1001
15
216
1002
111
867
1003
232
407
1004
516
617
1005
191
658
1006
9
863
1007
575
876
1008
21
360
1009
453
928
1010
46
511
1011
439
1012
1020
564
585
1013
92
445
1014
46
151
1015
334
630
1016
549
788
1017
476
587
1018
270
1000
1019
245
877
1020
290
369
1021
263
654
1022
50
838
1023
0.346284
0.923105
0.703691
0.463732
0.738741
0.007979
0.071618
0.654982
0.806417
0.277482
0.557728
0.680603
0.413564
0.17203
0.43928
0.427433
0.417132
0.210441
0.738978
0.01141
0.387675
0.496593
0.027101
0.261428
0.171066
0.796589
0.443101
0.189977
0.996381
0.744502
0.179319
0.999957
0.674166
0.442709
0.272151
0.5275
0.560299
0.674896
0.476007
0.82869
0.380037
0.526145
0.498002
0.711543
0.63349
0.243063
0.609824
0.702988
0.251503
0.666035
0.680376
0.604862
0.047602
0.422396
0.094031
0.937667
0.931497
0.476282
0.755628
0.750657
0.66337
0.919437
0.520608
0.684541
0.245825
0.911006
0.632318
0.61667
0.25365
0.891259
0.240763
0.082119
0.684347
0.984026
0.400137
0.3316
0.55824
0.4214
0.204379
0.72122
0.836544
0.479414
0.528931
0.896933
0.368291
0.728872
0.99
0.698577
0.708408
0.389255
0.424632
0.624251
0.585506
0.458154
0.560816
0.391284
0.274165
0.134816
0.126956
0.68992
0.478589
0.322447
0.206991
0.58781
0.330473
0.005528
0.719046
0.545683
0.949749
0.539791
0.846903
0.103837
0.931661
0.082953
0.016444
0.560578
0.543709
0.952729
0.396701
0.49907
0.044487
0.078188
0.646881
0.300038
0.996886
0.362292
0.627331
0.920464
0.902532
0.620261
0.117257
0.001493
0.122076
0.641871
0.343736
0.786853
0.145327
0.469149
0.859518
0.821034
0.811216
0.253978
0.106091
0.874313
0.635665
0.007642
0.613353
0.3588
0.137376
0.445818
0.491733
0.241152
0.01345
0.156204
0.068589
0.225738
0.911358
0.726557
0.524263
0.376334
0.823176
0.700426
0.67969
0.710323
0.905663
0.919095
0.830029
0.362153
0.213864
0.624935
0.72249
0.683277
0.503467
0.283048
0.258328
0.471832
0.537878
0.039331
0.789997
0.324626
0.493717
0.014938
0.390822
0.860913
0.390631
0.699053
0.774419
0.960546
0.496962
0.090476
0.697566
0.087815
0.738488
0.6883
0.064713
0.912361
0.711438
0.54774
0.130001
0.112163
0.272093
0.439102
0.957982
0.290339
0.774031
0.064125
0.283367
0.013973
0.617705
0.905788
0.69346
0.289421
0.131141
0.114257
0.018394
0.65501
0.926027
0.657118
0.950991
0.035424
0.925867
0.856108
0.81075
0.991324
0.343349
0.180105
0.789919
0.810652
0.154206
0.830023
0.305129
0.453492
0.051313
0.97658
0.052534
0.592861
0.825541
0.287227
0.884553
0.544295
0.205803
0.967778
0.648395
0.658242
0.006456
0.389819
0.462141
0.13936
0.339761
0.664498
0.332528
0.742332
0.330292
0.122233
0.467909
0.161935
0.590609
0.086918
0.006568
0.294976
0.215176
0.17941
0.990517
0.266956
0.458308
0.174172
0.531529
0.784305
0.982137
0.249885
0.152994
0.898746
0.879517
0.510767
0.948761
0.69807
0.570621
0.986512
0.905006
0.170817
0.726108
0.746933
0.97747
0.254733
0.817332
0.931532
0.471707
0.963391
0.895789
0.362055
0.208248
0.310141
0.681472
0.061782
0.230555
0.211485
0.534422
0.681299
0.404212
0.567792
0.139417
0.605076
0.434129
0.443882
0.53834
0.851492
0.709962
0.19822
0.812378
0.825068
0.061812
0.432637
0.286955
0.194087
0.040769
0.318181
0.02959
0.503068
0.496093
0.264673
0.872251
0.324974
0.091985
0.658197
0.036678
0.908622
0.472344
0.998618
0.723456
0.787419
0.908116
0.912282
0.379533
0.516131
0.404256
0.780086
0.057405
0.426814
0.124206
0.391786
0.521898
0.700059
0.030068
0.008092
0.875246
0.4865
0.82686
0.149609
0.55907
0.512051
0.681784
0.009135
0.986125
0.577081
0.894001
0.742381
0.130877
0.89505
0.343031
0.112576
0.675294
0.63071
0.659523
0.948787
0.756371
0.137749
0.315711
0.770796
0.069438
0.915375
0.840794
0.163078
0.374527
0.651975
0.45446
0.371831
0.267675
0.520996
0.024337
0.712047
0.329454
0.605874
0.213718
0.458819
0.734464
0.82572
0.662415
0.4105
0.287941
0.336338
0.283664
0.455121
0.728051
0.568039
0.985302
0.882503
0.368422
0.489306
0.44119
0.660806
0.154864
0.545171
0.865401
0.471289
0.045472
0.002312
0.746961
0.544304
0.091238
0.883808
0.043478
0.890097
0.803186
0.741472
0.063826
0.393507
0.595843
0.028242
0.902621
0.329481
0.246521
0.102714
0.967394
0.838589
0.922089
0.374623
0.539952
0.323513
0.957511
0.545817
0.377254
0.374899
0.336265
0.945816
0.485186
0.258619
0.468357
0.178742
0.824163
0.544852
0.893495
0.455011
0.651545
0.045961
0.777163
0.035577
0.027943
0.748511
0.98761
0.130896
0.432813
0.606487
0.516108
0.356878
0.88598
0.629181
0.157786
0.431063
0.358048
0.870151
0.428478
0.73665
0.868918
0.350883
0.123089
0.602065
0.510571
0.846661
0.016386
0.19284
0.504429
0.318829
0.22883
0.519663
0.132149
0.769277
0.413938
0.307227
0.571964
0.202905
0.738341
0.914387
0.497349
0.851342
0.635739
0.098587
0.497666
0.620852
0.431704
0.341992
0.271468
0.747643
0.191597
0.683868
0.942216
0.761723
0.370972
0.117719
0.493501
0.081342
0.080323
0.565585
0.401953
0.707968
0.604886
0.947344
0.746801
0.30212
0.822176
0.562205
0.431913
0.097642
0.077052
0.734598
0.947963
0.349119
0.699727
0.089936
0.951234
0.939481
0.614577
0.000475
0.928283
0.287695
0.902241
0.124031
0.538796
0.213768
0.160418
0.64419
0.819322
0.500594
0.262239
0.680643
0.570933
0.243404
0.355727
0.066001
0.289701
0.399988
0.846486
0.350655
0.25631
0.184344
0.268411
0.199522
0.901685
0.915302
0.259538
0.816219
0.751124
0.636946
0.416378
0.673313
0.240855
0.199311
0.36001
0.807223
0.498792
0.653917
0.174966
0.894231
0.008093
0.185439
0.475726
0.75347
0.776773
0.211288
0.752969
0.151615
0.937006
0.602431
0.349986
0.843643
0.970297
0.609269
0.213866
0.627331
0.828206
0.59256
0.771089
0.911322
0.909596
0.70345
0.615624
0.630811
0.659282
0.016061
0.529338
0.584847
0.80059
0.659293
0.715078
0.702621
0.895112
0.71583
0.70942
0.907058
0.335577
0.258595
0.189072
0.537122
0.553571
0.436545
0.425796
0.69866
0.26768
0.495569
0.437863
0.474003
0.151556
0.153571
0.657638
0.224209
0.882284
0.470935
0.699008
0.150667
0.697305
0.487593
0.800979
0.263969
0.320816
0.742014
0.99113
0.31614
0.465484
0.565804
0.358343
0.468787
0.436024
0.979042
0.530147
0.866021
0.45838
0.005604
0.709806
0.398662
0.860156
0.299938
0.945771
0.130075
0.981487
0.946519
0.915331
0.421051
0.371118
0.030521
0.347194
0.853166
0.881793
0.341352
0.524553
0.436551
0.334003
0.404829
0.547984
0.23697
0.264765
0.035882
0.392525
0.276203
0.387658
0.838182
0.398832
0.211925
0.405075
0.950719
0.568895
0.171766
0.363199
0.121821
0.599724
0.714816
0.895576
0.321522
0.676297
0.540553
0.323391
0.917904
0.425475
0.915327
0.433203
0.20715
0.479987
0.764494
0.189028
0.572251
0.616904
0.978676
0.640324
0.766483
0.229739
0.942096
0.547339
0.581277
0.163936
0.433141
0.488311
0.005424
0.516396
0.592512
0.748625
0.402571
0.80268
0.536035
0.397195
0.349316
0.818765
0.056734
0.818705
0.981874
0.677286
0.876076
0.41791
0.148327
0.788163
0.332899
0.521695
0.226538
0.845726
0.65546
0.370209
0.330397
0.693741
0.405244
0.776666
0.769844
0.858858
0.737912
0.905556
0.904101
0.846074
0.423874
0.397163
0.523489
0.623249
0.879543
0.525566
0.544046
0.356697
0.499688
0.461362
0.360688
0.448271
0.197033
0.027984
0.803296
0.290702
0.35984
0.40404
0.698454
0.617238
0.155663
0.908219
0.008494
0.873688
0.316668
0.951861
0.800513
0.619776
0.777483
0.911688
0.252473
0.566065
0.395766
0.91874
0.875254
0.733583
0.511086
0.337039
0.316973
0.340947
0.764839
0.348157
0.071241
0.80303
0.386437
0.645371
0.524772
0.535679
0.606041
0.703434
0.681864
0.150948
0.919505
0.210351
0.127002
0.406812
0.4888
0.312465
0.698432
0.059474
0.91007
0.995107
0.197371
0.565406
0.443374
0.484924
0.185324
0.850308
0.280588
0.716038
0.228316
0.478083
0.875341
0.351693
0.385608
0.210565
0.969525
0.759412
0.28019
0.976076
0.328857
0.699993
0.788724
0.083569
0.915835
0.962916
0.030093
0.577496
0.753669
0.847536
0.446642
0.193243
0.261684
0.33625
0.560945
0.669585
0.452153
0.70743
0.789301
0.534174
0.061241
0.480356
0.270726
0.063973
0.233806
0.096478
0.333482
0.18864
0.369453
0.04984
0.954145
0.829368
0.241985
0.029767
0.680386
0.684037
0.646666
0.434456
0.452139
0.527453
0.839405
0.074268
0.036547
0.32736
0.541805
0.097228
0.53964
0.642143
0.404981
0.201778
0.920349
0.866215
0.038297
0.410021
0.181311
0.374566
0.65944
0.211368
0.770664
0.326763
0.753254
0.335665
0.042056
0.412297
0.803022
0.210769
0.462963
0.014497
0.880117
0.584507
0.224871
0.576852
0.908833
0.226204
0.765184
0.930467
0.576918
0.3008
0.76913
0.297861
0.211613
0.017082
0.421626
0.899424
0.19775
0.327874
0.377694
0.111288
0.486485
0.135246
0.824422
0.322764
0.661167
0.457076
0.843632
0.39878
0.249311
0.692739
0.831215
0.491762
0.593765
0.075442
0.384307
0.46948
0.228554
0.639184
0.022184
0.483626
0.024396
0.058984
0.76853
0.810118
0.927034
0.160815
0.279767
0.753529
0.902378
0.195149
0.008932
0.407566
0.245567
0.22299
0.20047
0.670237
0.546052
0.80758
0.93179
0.28411
0.479997
0.51606
0.102547
0.032745
0.817123
0.427479
0.715726
0.359459
0.146029
0.336519
0.979779
0.891074
0.877991
0.663049
0.229536
0.178893
0.819447
0.624531
0.12651
0.093405
0.824824
0.285688
0.476583
0.029291
0.496466
0.651182
0.026298
0.199339
0.579036
0.745141
0.485623
0.390604
0.929414
0.150766
0.676639
0.853912
0.562893
0.84254
0.090561
0.075904
0.734596
0.644629
0.623853
0.290409
0.669968
0.848954
0.826939
0.57023
0.679207
0.698381
0.994589
0.553549
0.952244
0.800242
0.810276
0.85728
0.760681
0.968288
0.809958
0.368645
0.975717
0.628125
0.456592
0.080692
0.573296
0.176224
0.328729
0.786744
0.437295
0.637274
0.199817
0.774833
0.289146
0.592174
0.654386
0.879653
0.184717
0.699971
0.488121
0.770955
0.672492
0.278104
0.876118
0.012809
0.620849
0.115264
0.75961
0.588331
0.414192
0.305939
0.624643
0.330587
0.552409
0.304966
0.970022
0.648435
0.984152
0.364738
0.821175
0.244417
0.024042
0.776232
0.573593
0.384016
0.606518
0.8711
0.836664
0.886058
0.767095
0.411669
0.392184
0.56071
0.523528
0.008899
0.657455
0.071221
0.405996
0.308119
0.680293
0.980383
0.473962
0.363592
0.011979
0.406026
0.790768
0.027281
0.979294
0.002969
0.905597
0.228255
0.19304
0.577118
0.683839
0.843631
0.849936
0.705158
0.803933
0.374341
0.02674
0.143888
0.666398
0.504106
0.942683
0.395342
0.568669
0.695284
0.081154
0.945546
0.302125
0.70077
0.284219
0.245867
0.875724
0.047924
0.704685
0.380415
0.31901
0.364239
0.641989
0.408346
0.53948
0.126553
0.090072
0.703073
0.162943
0.982745
0.812365
0.036491
0.233539
0.289943
0.385165
0.999537
0.66565
0.015871
0.670425
0.521508
0.165305
0.157583
0.326042
0.133514
0.527531
0.987467
0.40092
0.918483
0.720264
0.914843
0.907491
0.571357
0.705762
0.289347
0.904317
0.485058
0.37771
0.216711
0.309656
0.896775
0.911979
0.722053
0.502556
0.766443
0.565137
0.979522
0.209857
0.847822
0.646807
0.848883
0.978875
0.959445
0.861306
0.999917
0.780891
0.615428
0.632809
0.535681
0.616018
0.153716
0.21036
0.357947
0.667454
0.548719
0.236311
0.244929
0.624347
0.843757
0.540503
0.365565
0.814662
0.978352
0.319406
0.522078
0.293133
0.332272
0.513116
0.303571
0.510898
0.807256
0.165674
0.988468
0.153593
0.308879
0.718924
0.095639
0.283142
0.758272
0.323187
0.246647
0.82324
0.563593
0.739954
0.209617
0.397877
0.659371
0.904361
0.490796
0.254588
0.760594
0.433523
0.966834
0.272193
0.318574
0.130761
0.53202
0.142754
0.186281
0.169759
0.709424
0.817905
0.464007
0.64544
0.242604
0.958639
0.472818
0.316149
0.05551
0.41093
0.46499
0.681738
0.755199
0.098166
0.376737
0.894556
0.18378
0.509153
0.617693
0.886926
0.551379
0.003852
0.742146
0.701899
0.413641
0.228745
0.616753
0.867842
0.212353
0.265252
0.874159
0.87642
0.467052
0.142248
0.390149
0.224498
0.190415
0.124676
0.7964
0.85605
0.593027
0.617518
0.517022
0.198299
0.725454
0.137801
0.745444
0.628445
0.456767
0.939434
0.990298
0.956539
0.446238
0.007796
0.665863
0.101397
0.025434
0.84958
0.360445
0.821169
0.820448
0.338762
0.869304
0.965623
0.860892
0.900907
0.956401
0.648963
0.289003
0.630623
0.470265
0.287173
0.008237
0.854237
0.68283
0.258892
0.768312
0.301737
0.678065
0.33643
0.101232
0.439337
0.365912
0.81115
0.236771
0.63703
0.527526
0.033232
0.787101
0.420816
0.541811
0.662434
0.002546
0.129083
0.356362
0.563867
0.424003
0.184615
0.740665
0.425894
0.341801
0.325787
0.380539
0.977094
0.666175
0.06009
0.493061
0.194473
0.481785
0.843045
0.307694
0.442074
0.424014
0.727225
0.152792
0.027935
0.894597
0.104842
0.564991
0.786366
0.828188
0.759656
0.267701
0.907353
0.200856
0.865736
0.315039
0.569993
0.129225
0.138479
0.959526
0.45066
0.330792
0.645396
0.866714
0.906766
0.148443
0.57916
0.868268
0.882369
0.35117
0.669042
0.336905
0.555783
0.388341
0.143441
0.258528
0.667554
0.546552
0.739096
0.601281
0.982944
0.282585
0.901144
0.328727
0.181309
0.858067
0.171473
0.288261
0.033419
0.497987
0.588004
0.361379
0.441402
0.862818
0.484029
0.516471
0.332505
0.43718
0.074956
0.160328
0.245243
0.127127
0.147939
0.452533
0.706696
0.635785
0.144933
0.983117
0.42577
0.091959
0.232331
0.765097
0.740885
0.303325
0.980322
0.907991
0.851445
0.949782
0.279375
0.942587
0.837029
0.321651
0.500647
0.418702
0.530635
0.588035
0.328502
0.928444
0.174725
0.49059
0.924354
0.931627
0.816793
0.140541
0.855865
0.980713
0.038116
0.574257
0.619951
0.8583
0.542512
0.119493
0.834409
0.357645
0.921235
0.744851
0.000868
0.808899
0.348844
0.838358
0.285777
0.427206
0.808453
0.533908
0.478662
0.199161
0.359113
0.08218
0.067329
0.372282
0.343074
0.189201
0.480156
0.625347
0.029237
0.863133
0.145205
0.847688
0.224732
0.846448
0.603426
0.908982
0.793114
0.968513
0.622433
0.111434
0.645022
0.962669
0.284577
0.044865
0.044372
0.889063
0.971392
0.43162
0.785393
0.070893
0.873031
0.792
0.907461
0.179419
0.750221
0.803435
0.809651
0.632339
0.908016
0.131059
0.053579
0.003369
0.952042
0.650033
0.473414
0.055507
0.08594
0.561457
0.822943
0.468029
0.6044
0.146061
0.241975
0.090365
0.165019
0.845203
0.927257
0.24269
0.019911
0.204168
0.169554
0.105062
0.283258
0.495689
0.6588
0.758424
0.016766
0.8127
0.276808
0.036903
0.729673
0.202177
0.242356
0.153888
0.362986
0.760711
0.299276
0.767736
0.401261
0.217921
0.831806
0.178864
0.464216
0.441912
0.613208
0.760918
0.642526
0.818881
0.14752
0.487917
0.273011
0.783699
0.812121
0.283601
0.740529
0.236682
0.739166
0.07062
0.751803
0.531567
0.522243
0.136771
0.980223
0.027594
0.077435
0.49209
0.424941
0.576434
0.199957
0.112317
0.204162
0.495517
0.972731
0.822177
0.152235
0.590211
0.800934
0.696007
0.835673
0.355785
0.210432
0.299525
0.689699
0.893106
0.485353
0.840046
0.421141
0.418719
0.648777
0.175111
0.902091
0.536546
0.140308
0.28007
0.480488
0.579389
0.4506
0.442311
0.96819
0.597671
0.149869
0.696403
0.356894
0.903482
0.220764
0.511853
0.430683
0.216743
0.218592
0.402786
0.565209
0.700455
0.962477
0.346512
0.346608
0.46452
0.641676
0.88067
0.853
0.791141
0.777139
0.668488
0.783677
0.766286
0.409037
0.914833
0.17309
0.763452
0.430763
0.586266
0.805678
0.287566
0.098818
0.057307
0.764428
0.137682
0.089026
0.415272
0.342539
0.82497
0.034862
0.313263
0.727595
0.832216
0.535365
0.455754
0.402371
0.84792
0.676339
0.529794
0.752452
0.430344
0.527363
0.798968
0.095536
0.186641
0.37637
0.254724
0.276298
0.645792
0.849281
0.68856
0.198471
0.372613
0.60117
0.320578
0.898809
0.438673
0.474735
0.166707
0.363261
0.06148
0.236239
0.083163
0.042507
0.557471
0.759678
0.305682
0.603838
0.044248
0.739791
0.409363
0.961535
0.651946
0.197256
0.547844
0.636329
0.446428
0.876095
0.762953
0.689555
0.538242
0.711129
0.219793
0.856853
0.92392
0.136287
0.350496
0.428971
0.49532
0.186164
0.815765
0.562629
0.123562
0.338285
0.802832
0.975687
0.23998
0.188427
0.056339
0.338669
0.845843
0.202481
0.395493
0.54981
0.533774
0.197845
0.689215
0.116304
0.822389
0.0625
0.195207
0.233636
0.808103
0.698245
0.168263
0.256627
0.628155
0.572248
0.259265
0.792147
0.277712
0.172148
0.360535
0.352559
0.740042
0.226993
0.240151
0.39881
0.628108
0.988037
0.862105
0.502727
0.143194
0.291047
0.2875
0.985513
0.190267
0.689392
0.027588
0.938497
0.073506
0.943815
0.447914
0.945312
0.509331
0.692762
0.887695
0.668757
0.784431
0.394189
0.634964
0.817124
0.709316
0.746014
0.358249
0.31939
0.749309
0.514286
0.344803
0.624061
0.852832
0.102741
0.499299
0.96127
0.5151
0.077193
0.959391
0.409338
0.339545
0.496005
0.727705
0.430211
0.194698
0.332668
0.733987
0.494693
0.149446
0.55861
0.865748
0.295933
0.99513
0.484063
0.249366
0.506803
0.807922
0.694103
0.102121
0.198581
0.428749
0.31512
0.306235
0.977146
0.534095
0.247541
0.210454
0.005288
0.975011
0.217124
0.22788
0.602839
0.973495
0.110556
0.471906
0.893174
0.204037
0.490047
0.048258
0.278666
0.954597
0.018385
0.202064
0.797012
0.218807
0.984998
0.785767
0.985408
0.884374
0.749122
0.627262
0.580254
0.437552
0.569422
0.732032
0.864292
0.585934
0.809412
0.347181
0.905055
0.656792
0.404743
0.723857
0.915558
0.547377
0.62569
0.274036
0.637557
0.670808
0.367995
0.894121
0.903016
0.323667
0.600852
0.835981
0.484164
0.97254
0.230721
0.906303
0.989853
0.102944
0.585691
0.497466
0.450342
0.337978
0.70746
0.17968
0.254489
0.679479
0.903211
0.142415
0.737478
0.722622
0.179333
0.552109
0.461646
0.600932
0.596028
0.823763
0.439473
0.18225
0.945952
0.129643
0.67974
0.844281
0.559926
0.267022
0.363001
0.677985
0.530682
0.866278
0.963117
0.758856
0.581219
0.912778
0.407187
0.247307
0.41997
0.821311
0.901123
0.572746
0.256763
0.121347
0.620283
0.474963
0.244581
0.343569
0.132233
0.230265
0.660585
0.009799
0.192708
0.127836
0.84139
0.243981
0.216043
0.105315
0.294508
0.68399
0.554299
0.378891
0.151845
0.942253
0.288083
0.432704
0.851412
0.994345
0.749328
0.60458
0.373706
0.100046
0.707043
0.390494
0.603193
0.481669
0.194941
0.721848
0.014631
0.392818
0.679321
0.848153
0.044709
0.215369
0.929337
0.154435
0.402779
0.566003
0.367038
0.933783
0.936581
0.213932
0.163571
0.937281
0.649382
0.060866
0.084365
0.345145
0.675328
0.970323
0.091898
0.292977
0.061033
0.586425
0.936656
0.742232
0.477204
0.522368
0.259904
0.555532
0.857956
0.815116
0.212819
0.756245
0.260735
0.609031
0.270898
0.44229
0.857735
0.097558
0.717235
0.647581
0.758207
0.98206
0.713439
0.942704
0.366588
0.869243
0.608043
0.477636
0.077814
0.716788
0.516518
0.516069
0.688904
0.94442
0.42263
0.613361
0.345415
0.43435
0.889674
0.911153
0.324033
0.221524
0.656355
0.266515
0.725323
0.799179
0.41921
0.181682
0.636995
0.223485
0.435184
0.488468
0.710714
0.265164
0.629493
0.552423
0.85331
0.301937
0.030569
0.965448
0.795692
0.27214
0.31842
0.796064
0.146578
0.289745
0.80322
0.117248
0.967039
0.876468
0.707507
0.583408
0.829487
0.574431
0.782436
0.715939
0.51421
0.435247
0.69015
0.327722
0.288161
0.927303
0.373293
0.421367
0.68663
0.519807
0.516903
0.217246
0.66603
0.723311
0.377184
0.425389
0.39926
0.246131
0.175015
0.351955
0.867606
0.864875
0.625795
0.490988
0.510312
0.269509
0.800771
0.574398
0.191211
0.565314
0.639929
0.524271
0.280058
0.448205
0.116412
0.880653
0.551996
0.559777
0.503001
0.470578
0.836166
0.184841
0.339421
0.749875
0.122856
0.663795
0.552286
0.673731
0.29756
0.759575
0.433452
0.143175
0.065756
0.957464
0.812103
0.348643
0.299662
0.63421
0.761858
0.799092
0.457442
0.892506
0.091754
0.56519
0.555722
0.748501
0.245012
0.853552
0.663184
0.333687
0.23849
0.897481
0.13428
0.909668
0.922362
0.710124
0.239389
0.897907
0.785126
0.95611
0.136459
0.516672
0.727799
0.297751
0.741683
0.521965
0.462645
0.435561
0.568399
0.973346
0.387367
0.522586
0.658941
0.004833
0.355314
0.492668
0.84559
0.498766
0.532391
0.878357
0.302183
0.967382
0.932663
0.008771
0.09621
0.441462
0.282336
0.815954
0.586943
0.617424
0.141653
0.089593
0.235964
0.398048
0.331932
0.067896
0.42783
0.895977
0.277966
0.482784
0.38414
0.557128
0.627849
0.223679
0.652776
0.327106
0.602386
0.084288
0.677758
0.313227
0.681524
0.518614
0.728792
0.613083
0.167268
0.430046
0.695074
0.616692
0.91016
0.255179
0.173792
0.218229
0.557206
0.298648
0.680562
0.868227
0.405317
0.584777
0.271583
0.17043
0.546467
0.956615
0.89076
0.857198
0.080526
0.178048
0.496104
0.713674
0.451576
0.007566
0.255452
0.167369
0.736032
0.355661
0.775997
0.808164
0.089834
0.924506
0.094115
0.858702
0.088816
0.497542
0.45785
0.63746
0.466808
0.831818
0.325902
0.311029
0.082001
0.470764
0.844841
0.835622
0.495264
0.869075
0.971811
0.71325
0.383554
0.806893
0.937915
0.700731
0.82775
0.125552
0.265247
0.59421
0.605384
0.343469
0.804901
0.030971
0.511746
0.649131
0.477445
0.185245
0.742504
0.602363
0.065292
0.341523
0.918969
0.089938
0.854353
0.17385
0.831673
0.988366
0.016929
0.46764
0.50858
0.595839
0.578918
0.159169
0.310238
0.071429
0.441535
0.686199
0.227403
0.636213
0.852549
0.407835
0.00648
0.490198
0.940722
0.32455
0.589389
0.337861
0.733228
0.568128
0.69241
0.168739
0.511107
0.555669
0.682096
0.39586
0.286175
0.446784
0.879144
0.120508
0.759272
0.106549
0.712344
0.961004
0.993091
0.917865
0.794423
0.19881
0.060766
0.476577
0.028304
0.797615
0.149605
0.725645
0.196665
0.955676
0.222761
0.252354
0.961845
0.773734
0.648907
0.290022
0.90661
0.768006
0.144329
0.231153
0.386041
0.738787
0.626792
0.695473
0.100795
0.686026
0.487934
0.325941
0.759508
0.472985
0.64474
0.938416
0.314529
0.19481
0.758767
0.560075
0.450065
0.448333
0.528601
0.252738
0.076459
0.316712
0.761385
0.437878
0.67178
0.874837
0.025139
0.663589
0.002662
0.956798
0.975238
0.119916
0.292855
0.677102
0.995115
0.321299
0.920742
0.484203
0.338209
0.366327
0.97682
0.588774
0.111299
0.757463
0.171239
0.054181
0.158396
0.466036
0.432485
0.366297
0.335752
0.370972
0.081833
0.089347
0.834522
0.387711
0.439102
0.261499
0.174767
0.619214
0.777583
0.359985
0.43005
0.147962
0.734442
0.135144
0.316654
0.981531
0.97932
0.398469
0.80443
0.405968
0.933076
0.875585
0.47247
0.896454
0.009375
0.722902
0.635233
0.4021
0.770645
0.512934
0.33089
0.175203
0.702354
0.971764
0.016704
0.74796
0.431431
0.462605
0.687789
0.501253
0.352933
0.104139
0.708434
0.556515
0.819795
0.541028
0.052211
0.72994
0.076574
0.470041
0.658495
0.634204
0.714973
0.056598
0.772377
0.204496
0.672531
0.302773
0.140471
0.424891
0.346156
0.428578
0.524878
0.546681
0.673906
0.023044
0.802979
0.654439
0.985408
0.803323
0.885007
0.57222
0.132341
0.036369
0.590105
0.392961
0.231465
0.424442
0.483235
0.918129
0.232846
0.703382
0.205803
0.093105
0.754944
0.093778
0.71272
0.234547
0.449657
0.438634
0.013537
0.710495
0.165245
0.382825
0.791663
0.54285
0.865464
0.590835
0.390584
0.832144
0.972645
0.004866
0.501567
0.056863
0.278117
0.3658
0.899059
0.895279
0.821401
0.730718
0.276105
0.652561
0.507669
0.517781
0.292301
0.250757
0.841784
0.010634
0.560702
0.469016
0.041936
0.685906
0.531768
0.49849
0.4222
0.28882
0.663005
0.682633
0.153157
0.12142
0.286902
0.490587
0.709914
0.263225
0.260337
0.88079
0.229908
0.61737
0.439833
0.381778
0.755397
0.195286
0.179697
0.708965
0.292396
0.008918
0.997773
0.059188
0.620499
0.93571
0.14493
0.386011
0.979167
0.436423
0.877189
0.899244
0.705095
0.783888
0.410436
0.762793
0.989445
0.99026
0.444748
0.933008
0.653064
0.888015
0.331499
0.379763
0.410936
0.522669
0.116059
0.474261
0.974104
0.559844
0.32649
0.966956
0.468454
0.861423
0.054777
0.523456
0.73388
0.283869
0.335022
0.819958
0.264914
0.69279
0.438698
0.056127
0.011809
0.476799
0.017757
0.82251
0.799792
0.072239
0.474786
0.047697
0.372929
0.831559
0.487197
0.745242
0.41284
0.164509
0.891165
0.943836
0.457842
0.490445
0.830841
0.179311
0.14532
0.527612
0.50204
0.946454
0.906792
0.323854
0.631969
0.076422
0.696312
0.504151
0.806914
0.524465
0.226941
0.609836
0.174331
0.629998
0.22129
0.655698
0.339998
0.24636
0.879089
0.742194
0.703139
0.18153
0.577953
0.3166
0.286631
0.819193
0.198082
0.760877
0.634945
0.766526
0.690487
0.65826
0.275339
0.592676
0.047035
0.73939
0.553789
0.882778
0.616758
0.89618
0.012093
0.351971
0.73901
0.296031
0.331127
0.753159
0.492028
0.143741
0.823195
0.255716
0.434715
0.258487
0.331498
0.813737
0.219877
0.879354
0.724945
0.39733
0.528576
0.304182
0.418216
0.499897
0.848079
0.944668
0.437835
0.247509
0.767375
0.262647
0.047935
0.873134
0.911876
0.381632
0.362376
0.018048
0.493475
0.961195
0.060745
0.194411
0.159496
0.167795
0.064568
0.570071
0.668411
0.191289
0.515104
0.77299
0.88028
0.717012
0.485372
0.464069
0.618598
0.762206
0.25588
0.543726
0.394907
0.804505
0.117577
0.225519
0.820979
0.344908
0.346712
0.002192
0.473046
0.898646
0.439628
0.856695
0.28433
0.913378
0.05527
0.101487
0.997533
0.477567
0.747007
0.728279
0.618259
0.870713
0.115008
0.051635
0.325658
0.321172
0.597667
0.287523
0.443301
0.150543
0.49398
0.728014
0.752344
0.051151
0.151049
0.746673
0.241925
0.478894
0.360276
0.743797
0.612089
0.643327
0.373107
0.611149
0.520979
0.183834
0.253989
0.277304
0.704897
0.224873
0.832738
0.099666
0.887705
0.192461
0.432797
0.512989
0.965893
0.74134
0.997424
0.462962
0.233927
0.712878
0.560859
0.500448
0.892059
0.372054
0.573153
0.149362
0.653215
0.902477
0.358377
0.087804
0.26773
0.52167
0.57835
0.392965
0.589748
0.89681
0.078907
0.205401
0.350775
0.933252
0.586499
0.431135
0.783159
0.976656
0.074202
0.584723
0.522281
0.101935
0.56879
0.028324
0.440313
0.483287
0.586061
0.300589
0.339142
0.814798
0.582998
0.372163
0.461356
0.843108
0.745153
0.155292
0.965241
0.382332
0.808591
0.999852
0.392886
0.023199
0.170426
0.170245
0.745337
0.907399
0.809663
0.252195
0.018726
0.636386
0.727874
0.107054
0.655263
0.079978
0.661829
0.981959
0.995524
0.9118
0.136202
0.835064
0.676885
0.198423
0.829916
0.405959
0.383808
0.525657
0.72595
0.017791
0.860297
0.325945
0.273607
0.361758
0.905625
0.377308
0.181136
0.713669
0.015143
0.364971
0.484073
0.973176
0.262831
0.926928
0.330158
0.18105
0.521223
0.849217
0.465798
0.381897
0.597056
0.244758
0.62713
0.723578
0.054647
0.716465
0.801781
0.744043
0.822012
0.281184
0.608565
0.007141
0.542397
0.302573
0.435817
0.954104
0.56791
0.562866
0.894742
0.153795
0.975346
0.885397
0.588444
0.529561
0.333665
0.354311
0.309559
0.183979
0.873984
0.919848
0.957724
0.742816
0.974103
0.059922
0.672043
0.868728
0.986286
0.720485
0.875214
0.853997
0.338604
0.681513
0.673038
0.56302
0.233087
0.786815
0.512183
0.963681
0.722768
0.175317
0.010481
0.571338
0.93772
0.237378
0.400679
0.79081
0.290363
0.250704
0.402002
0.022131
0.586798
0.913877
0.555203
0.104793
0.559806
0.729108
0.329052
0.288458
0.529404
0.125302
0.643255
0.019955
0.976418
0.31377
0.61215
0.998144
0.946318
0.87889
0.833036
0.967073
0.611529
0.915987
0.732567
0.834698
0.752622
0.048909
0.157595
0.373233
0.999876
0.949054
0.521919
0.907427
0.604784
0.143306
0.844286
0.356525
0.959374
0.252982
0.486496
0.460001
0.006259
0.084459
0.057498
0.602017
0.590028
0.780182
0.910314
0.335048
0.436387
0.844762
0.012446
0.394042
0.309867
0.473914
0.878302
0.8023
0.919202
0.594464
0.171998
0.492678
0.666081
0.475126
0.191898
0.1882
0.350202
0.019022
0.095284
0.270003
0.774033
0.131059
0.312662
0.505331
0.915153
0.3081
0.561463
0.49937
0.680039
0.808763
0.110668
0.131785
0.738417
0.06782
0.27677
0.170262
0.503851
0.842536
0.932168
0.870064
0.885379
0.574141
0.672428
0.595053
0.367685
0.191977
0.0127
0.032405
0.098364
0.72459
0.226873
0.203847
0.687575
0.946721
0.520192
0.545109
0.460467
0.057016
0.655131
0.985294
0.889094
0.31249
0.493892
0.615348
0.471302
0.775508
0.86672
0.573839
0.913788
0.157104
0.825977
0.611685
0.038079
0.382676
0.652679
0.748367
0.202177
0.813533
0.79363
0.140362
0.664691
0.362925
0.189148
0.760159
0.80197
0.086839
0.547252
0.700672
0.552721
0.687918
0.21936
0.55254
0.859508
0.410088
0.530904
0.261926
0.83431
0.801981
0.124781
0.123426
0.843699
0.57682
0.897343
0.862958
0.477805
0.512486
0.724573
0.258776
0.039302
0.442803
0.212014
0.350646
0.057831
0.996199
0.389488
0.926704
0.386806
0.726764
0.448461
0.477578
0.956906
0.993038
0.627238
0.730185
0.385869
0.695939
0.07963
0.924904
0.804307
0.893974
0.865047
0.185644
0.860093
0.832943
0.003802
0.07351
0.28506
0.022754
0.157728
0.530817
0.187306
0.374625
0.753034
0.389903
0.187769
0.472511
0.28866
0.098782
0.064719
0.877996
0.503775
0.333205
0.376121
0.613202
0.049378
0.705883
0.711602
0.51771
0.375654
0.440988
0.283193
0.541844
0.298562
0.561591
0.726031
0.593717
0.280802
0.992838
0.854246
0.533171
0.371361
0.503463
0.676508
0.756792
0.376391
0.670347
0.534782
0.776495
0.349837
0.335069
0.621998
0.589522
0.840707
0.605246
0.411231
0.131596
0.900316
0.213795
0.799028
0.687263
0.964912
0.3566
0.186045
0.088178
0.567059
0.559429
0.857318
0.29739
0.372921
0.670527
0.348135
0.069945
0.687651
0.735146
0.330692
0.134536
0.141222
0.924348
0.606254
0.117544
0.718403
0.94558
0.900573
0.530349
0.899236
0.105341
0.788656
0.232211
0.656087
0.03498
0.97207
0.50538
0.753401
0.290716
0.740735
0.41846
0.052333
0.041133
0.049443
0.459168
0.458578
0.897242
0.791971
0.031029
0.930863
0.877417
0.480691
0.461718
0.198523
0.384536
0.58468
0.41847
0.536026
0.001949
0.6882
0.348815
0.954398
0.726885
0.582743
0.270783
0.42198
0.917525
0.492177
0.833869
0.570687
0.375409
0.776956
0.872715
0.85328
0.157071
0.403556
0.702095
0.225709
0.463986
0.263621
0.944594
0.284406
0.019346
0.647907
0.296153
0.189584
0.463455
0.828832
0.403495
0.982103
0.518222
0.335981
0.372626
0.789552
0.792193
0.984791
0.257404
0.920332
0.224732
0.28025
0.902963
0.920919
0.567773
0.430542
0.684166
0.812794
0.686387
0.58019
0.396045
0.670868
0.825252
0.939437
0.168082
0.980241
0.763744
0.385951
0.326021
0.188236
0.434042
0.482113
0.023198
0.22928
0.134459
0.705496
0.602489
0.420586
0.059436
0.64574
0.065116
0.162681
0.25568
0.377839
0.37017
0.801228
0.230426
0.950492
0.11292
0.395851
0.456509
0.645289
0.627872
0.691727
0.191203
0.586898
0.412067
0.427552
0.421686
0.5469
0.815629
0.683597
0.32085
0.480399
0.61305
0.041112
0.647554
0.819993
0.459376
0.989427
0.922488
0.880082
0.715069
0.850668
0.453651
0.106456
0.653669
0.712325
0.179425
0.04462
0.513482
0.818571
0.378222
0.817769
0.886302
0.248117
0.763717
0.612436
0.977733
0.03903
0.56802
0.050893
0.258057
0.383415
0.63701
0.146611
0.924547
0.962361
0.129335
0.19675
0.307778
0.55727
0.42911
0.651165
0.705278
0.590743
0.306099
0.402361
0.525264
0.458277
0.363142
0.813638
0.501206
0.873511
0.337308
0.236947
0.56097
0.221039
0.436447
0.139145
0.378196
0.062351
0.089995
0.24961
0.977479
0.023244
0.10613
0.206291
0.252205
0.957047
0.887968
0.036293
0.312105
0.717796
0.823704
0.424488
0.872678
0.92183
0.183019
0.424157
0.280832
0.919078
0.010934
0.356603
0.32895
0.693911
0.172705
0.307023
0.831601
0.709084
0.855004
0.808198
0.258789
0.03369
0.234986
0.18184
0.230834
0.959214
0.571891
0.091757
0.423168
0.967363
0.918943
0.789688
0.749978
0.044337
0.113695
0.147224
0.318284
0.812957
0.252297
0.0917
0.392954
0.310512
0.396057
0.536436
0.775846
0.522755
0.441566
0.900478
0.969969
0.575932
0.127709
0.624886
0.461925
0.983896
0.941857
0.045637
0.111751
0.585941
0.101895
0.120019
0.358964
0.584126
0.100207
0.397309
0.663729
0.587895
0.060724
0.820832
0.655189
0.116203
0.359143
0.025423
0.37506
0.970945
0.331895
0.460859
0.165928
0.112194
0.7083
0.627617
0.781236
0.896217
0.521779
0.906002
0.748179
0.205951
0.176528
0.490778
0.579243
0.665745
0.703091
0.720113
0.141682
0.131457
0.732599
0.804384
0.720211
0.157335
0.095975
0.622108
0.009863
0.878986
0.844511
0.136031
0.008963
0.613097
0.979557
0.407218
0.102018
0.177574
0.445503
0.591852
0.4507
0.078573
0.930497
0.079525
0.489535
0.438819
0.132287
0.80287
0.201688
0.282483
0.02944
0.605578
0.193537
0.13662
0.738862
0.62132
0.107599
0.067692
0.57967
0.787601
0.041149
0.211444
0.70671
0.307461
0.245193
0.176242
0.009576
0.776033
0.25806
0.021288
0.940179
0.847693
0.849051
0.624708
0.26127
0.260279
0.648137
0.432618
0.108589
0.103747
0.918654
0.825435
0.234848
0.126606
0.516894
0.271297
0.969381
0.735923
0.2971
0.692415
0.820715
0.833633
0.849468
0.740452
0.316508
0.794739
0.488631
0.867655
0.218116
0.834145
0.352199
0.069156
0.560258
0.266716
0.855351
0.277781
0.666242
0.206965
0.435441
0.438506
0.786055
0.031407
0.1162
0.104231
0.026954
0.812485
0.012215
0.658067
0.028329
0.972084
1.5e-05
0.918613
0.880138
0.205999
0.462987
0.498446
0.514855
0.068828
0.669485
0.322665
0.907549
0.012888
0.902639
0.014368
0.038189
0.86792
0.567764
0.407031
0.203577
0.621973
0.220013
0.336603
0.986073
0.544144
0.183201
0.695853
0.571865
0.665803
0.593889
0.126505
0.550149
0.616591
0.259669
0.697745
0.584118
0.495205
0.093701
0.051128
0.783503
0.491548
0.10073
0.736345
0.53544
0.854874
0.758096
0.242541
0.234528
0.492021
0.928163
0.68403
0.296509
0.188714
0.190608
0.700279
0.484686
0.881971
0.089047
0.277042
0.090064
0.526553
0.567398
0.983942
0.20262
0.499809
0.843632
0.798629
0.875195
0.266827
0.611943
0.330587
0.932226
0.391766
0.777812
0.457889
0.802248
0.004005
0.31774
0.378795
0.179211
0.284519
0.295947
0.418742
0.056794
0.807636
0.265245
0.467873
0.432625
0.344516
0.828615
0.088264
0.448938
0.929187
0.261814
0.799288
0.0968
0.008883
0.909105
0.947549
0.650746
0.681121
0.332375
0.289967
0.918983
0.272457
0.713523
0.850716
0.242215
0.776965
0.943445
0.751463
0.777795
0.909564
0.190431
0.727313
0.352827
0.950783
0.900269
0.06589
0.123005
0.435324
0.791723
0.714499
0.49719
0.935885
0.748612
0.746732
0.524004
0.001019
0.71277
0.622665
0.72199
0.503504
0.675565
0.293237
0.312041
0.581377
0.932295
0.963554
0.367348
0.412691
0.688331
0.029389
0.868265
0.433134
0.777123
0.280042
0.946274
0.65415
0.329148
0.731168
0.722917
0.444194
0.635027
0.407011
0.656464
0.718519
0.419826
0.885531
0.93376
0.999967
0.712878
0.531246
0.96336
0.695783
0.852508
0.937597
0.07961
0.922999
0.928035
0.388603
0.271832
0.996526
0.987262
0.311737
0.607842
0.948403
0.400782
0.253155
0.860125
0.390865
0.029254
0.864972
0.811572
0.663475
0.640215
0.06838
0.074958
0.550033
0.263389
0.591
0.760691
0.222309
0.999751
0.263359
0.663613
0.349355
0.484744
0.109907
0.789091
0.658683
0.219527
0.021778
0.648012
0.798712
0.449398
0.502435
0.055542
0.118748
0.295148
0.940313
0.789657
0.426982
0.217334
0.510858
0.445727
0.257603
0.006317
0.940467
0.841509
0.706711
0.44762
0.2454
0.28936
0.28699
0.648451
0.885625
0.421305
0.057605
0.20609
0.083129
0.700945
0.10453
0.73314
0.268333
0.074961
0.189421
0.382045
0.20828
0.694644
0.236482
0.787274
0.072104
0.082762
0.09797
0.783891
0.081991
0.375889
0.3184
0.772982
0.647779
0.085085
0.625672
0.074394
0.917746
0.420763
0.693948
0.696046
0.973274
0.923777
0.934224
0.789469
0.505837
0.293871
0.84759
0.599148
0.445312
0.666985
0.105789
0.936102
0.184487
0.83633
0.699642
0.182666
0.051213
0.280887
0.028025
0.536732
0.409981
0.165643
0.154875
0.172344
0.402634
0.75985
0.897464
0.748331
0.392476
0.42791
0.713324
0.458994
0.917337
0.238588
0.357758
0.748373
0.21195
0.821646
0.683779
0.86303
0.790372
0.63781
0.249295
0.165912
0.946171
0.626617
0.552865
0.219764
0.301462
0.81292
0.035307
0.79166
0.713127
0.439869
0.984005
0.468621
0.358916
0.671402
0.860884
0.092116
0.45406
0.974883
0.835277
0.832926
0.826463
0.624052
0.134615
0.884973
0.029058
0.509163
0.622157
0.479245
0.764183
0.18498
0.627651
0.529427
0.076824
0.105625
0.568918
0.487653
0.162277
0.674425
0.053526
0.698233
0.039949
0.085749
0.791091
0.584859
0.205042
0.997609
0.313899
0.546617
0.539955
0.636228
0.132416
0.750124
0.956463
0.922236
0.403849
0.046143
0.729091
0.905927
0.565156
0.24191
0.725202
0.701895
0.307203
0.105893
0.970542
0.919031
0.35429
0.679282
0.36659
0.999972
0.950824
0.108056
0.126981
0.473298
0.763998
0.209696
0.721709
0.345871
0.81627
0.215068
0.872485
0.289628
0.974246
0.38153
0.528276
0.167942
0.12612
0.86527
0.583802
0.396327
0.086155
0.645959
0.850802
0.332731
0.021852
0.749398
0.228403
0.122077
0.247451
0.440387
0.751344
0.693656
0.30902
0.442973
0.800291
0.788309
0.598388
0.704207
0.217208
0.099066
0.856828
0.664328
0.617809
0.099109
0.995388
0.595293
0.439986
0.105314
0.106274
0.204328
0.716095
0.228295
0.269809
0.002374
0.441748
0.516966
0.58557
0.43012
0.452477
0.124993
0.647066
0.43634
0.555007
0.574851
0.716065
0.015715
0.969169
0.934882
0.478382
0.577034
0.615952
0.939277
0.72419
0.395497
0.838848
0.936345
0.285183
0.270931
0.722071
0.837469
0.499269
0.917098
0.410831
0.339622
0.722359
0.479041
0.637466
0.782468
0.913082
0.589864
0.074221
0.662652
0.905528
0.973649
0.603122
0.707614
0.128258
0.782356
0.567577
0.021663
0.098878
0.893483
0.34292
0.982727
0.000702
0.359383
0.505623
0.692355
0.156407
0.8311
0.767405
0.178564
0.625686
0.278815
0.95095
0.370323
0.318412
0.91567
0.246015
0.180603
0.659845
0.395817
0.781587
0.968974
0.087999
0.49407
0.230478
0.405226
0.45869
0.399962
0.573832
0.497973
0.314197
0.85993
0.653598
0.900286
0.100787
0.587872
0.418532
0.001816
0.106705
0.192413
0.371644
0.029446
0.409899
0.961405
0.723787
0.250794
0.367145
0.832442
0.076826
0.300069
0.529382
0.129829
0.061633
0.70615
0.488805
0.540788
0.87191
0.948185
0.062968
0.536453
0.767067
0.165303
0.957823
0.12498
0.54183
0.578652
0.249202
0.005988
0.06367
0.440198
0.700861
0.380769
0.255693
0.468776
0.700884
0.067397
0.352392
0.139616
0.34826
0.2796
0.901208
0.954086
0.678495
0.817276
0.231992
0.399917
0.576385
0.001128
0.036168
0.523943
0.679995
0.488688
0.485159
0.625634
0.457527
0.820217
0.658442
0.193787
0.851136
0.277825
0.615562
0.724828
0.905679
0.389386
0.379357
0.058446
0.252926
0.106746
0.798712
0.971577
0.669935
0.427898
0.825064
0.924551
0.535811
0.166616
0.880706
0.180653
0.129905
0.069685
0.842631
0.102871
0.160819
0.687904
0.579194
0.251558
0.582165
0.445377
0.227003
0.647432
0.881428
0.23605
0.557196
0.263639
0.114169
0.893609
0.305109
0.763189
0.270481
0.140667
0.816137
0.761925
0.807272
0.6991
0.664651
0.651056
0.188893
0.973129
0.733769
0.961976
0.85484
0.619773
0.30401
0.544176
0.49114
0.509277
0.945237
0.71733
0.961332
0.17416
0.639817
0.187076
0.354569
0.258164
0.915461
0.938702
0.839966
0.195841
0.807295
0.154403
0.706638
0.185422
0.09269
0.27843
0.414646
0.454717
0.707761
0.925088
0.65026
0.242075
0.121689
0.71446
0.540441
0.01569
0.496055
0.239807
0.024552
0.540341
0.557931
0.201286
0.031611
0.377694
0.908625
0.301026
0.071753
0.820498
0.758494
0.500993
0.359723
0.059841
0.872415
0.530409
0.715448
0.781036
0.860971
0.766548
0.810144
0.409876
0.824135
0.318747
0.531221
0.541467
0.995872
0.580046
0.109141
0.740117
0.642699
0.177912
0.002276
0.601623
0.383592
0.499337
0.872598
0.21032
0.597112
0.318502
0.339774
0.957418
0.686647
0.273098
0.11087
0.89371
0.272396
0.308645
0.656505
0.127951
0.872648
0.757347
0.717416
0.232549
0.621091
0.971685
0.995161
0.309514
0.67905
0.957489
0.830177
0.420445
0.297151
0.427376
0.293285
0.391105
0.121927
0.511309
0.329036
0.921385
0.019349
0.822015
0.846939
0.822679
0.860924
0.293784
0.183886
0.677118
0.907396
0.241905
0.143048
0.587837
0.975479
0.753167
0.326573
0.506529
0.077354
0.380718
0.966429
0.389569
0.66384
0.487096
0.792326
0.67343
0.230977
0.88258
0.197579
0.740657
0.932749
0.001459
0.848832
0.2949
0.258804
0.637767
0.89596
0.988097
0.417832
0.091447
0.471062
0.056615
0.795303
0.428809
0.171567
0.698971
0.97997
0.31964
0.233976
0.121094
0.54181
0.991548
0.775413
0.913331
0.015242
0.455995
0.286887
0.124755
0.591647
0.593896
0.036102
0.343332
0.031584
0.294935
0.387093
0.35112
0.561317
0.406478
0.848028
0.544923
0.756249
0.444885
0.783684
0.300598
0.966233
0.784446
0.147023
0.530755
0.889217
0.54187
0.046455
0.16012
0.000617
0.72514
0.322226
0.218207
0.583457
0.263188
0.961487
0.412776
0.270897
0.56368
0.029873
0.632787
0.168818
0.522489
0.350905
0.676187
0.270497
0.404823
0.251428
0.029299
0.563913
0.432009
0.339835
0.011371
0.304764
0.551459
0.946728
0.852503
0.317706
0.034206
0.018095
0.507646
0.885765
0.760953
0.10333
0.209671
0.484334
0.346315
0.20393
0.087336
0.731944
0.754102
0.712443
0.813696
0.82971
0.424098
0.02726
0.406847
0.168868
0.764678
0.3133
0.322721
0.043394
0.101548
0.088793
0.689516
0.321003
0.417424
0.408505
0.676478
0.834787
0.059504
0.531502
0.429457
0.821958
0.994574
0.221516
0.311691
0.783871
0.975019
0.645882
0.623436
0.201154
0.339327
0.569547
0.941912
0.059773
0.106742
0.436437
0.515135
0.165647
0.842511
0.815924
0.390107
0.480746
0.35635
0.237545
0.118481
0.971014
0.237635
0.930998
0.945069
0.392887
0.806226
0.062404
0.878095
0.874248
0.858796
0.353493
0.837903
0.138803
0.164482
0.599821
0.885632
0.987091
0.340493
0.675908
0.241837
0.317672
0.535043
0.631798
0.693658
0.880245
0.662104
0.443482
0.042487
0.473243
0.864344
0.225569
0.691314
0.159626
0.973875
0.938072
0.09902
0.200868
0.25476
0.497708
0.749614
0.735355
0.795276
0.570238
0.704015
0.533588
0.169644
0.279852
0.401375
0.41165
0.7422
0.528866
0.652537
0.846721
0.005028
0.468439
0.072347
0.539612
0.048096
0.063116
0.220302
0.946454
0.059548
0.13732
0.907199
0.298427
0.40057
0.850217
0.865934
0.991416
0.746714
0.050798
0.522854
0.833352
0.456812
0.904393
0.77931
0.228478
0.358059
0.962241
0.862332
0.605553
0.926352
0.524359
0.623883
0.232834
0.533313
0.003817
0.887779
0.731763
0.187916
0.759343
0.480963
0.367727
0.92343
0.039635
0.181426
0.755271
0.879737
0.55597
0.132171
0.025413
0.054707
0.651194
0.563803
0.610464
0.040061
0.859331
0.11893
0.91436
0.92581
0.266083
0.375041
0.853366
0.918473
0.460913
0.973228
0.389855
0.217343
0.820714
0.201407
0.87225
0.95731
0.661948
0.880635
0.809103
0.494789
0.434459
0.108031
0.504207
0.533076
0.829055
0.77328
0.554124
0.669819
0.636394
0.35118
0.95615
0.530663
0.787768
0.044385
0.71559
0.831141
0.796898
0.098632
0.316562
0.653419
0.900424
0.999389
0.237352
0.497808
0.630184
0.069686
0.366129
0.743941
0.968076
0.735742
0.537951
0.991054
0.630213
0.552752
0.934033
0.388404
0.226895
0.025634
0.966804
0.481402
0.104799
0.625396
0.684949
0.521278
0.000589
0.704143
0.322208
0.233283
0.410418
0.833844
0.98109
0.020149
0.743442
0.443402
0.141196
0.840173
0.216754
0.901285
0.099085
0.48827
0.831003
0.404468
0.816255
0.136747
0.89464
0.236674
0.071565
0.878095
0.094644
0.346668
0.82823
0.529506
0.765174
0.949133
0.978691
0.056565
0.142725
0.228821
0.792628
0.245324
0.006661
0.522296
0.533803
0.953621
0.862657
0.109659
0.089242
0.832132
0.076996
0.855736
0.55226
0.385234
0.650946
0.071233
0.385533
0.295213
0.853907
0.294595
0.340147
0.078655
0.520455
0.137414
0.574216
0.158116
0.671937
0.69104
0.23189
0.997339
0.591003
0.925721
0.294903
0.069081
0.671077
0.168224
0.352506
0.968356
0.413895
0.773394
0.719695
0.508165
0.34717
0.949547
0.049654
0.594242
0.847126
0.30095
0.817699
0.427391
0.301276
0.019399
0.778941
0.216417
0.998277
0.607302
0.921648
0.611406
0.692007
0.958023
0.650805
0.014391
0.558234
0.076938
0.463633
0.511867
0.907498
0.211603
0.544679
0.156303
0.085173
0.418992
0.032017
0.77997
0.385295
0.856247
0.299025
0.283909
0.764212
0.741691
0.67442
0.138842
0.142358
0.844231
0.08505
0.040735
0.122691
0.407046
0.534402
0.896576
0.784369
0.776998
0.306526
0.800819
0.797896
0.703087
0.608391
0.796137
0.113387
0.008612
0.246822
0.477267
0.180798
0.700159
0.840434
0.107254
0.875292
0.033577
0.088536
0.486905
0.095862
0.018815
0.012444
0.415222
0.099275
0.127332
0.143936
0.028398
0.429347
0.53195
0.312929
0.844528
0.949884
0.239365
0.1525
0.956199
0.328219
0.234025
0.060247
0.070025
0.082856
0.854968
0.304833
0.873714
0.191228
0.87387
0.495697
0.953388
0.446897
0.760068
0.082831
0.737756
0.873274
0.09421
0.157156
0.793382
0.001418
0.703559
0.911763
0.578016
0.683805
0.901473
0.011215
0.233165
0.016115
0.116821
0.851652
0.199446
0.446594
0.317306
0.788474
0.72523
0.753205
0.1416
0.25421
0.182517
0.968788
0.268778
0.85873
0.888613
0.104219
0.882989
0.269828
0.599368
0.551207
0.742924
0.631254
0.063368
0.284544
0.369274
0.848666
0.847691
0.94511
0.222481
0.659779
0.202792
0.454363
0.090232
0.859837
0.33518
0.240472
0.070496
0.314711
0.162081
0.198283
0.383672
0.316082
0.038625
0.124634
0.132098
0.745986
0.285156
0.95337
0.758319
0.781407
0.320189
0.966115
0.722842
0.736142
0.954417
0.431206
0.265363
0.745809
0.700694
0.767642
0.238569
0.361947
0.300617
0.464314
0.401114
0.372888
0.025094
0.89965
0.119465
0.912457
0.447964
0.53065
0.944208
0.711752
0.911931
0.892814
0.803935
0.103415
0.391556
0.020348
0.309104
0.17935
0.358814
0.130916
0.824774
0.336574
0.13838
0.669399
0.001928
0.471281
0.995984
0.609305
0.567184
0.824341
0.601161
0.535856
0.11964
0.798722
0.294947
0.546184
0.047815
0.354488
0.114449
0.937228
0.542211
0.954864
0.451187
0.434933
0.752313
0.287031
0.597931
0.028197
0.354302
0.863693
0.762896
0.984647
0.844774
0.541006
0.335148
0.373339
0.983662
0.51128
0.075284
0.362219
0.385661
0.302677
0.353732
0.541815
0.6844
0.681103
0.567233
0.223305
0.185841
0.230937
0.789502
0.80148
0.24613
0.230709
0.607123
0.938341
0.240832
0.833343
0.184202
0.393327
0.715423
0.599349
0.632505
0.150649
0.982134
0.384505
0.875143
0.740685
0.686036
0.490529
0.927401
0.469197
0.720059
0.813845
0.954322
0.488668
0.34917
0.9854
0.101742
0.433032
0.754108
0.141664
0.006687
0.116887
0.39986
0.550509
0.472515
0.450525
0.039463
0.468946
0.179325
0.828174
0.808459
0.013161
0.280587
0.432701
0.973633
0.669101
0.907575
0.2101
0.245869
0.929735
0.545068
0.283051
0.701896
0.120559
0.57508
0.160972
0.923835
0.11926
0.318982
0.817729
0.66198
0.701464
0.576742
0.268036
0.147318
0.236092
0.443903
0.507427
0.425443
0.785353
0.206484
0.410149
0.22504
0.538646
0.61598
0.368545
0.546182
0.441559
0.179492
0.006405
0.322226
0.561461
0.185472
0.141542
0.934166
0.714537
0.867787
0.308739
0.585967
0.329667
0.956136
0.113829
0.26024
0.347443
0.004367
0.389796
0.742591
0.371999
0.305485
0.664481
0.506637
0.524089
0.785179
0.766998
0.66044
0.254517
0.971019
0.486325
0.831534
0.520886
0.155744
0.277463
0.28298
0.882658
0.754009
0.710559
0.466271
0.990885
0.425116
0.332567
0.746886
0.305634
0.710241
0.135474
0.437041
0.412436
0.402877
0.980775
0.659446
0.140407
0.470838
0.022661
0.330975
0.770344
0.484939
0.074238
0.271571
0.894154
0.762053
0.833115
0.677097
0.071338
0.737018
0.648499
0.669058
0.976579
0.119933
0.786289
0.540729
0.531629
0.173
0.551972
0.702737
0.311154
0.529304
0.841309
0.271879
0.847097
0.245193
0.37176
0.595945
0.667166
0.514706
0.534803
0.106817
0.657149
0.959245
0.207542
0.441261
0.744726
0.124752
0.992978
0.34474
0.740364
0.448416
0.643319
0.726237
0.862879
0.546834
0.424078
0.763657
0.704665
0.516537
0.507221
0.340542
0.8077
0.078383
0.059345
0.354191
0.386152
0.523386
0.549357
0.521048
0.514291
0.160357
0.075159
0.49994
0.589317
0.025129
0.956928
0.016236
0.698148
0.458514
0.897072
0.606579
0.920388
0.910787
0.595923
0.723592
0.869742
0.517239
0.958131
0.795644
0.517779
0.737104
0.17852
0.004654
0.398478
0.20759
0.386707
0.342019
0.230948
0.403234
0.214156
0.060958
0.940747
0.702954
0.549249
0.092771
0.138532
0.469113
0.173453
0.259076
0.187021
0.213227
0.243081
0.869442
0.26795
0.213764
0.158122
0.672784
0.29319
0.92112
0.374495
0.655186
0.329741
0.418352
0.422057
0.999552
0.161199
0.833747
0.915811
0.069584
0.460973
0.841731
0.134887
0.42327
0.743305
0.377841
0.921008
0.95592
0.74955
0.792919
0.672346
0.146196
0.508682
0.046692
0.720972
0.036501
0.685235
0.187778
0.216327
0.189756
0.779153
0.465675
0.387954
0.818959
0.898485
0.293463
0.053522
0.13928
0.977483
0.1264
0.127662
0.7378
0.77924
0.360641
0.339991
0.970472
0.811227
0.783651
0.52713
0.959855
0.204895
0.434459
0.929535
0.661417
0.948171
0.737157
0.785159
0.966121
0.010203
0.161208
0.955627
0.634257
0.932035
0.908339
0.871543
0.612881
0.172812
0.87805
0.910013
0.162891
0.540478
0.438907
0.650779
0.525572
0.649878
0.880554
0.700356
0.338884
0.599376
0.505465
0.833152
0.57964
0.499289
0.67652
0.990016
0.608004
0.19523
0.017105
0.308273
0.966439
0.59961
0.994393
0.085358
0.530156
0.275408
0.604472
0.722599
0.805781
0.489246
0.11469
0.563433
0.406367
0.513931
0.612436
0.984706
0.58977
0.185758
0.947852
0.137193
0.946311
0.070398
0.333134
0.969888
0.179914
0.256401
0.518009
0.754437
0.375701
0.266644
0.517225
0.224266
0.920207
0.26938
0.684599
0.414168
0.990573
0.140755
0.520794
0.512083
0.445043
0.512437
0.201535
0.756416
0.306576
0.33929
0.545046
0.728917
0.556218
0.741898
0.986184
0.351098
0.145234
0.160434
0.798338
0.659757
0.050619
0.680034
0.699346
0.437877
0.799457
0.222789
0.289374
0.44369
0.992109
0.947533
0.084324
0.671298
0.389637
0.115855
0.220842
0.379926
0.51311
0.614567
0.667514
0.850309
0.857698
0.235382
0.407742
0.224712
0.733246
0.872334
0.472664
0.601136
0.863835
0.8639
0.627438
0.748664
0.831687
0.869969
0.114365
0.690131
0.147218
0.787931
0.126875
0.365898
0.661841
0.922298
0.667475
0.59369
0.67895
0.109721
0.059875
0.655196
0.826161
0.350521
0.177772
0.862537
0.448964
0.581465
0.291391
0.945304
0.810546
0.378799
0.75575
0.674957
0.991392
0.130807
0.611132
0.601474
0.969357
0.647758
0.303284
0.690639
0.031679
0.302835
0.470355
0.478452
0.364914
0.031938
0.590434
0.693066
0.059798
0.887625
0.152202
0.163902
0.065164
0.552499
0.696108
0.231062
0.733284
0.58099
0.155617
0.70602
0.705683
0.78762
0.810444
0.124303
0.570606
0.431781
0.510069
0.960329
0.609891
0.050661
0.326993
0.942293
0.196084
0.431867
0.225781
0.165953
0.601132
0.993653
0.189006
0.147867
0.338837
0.225841
0.252696
0.409689
0.184217
0.427647
0.410712
0.861422
0.625604
0.752827
0.133329
0.352663
0.856086
0.128822
0.405763
0.894314
0.435249
0.108676
0.73693
0.713255
0.082745
0.472248
0.036415
0.489333
0.481453
0.664963
0.933333
0.398569
0.849242
0.024699
0.295851
0.097528
0.621153
0.308623
0.554649
0.069886
0.640917
0.306876
0.950596
0.424505
0.288917
0.683847
0.313393
0.454074
0.357457
0.709097
0.043943
0.637425
0.240101
0.434226
0.787378
0.352087
0.670214
0.421808
0.25132
0.229522
0.060808
0.835687
0.311753
0.337731
0.416952
0.395862
0.687835
0.062906
0.559011
0.442665
0.747375
0.270428
0.041297
0.545536
0.932101
0.177835
0.690418
0.47493
0.751484
0.172046
0.459383
0.616688
0.879318
0.135579
0.915463
0.960877
0.890078
0.083694
0.324772
0.091941
0.168653
0.697034
0.404847
0.80238
0.08172
0.414433
0.920393
0.848918
0.398612
0.773639
0.517239
0.499381
0.893093
0.702218
0.868414
0.564803
0.836708
0.281687
0.396989
0.688937
0.534223
0.183879
0.136713
0.055854
0.343329
0.02053
0.01358
0.916968
0.790046
0.869786
0.570467
0.795751
0.443744
0.902785
0.946206
0.784658
0.091471
0.283471
0.088056
0.900412
0.908397
0.442232
0.931541
0.364984
0.400219
0.76779
0.307691
0.918271
0.891565
0.83743
0.964893
0.418235
0.399071
0.736535
0.802516
0.767721
0.351983
0.633274
0.60499
0.42136
0.087646
0.175561
0.907438
0.951802
0.731905
0.550773
0.117274
0.785828
0.852218
0.686751
0.850154
0.157268
0.986863
0.091494
0.955769
0.119361
0.766117
0.166665
0.612914
0.934675
0.00869
0.039165
0.735826
0.318234
0.100967
0.463203
0.628646
0.952504
0.644554
0.72666
0.979264
0.37835
0.967169
0.716861
0.818806
0.899009
0.061166
0.318534
0.723814
0.317844
0.473074
0.867844
0.704674
0.68025
0.79079
0.875177
0.837993
0.909368
0.713568
0.390629
0.551415
0.177073
0.905733
0.236821
0.276998
0.123107
0.629353
0.258797
0.371441
0.68952
0.314346
0.23224
0.118388
0.508746
0.517566
0.31265
0.306119
0.708839
0.800881
0.721263
0.940014
0.71313
0.97874
0.559657
0.748778
0.489312
0.054894
0.296653
0.87069
0.479292
0.81747
0.805794
0.802058
0.103534
0.855631
0.600941
0.631581
0.741512
0.152556
0.131862
0.017887
0.021868
0.207411
0.719867
0.0259
0.426254
0.101047
0.516132
0.27916
0.957724
0.605995
0.155115
0.440799
0.833434
0.886235
0.840376
0.155753
0.740972
0.29105
0.033936
0.997061
0.235493
0.072434
0.076968
0.517389
0.527115
0.477365
0.436553
0.56807
0.16703
0.892005
0.452128
0.649
0.417479
0.269053
0.345494
0.40217
0.092993
0.423616
0.878585
0.173993
0.670119
0.507311
0.795577
0.808438
0.553401
0.472183
0.506101
0.582724
0.458137
0.118235
0.100975
0.594698
0.628732
0.636689
0.874299
0.268167
0.196622
0.616015
0.490836
0.923656
0.273949
0.315059
0.552434
0.728202
0.928462
0.926117
0.390173
0.41682
0.0823
0.561343
0.761346
0.023091
0.767411
0.639726
0.85544
0.104876
0.972322
0.743699
0.628066
0.789313
0.321044
0.044333
0.127089
0.227028
0.017416
0.310869
0.833005
0.828332
0.371421
0.346766
0.728273
0.365653
0.597142
0.090757
0.493461
0.40903
0.239107
0.428203
0.704159
0.827089
0.199441
0.134525
0.906248
0.019678
0.068378
0.791927
0.97299
0.231157
0.171644
0.099474
0.370766
0.962391
0.280731
0.821149
0.082275
0.444746
0.353283
0.457795
0.636415
0.173747
0.738053
0.896328
0.161377
0.141914
0.787407
0.025236
0.53405
0.304195
0.227056
0.336461
0.079436
0.605241
0.018008
0.293145
0.920884
0.297201
0.27927
0.092704
0.157014
0.565378
0.318574
0.495621
0.861017
0.282573
0.845933
0.824357
0.253652
0.492511
0.916418
0.080953
0.674404
0.708059
0.258315
0.203697
0.930938
0.164671
0.931331
0.704707
0.862127
0.821839
0.812772
0.318595
0.039649
0.670135
0.585276
0.210071
0.594517
0.302209
0.378271
0.72445
0.777411
0.265893
0.812601
0.465285
0.336051
0.41169
0.337133
0.314851
0.554323
0.073595
0.287937
0.933021
0.691284
0.221135
0.887022
0.067334
0.887916
0.687249
0.217387
0.089131
0.999161
0.656265
0.898647
0.853582
0.448985
0.142829
0.797755
0.837001
0.155145
0.336998
0.679139
0.332347
0.128793
0.414191
0.398525
0.790855
0.967817
0.211687
0.591061
0.107307
0.529162
0.78579
0.965671
0.739671
0.515893
0.722807
0.109403
0.229818
0.383523
0.743941
0.400367
0.504107
0.279168
0.736805
0.866772
0.335142
0.936632
0.382796
0.177389
0.065466
0.418803
0.892403
0.196997
0.621967
0.770181
0.750718
0.444621
0.841992
0.709919
0.426063
0.584307
0.256319
0.410896
0.282509
0.642994
0.463337
0.662126
0.55883
0.225571
0.212281
0.983257
0.398706
0.607766
0.596464
0.245336
0.626836
0.236151
0.717891
0.525838
0.237508
0.745039
0.003654
0.978912
0.318092
0.468179
0.910414
0.288673
0.245754
0.578897
0.88296
0.681536
0.823893
0.041777
0.769756
0.66224
0.752354
0.795432
0.481592
0.775137
0.263893
0.981821
0.928748
0.880596
0.823952
0.155324
0.978968
0.675527
0.131806
0.471538
0.119974
0.487295
0.758286
0.968189
0.742798
0.032066
0.517439
0.551455
0.213017
0.181988
0.354397
0.277261
0.5779
0.18527
0.780659
0.105288
0.922716
0.654048
0.684893
0.255177
0.677464
0.445956
0.490919
0.197928
0.591877
0.571739
0.433519
0.313135
0.786554
0.478698
0.009531
0.1577
0.95574
0.983905
0.559539
0.096176
0.318746
0.794626
0.459716
0.276553
0.911354
0.004728
0.916937
0.939988
0.281187
0.862801
0.422507
0.674191
0.972133
0.182092
0.279924
0.539655
0.363281
0.330086
0.966107
0.93328
0.601638
0.452384
0.348505
0.016213
0.725528
0.125294
0.331696
0.533727
0.464239
0.882949
0.743075
0.055369
0.533042
0.620593
0.973205
0.430149
0.57748
0.343029
0.918064
0.625563
0.822576
0.613581
0.72164
0.386511
0.215732
0.49163
0.788453
0.387246
0.794037
0.191927
0.891694
0.59266
0.442582
0.771405
0.61768
0.207811
0.955487
0.934711
0.590053
0.87626
0.311524
0.051218
0.512358
0.251466
0.846527
0.486216
0.536067
0.784272
0.194832
0.865952
0.715722
0.258634
0.776876
0.606174
0.526799
0.727963
0.205812
0.415388
0.647464
0.240224
0.933464
0.17298
0.028108
0.162486
0.550106
0.151181
0.69735
0.907651
0.227263
0.065214
0.739689
0.096293
0.529178
0.99228
0.305582
0.041701
0.852651
0.903364
0.184415
0.242283
0.947485
0.495381
0.998671
0.653798
0.724524
0.88759
0.306766
0.680497
0.649225
0.095483
0.01021
0.379148
0.19175
0.142723
0.222549
0.855228
0.532974
0.441791
0.558182
0.699367
0.944539
0.84384
0.820829
0.848355
0.338161
0.63248
0.570461
0.918002
0.54368
0.479151
0.638576
0.681751
0.897357
0.82345
0.4328
0.266759
0.437044
0.144496
0.191893
0.935787
0.016311
0.887099
0.101882
0.440531
0.681593
0.032021
0.16422
0.495538
0.4848
0.023078
0.572487
0.641438
0.040574
0.900517
0.21835
0.785322
0.322084
0.478101
0.772804
0.861387
0.636805
0.219308
0.709996
0.769118
0.282606
0.985516
0.574259
0.043395
0.758793
0.719996
0.065325
0.790843
0.328257
0.023029
0.662219
0.740031
0.892914
0.275322
0.136555
0.730237
0.531013
0.349624
0.811914
0.067204
0.567063
0.678538
0.856632
0.543957
0.789521
0.411965
0.609725
0.167203
0.616586
0.617823
0.375579
0.027475
0.631534
0.061793
0.63772
0.207485
0.505341
0.642187
0.394354
0.537171
0.118117
0.855567
0.040767
0.933896
0.502698
0.505663
0.462056
0.255034
0.692536
0.286832
0.82768
0.422623
0.125668
0.395686
0.761048
0.081881
0.51315
0.02508
0.778379
0.261268
0.84705
0.170856
0.151828
0.31021
0.58242
0.955956
0.935401
0.097357
0.085518
0.906411
0.769857
0.681581
0.673589
0.164383
0.189279
0.651167
0.576106
0.964443
0.356861
0.834708
0.213601
0.849094
0.3635
0.28558
0.892786
0.944601
0.479683
0.460981
0.649167
0.413948
0.181923
0.930616
0.128706
0.098975
0.046364
0.604717
0.983141
0.431332
0.711445
0.59711
0.6416
0.462741
0.215714
0.007276
0.446129
0.288867
0.693825
0.899828
0.15159
0.992664
0.056761
0.622201
0.364295
0.146261
0.421372
0.354014
0.226678
0.851857
0.001143
0.988848
0.450016
0.309947
0.805094
0.447532
0.521175
0.084152
0.056138
0.655429
0.548235
0.440838
0.106316
0.592194
0.243573
0.563725
0.544043
0.570585
0.72843
0.432142
0.46668
0.778312
0.243956
0.324711
0.759753
0.911078
0.784038
0.266674
0.091485
0.217707
0.191199
0.401271
0.414295
0.162837
0.054295
0.720786
0.64848
0.551409
0.398318
0.707682
0.370757
0.639697
0.617206
0.307053
0.784937
0.995792
0.508767
0.684075
0.138383
0.296172
0.732579
0.857196
0.878503
0.940485
0.600808
0.685489
0.618707
0.313725
0.99496
0.359671
0.689141
0.416155
0.248094
0.833314
0.101166
0.263311
0.460311
0.707688
0.3588
0.999921
0.961669
0.715963
0.939111
0.620217
0.508019
0.694555
0.745147
0.444794
0.912037
0.317469
0.36727
0.775958
0.584515
0.005056
0.040684
0.613122
0.822179
0.213416
0.660056
0.099687
0.943092
0.656825
0.993797
0.455938
0.537703
0.473887
0.781821
0.38762
0.401711
0.521456
0.900643
0.593826
0.559284
0.414624
0.036265
0.166416
0.472111
0.822811
0.740974
0.40048
0.040424
0.564345
0.762559
0.085913
0.049503
0.07888
0.435592
0.260588
0.50619
0.252787
0.640712
0.257595
0.813606
0.291498
0.459921
0.371202
0.170453
0.728258
0.807189
0.61457
0.421252
0.440097
0.029648
0.172378
0.511142
0.041079
0.150593
0.776694
0.774536
0.505768
0.886332
0.4701
0.437588
0.529854
0.221072
0.552262
0.689964
0.76943
0.69315
0.502474
0.898005
0.505234
0.070815
0.270984
0.160056
0.620058
0.286898
0.412328
0.567333
0.659503
0.765288
0.182518
0.480834
0.994519
0.102917
0.737389
0.413238
0.406375
0.207143
0.624083
0.548515
0.427159
0.852306
0.039458
0.963825
0.91827
0.894494
0.154421
0.506182
0.710997
0.472572
0.981011
0.864232
0.277626
0.893264
0.23082
0.380459
0.569091
0.940488
0.043177
0.759318
0.443108
0.548739
0.556898
0.045461
0.433161
0.769077
0.578465
0.448205
0.037257
0.467753
0.972794
0.749516
0.428745
0.658651
0.834906
0.294336
0.952022
0.542032
0.013033
0.802192
0.081571
0.584874
0.193713
0.501822
0.843031
0.781534
0.398124
0.190402
0.556026
0.893725
0.181644
0.057034
0.61986
0.810753
0.608561
0.132923
0.939472
0.024923
0.845698
0.373441
0.630628
0.928303
0.126396
0.229612
0.317339
0.686041
0.141254
0.754796
0.485544
0.772882
0.772576
0.249434
0.816411
0.020099
0.610682
0.35682
0.530346
0.064508
0.241637
0.258361
0.723704
0.680696
0.572884
0.299425
0.919147
0.917165
0.769798
0.119125
0.892566
0.628969
0.821495
0.690035
0.610324
0.24442
0.508512
0.229668
0.084187
0.600552
0.262531
0.25092
0.447606
0.864711
0.345204
0.792795
0.152108
0.844405
0.33969
0.645467
0.183997
0.175503
0.647982
0.807463
0.519207
0.834352
0.056189
0.254365
0.552551
0.764513
0.62969
0.923175
0.85063
0.469503
0.955295
0.790437
0.658067
0.719455
0.511706
0.874114
0.286451
0.196903
0.515968
0.212192
0.854454
0.942992
0.693919
0.870656
0.669652
0.026711
0.119764
0.697329
0.942815
0.942033
0.493624
0.829963
0.034068
0.41714
0.773535
0.773564
0.969408
0.008569
0.410101
0.862841
0.942924
0.865828
0.454686
0.926097
0.100869
0.652083
0.230586
0.001716
0.674214
0.05942
0.465377
0.331533
0.464519
0.374152
0.352142
0.887415
0.227211
0.738779
0.707478
0.437013
0.490052
0.514554
0.489207
0.573169
0.894443
0.959036
0.955243
0.01625
0.927539
0.028034
0.665944
0.582266
0.146784
0.920881
0.3239
0.955267
0.177116
0.435443
0.297042
0.774552
0.515627
0.094879
0.789097
0.403863
0.607284
0.636415
0.087205
0.847766
0.546407
0.396451
0.035528
0.83686
0.143125
0.249589
0.677998
0.832821
0.64496
0.416841
0.630399
0.875511
0.614011
0.891264
0.637753
0.20849
0.056569
0.266032
0.185368
0.079397
0.93036
0.170933
0.283057
0.989498
0.115163
0.448817
0.268085
0.4357
0.400023
0.569629
0.165247
0.512891
0.891382
0.567907
0.376856
0.074028
0.929173
0.597853
0.406219
0.66364
0.903664
0.629103
0.664317
0.195988
0.178115
0.970062
0.029645
0.775212
0.307633
0.078995
0.845492
0.741676
0.208089
0.202329
0.41185
0.187637
0.129553
0.041454
0.99834
0.263571
0.844747
0.924055
0.970958
0.388901
0.948512
0.541737
0.631987
0.103641
0.560526
0.223929
0.417753
0.694057
0.989326
0.82958
0.103827
0.204457
0.89031
0.22745
0.828598
0.804826
0.109406
0.86944
0.396757
0.957842
0.072613
0.20072
0.749849
0.050609
0.934692
0.637872
0.796699
0.35304
0.949967
0.911937
0.001312
0.509879
0.564853
0.911161
0.292479
0.078042
0.087342
0.361553
0.111539
0.926162
0.730209
0.587025
0.320738
0.796227
0.591975
0.616455
0.855493
0.676564
0.624091
0.1238
0.476135
0.899864
0.963796
0.808308
0.73351
0.973414
0.591847
0.870848
0.434626
0.818355
0.399317
0.885094
0.401159
0.50993
0.205252
0.935819
0.082356
0.331115
0.303472
0.604503
0.979526
0.171617
0.498262
0.259405
0.175774
0.202411
0.336279
0.483445
0.843922
0.506514
0.274007
0.852966
0.103631
0.923389
0.567737
0.508127
0.344103
0.861674
0.82565
0.884162
0.026815
0.677839
0.005427
0.969391
0.115236
0.731057
0.377111
0.407908
0.57323
0.658336
0.400023
0.433823
0.536163
0.749133
0.728523
0.699688
0.721778
0.801775
0.466902
0.554583
0.195955
0.44563
0.177947
0.840614
0.805204
0.120568
0.999797
0.849854
0.65324
0.873837
0.742489
0.446434
0.60974
0.881331
0.105919
0.007938
0.094764
0.298787
0.326573
0.561646
0.443394
0.059824
0.688173
0.74626
0.132093
0.993779
0.722536
0.138217
0.531265
0.731424
0.675551
0.337717
0.348732
0.425933
0.926414
0.015516
0.086559
0.187404
0.817948
0.79048
0.489482
0.179118
0.855814
0.623167
0.072752
0.466204
0.441493
0.687546
0.081484
0.016362
0.597844
0.59464
0.573953
0.846833
0.672978
0.207153
0.113176
0.748182
0.499016
0.784433
0.966978
0.15293
0.238976
0.651522
0.019382
0.781815
0.011043
0.327444
0.917455
0.39839
0.934325
0.628064
0.082988
0.83553
0.4488
0.436288
0.359813
0.834605
0.599433
0.208445
0.708224
0.561504
0.578988
0.364517
0.924166
0.207359
0.132371
0.088595
0.861546
0.212723
0.214783
0.793524
0.904426
0.170905
0.865206
0.60046
0.226137
0.164182
0.654192
0.392948
0.399556
0.167153
0.105217
0.47659
0.892676
0.685036
0.378909
0.774538
0.808796
0.607176
0.78331
0.481491
0.59872
0.914529
0.334981
0.236238
0.89432
0.135311
0.175028
0.689909
0.433185
0.397016
0.353821
0.040716
0.77448
0.282062
0.921209
0.921863
0.189057
0.794372
0.466656
0.655297
0.501807
0.690044
0.792968
0.663769
0.571351
0.588219
0.088191
0.725648
0.688436
0.792112
0.003574
0.575389
0.341427
0.815977
0.886256
0.801103
0.903729
0.38672
0.108194
0.342037
0.253878
0.601004
0.724378
0.593487
0.141975
0.946697
0.737569
0.471408
0.147096
0.517169
0.099678
0.140534
0.27653
0.279489
0.032384
0.479641
0.975525
0.275598
0.719568
0.670289
0.691418
0.502292
0.312946
0.195437
0.809438
0.608936
0.021072
0.232089
0.067099
0.163683
0.122854
0.130926
0.278197
0.932458
0.776553
0.183475
0.919441
0.157835
0.830644
0.176243
0.817673
0.422522
0.463577
0.043626
0.45479
0.418819
0.931687
0.468737
0.160763
0.949651
0.970575
0.833692
0.134592
0.931927
0.563348
0.321728
0.406557
0.740773
0.797551
0.50201
0.411669
0.943089
0.895039
0.669982
0.95014
0.562372
0.708731
0.250016
0.990017
0.455874
0.561789
0.199048
0.9702
0.794889
0.306271
0.712111
0.266352
0.287135
0.463372
0.747671
0.806362
0.609248
0.575818
0.543437
0.692927
0.474616
0.812744
0.995188
0.048594
0.017085
0.765793
0.172715
0.489459
0.779903
0.500513
0.371578
0.550776
0.202957
0.658376
0.376937
0.384799
0.74581
0.907291
0.567445
0.179656
0.01659
0.094113
0.248871
0.505258
0.855139
0.458057
0.037778
0.843787
0.957266
0.216094
0.193143
0.689643
0.524341
0.278718
0.819265
0.002857
0.488286
0.461111
0.014002
0.332179
0.114835
0.575461
0.022799
0.826756
0.014395
0.890606
0.265668
0.292031
0.091662
0.997923
0.507424
0.821905
0.20203
0.071305
0.729962
0.468028
0.805843
0.762618
0.867203
0.198881
0.886567
0.437171
0.755381
0.67031
0.748824
0.777027
0.024961
0.023881
0.434209
0.28485
0.850382
0.621918
0.474987
0.102077
0.168094
0.247506
0.099957
0.435671
0.165408
0.494764
0.184512
0.487419
0.587026
0.265714
0.413449
0.978443
0.923882
0.145881
0.561582
0.71333
0.747754
0.065246
0.333215
0.264733
0.33847
0.240107
0.463267
0.836814
0.241703
0.877898
0.268762
0.641782
0.475717
0.205043
0.730777
0.733973
0.415053
0.257605
0.751834
0.200672
0.238364
0.201669
0.521343
0.279246
0.233242
0.269684
0.239289
0.278514
0.038891
0.453392
0.061028
0.029053
0.511825
0.05809
0.316135
0.099671
0.193388
0.044993
0.06532
0.814255
0.888418
0.541812
0.607189
0.530619
0.741303
0.110176
0.180344
0.877225
0.636541
0.205657
0.069557
0.035178
0.798966
0.464132
0.122866
0.338834
0.82533
0.907725
0.71855
0.940287
0.586488
0.92353
0.784084
0.465531
0.919954
0.080255
0.116736
0.837403
0.56762
0.18049
0.159423
0.285031
0.303264
0.501392
0.333549
0.414048
0.082977
0.184948
0.189461
0.28982
0.399771
0.79639
0.523845
0.768572
0.505496
0.069876
0.155073
0.776398
0.106025
0.825265
0.272904
0.110575
0.454211
0.544389
0.915647
0.365356
0.451039
0.911413
0.952871
0.207271
0.002498
0.048573
0.324465
0.252498
0.219619
0.585531
0.11763
0.428688
0.079815
0.337997
0.309512
0.988894
0.974689
0.631872
0.774967
0.407798
0.743705
0.879293
0.222977
0.28866
0.116462
0.854494
0.520582
0.272048
0.9512
0.001661
0.329608
0.112976
0.422457
0.720354
0.419729
0.913982
0.8204
0.119726
0.083619
0.19237
0.641473
0.87511
0.45815
0.314217
0.798512
0.093963
0.806323
0.844752
0.95117
0.330935
0.247413
0.139111
0.703803
0.992539
0.042775
0.344924
0.13316
0.189788
0.217867
0.993471
0.792971
0.783734
0.765384
0.995031
0.780306
0.970213
0.423437
0.519552
0.991601
0.153176
0.712546
0.41209
0.315021
0.407784
0.553415
0.709731
0.870348
0.386722
0.053953
0.940935
0.19227
0.291989
0.215875
0.094418
0.322658
0.058844
0.070616
0.770872
0.87896
0.551201
0.597738
0.450237
0.387162
0.807263
0.919823
0.893006
0.92905
0.960079
0.608833
0.194217
0.454285
0.008834
0.162395
0.395328
0.646653
0.753467
0.502619
0.195517
0.332687
0.898501
0.378723
0.387187
0.813885
0.796735
0.899909
0.847636
0.690458
0.580601
0.337047
0.981993
0.93418
0.971096
0.718891
0.988471
0.265636
0.731209
0.248324
0.353619
0.123547
0.754001
0.641156
0.232486
0.646315
0.590042
0.518705
0.598392
0.282003
0.786576
0.749263
0.813867
0.854484
0.591668
0.714166
0.458378
0.090071
0.56287
0.66231
0.008598
0.364224
0.637575
0.872873
0.486286
0.384106
0.051487
0.947789
0.562804
0.858772
0.407856
0.904382
0.82191
0.19496
0.218159
0.74103
0.109193
0.475667
0.007103
0.452462
0.51212
0.642568
0.971242
0.514405
0.471574
0.466007
0.362892
0.648333
0.39431
0.866951
0.796078
0.542972
0.215369
0.79339
0.406216
0.735984
0.356929
0.166136
0.605186
0.127968
0.801798
0.400385
0.84051
0.409445
0.388
0.946556
0.337292
0.228062
0.401558
0.803382
0.901295
0.470277
0.224956
0.596213
0.541266
0.245185
0.347848
0.988972
0.464844
0.809258
0.294604
0.007203
0.024107
0.308306
0.640311
0.813253
0.579297
0.592371
0.639315
0.614091
0.732011
0.974947
0.89283
0.514157
0.194205
0.305113
0.870738
0.938965
0.131568
0.118987
0.478371
0.019691
0.515884
0.316872
0.975859
0.207288
0.073785
0.484557
0.222092
0.620906
0.472893
0.026083
0.404858
0.580848
0.314282
0.331459
0.153148
0.90803
0.170517
0.104966
0.661615
0.36103
0.273976
0.050877
0.543858
0.57954
0.73331
0.902303
0.955363
0.401076
0.633262
0.225391
0.944099
0.794221
0.105992
0.072657
0.273253
0.218629
0.198293
0.951437
0.902679
0.963297
0.759743
0.181941
0.708026
0.954441
0.400697
0.4314
0.70069
0.520961
0.03079
0.27044
0.131827
0.338271
0.435794
0.094418
0.509119
0.068878
0.442309
0.309268
0.704052
0.289641
0.752501
0.128688
0.19391
0.966201
0.621951
0.730233
0.805072
0.942126
0.395461
0.422927
0.772741
0.446473
0.549164
0.454843
0.386259
0.049388
0.849034
0.122757
0.747253
0.062639
0.046813
0.03321
0.928017
0.68387
0.577277
0.73457
0.913591
0.090591
0.951411
0.510142
0.177241
0.563569
0.233476
0.835248
0.017659
0.46347
0.026948
0.961441
0.597786
0.876348
0.949386
0.265293
0.454927
0.158466
0.938397
0.860183
0.760226
0.081288
0.698052
0.754817
0.692959
0.168014
0.672193
0.90911
0.289355
0.494919
0.469053
0.090923
0.488832
0.108513
0.046248
0.429771
0.445855
0.967874
0.590509
0.219542
0.735418
0.223807
0.033845
0.853387
0.380037
0.329088
0.074325
0.751035
0.361985
0.835579
0.621732
0.50422
0.202086
0.640706
0.778125
0.798695
0.364981
0.392198
0.357176
0.92111
0.702091
0.222723
0.172666
0.161874
0.760272
0.253806
0.557858
0.651618
0.802405
0.597701
0.752199
0.364256
0.858509
0.916759
0.609006
0.281499
0.046773
0.658364
0.29873
0.952724
0.005653
0.547215
0.455114
0.325967
0.000465
0.216433
0.808528
0.838979
0.620905
0.814577
0.912945
0.739234
0.95286
0.024515
0.925742
0.324324
0.219459
0.6785
0.397321
0.433525
0.162439
0.273694
0.150629
0.02542
0.573109
0.52501
0.066137
0.57278
0.855718
0.120605
0.91573
0.832706
0.692579
0.433487
0.275754
0.622974
0.613697
0.51872
0.878315
0.497755
0.788266
0.078001
0.777356
0.340053
0.235192
0.839434
0.206284
0.187546
0.149196
0.94838
0.64165
0.077507
0.894446
0.129307
0.141464
0.823845
0.385455
0.311622
0.648813
0.554378
0.908025
0.205614
0.473737
0.193115
0.991466
0.025535
0.173846
0.614329
0.67233
0.127894
0.207888
0.192824
0.090422
0.501598
0.201117
0.976254
0.78034
0.652593
0.542148
0.601697
0.400219
0.240667
0.444155
0.081225
0.409188
0.988157
0.291125
0.181498
0.345593
0.145873
0.639774
0.129886
0.327223
0.830962
0.49215
0.053924
0.02058
0.782312
0.807667
0.28175
0.232595
0.814529
0.786747
0.279592
0.906911
0.776923
0.912715
0.075871
0.652298
0.31614
0.23483
0.088213
0.973159
0.606756
0.419405
0.260037
0.158263
0.588005
0.025228
0.51831
0.371852
0.572582
0.289447
0.842735
0.052838
0.439676
0.86385
0.474198
0.232946
0.851369
0.12637
0.161874
0.23844
0.144589
0.260734
0.86506
0.090124
0.861019
0.094066
0.028149
0.972815
0.956447
0.359117
0.460905
0.165736
0.121115
0.976907
0.59416
0.305527
0.25649
0.933703
0.991787
0.904725
0.802065
0.498273
0.019752
0.756834
0.231854
0.18272
0.27959
0.253353
0.266596
0.761949
0.767883
0.233776
0.871207
0.562618
0.161672
0.117244
0.784422
0.992273
0.467787
0.855234
0.558858
0.784069
0.24595
0.102566
0.816618
0.179427
0.860692
0.396654
0.564212
0.246169
0.071794
0.440532
0.679296
0.060942
0.812033
0.971918
0.125652
0.736933
0.117229
0.369806
0.403235
0.979851
0.108324
0.976795
0.943221
0.918596
0.087833
0.074788
0.245982
0.554304
0.082853
0.264381
0.144344
0.705874
0.510745
0.117745
0.636707
0.888505
0.207747
0.605935
0.750466
0.156143
0.914709
0.578937
0.386549
0.595899
0.326581
0.605835
0.524875
0.638744
0.829652
0.803526
0.512812
0.779054
0.923858
0.787603
0.620712
0.278428
0.522017
0.023618
0.994025
0.983719
0.567463
0.036174
0.594666
0.450288
0.328049
0.103809
0.144698
0.602837
0.397162
0.505828
0.904402
0.484719
0.232017
0.635756
0.184293
0.35601
0.007223
0.511426
0.273083
0.778557
0.010819
0.668993
0.320691
0.108193
0.147589
0.749025
0.348569
0.389591
0.353745
0.724856
0.157342
0.503367
0.540834
0.948416
0.818201
0.855157
0.89328
0.535533
0.19784
0.803102
0.164784
0.588256
0.283136
0.982231
0.967474
0.211132
0.846122
0.975916
0.962055
0.734248
0.958621
0.482819
0.453535
0.936349
0.374725
0.892641
0.412125
0.878095
0.624762
0.772079
0.018145
0.870566
0.061815
0.961617
0.804404
0.53302
0.837001
0.242425
0.086883
0.102652
0.969207
0.479089
0.712459
0.395761
0.372255
0.597876
0.69909
0.969511
0.669667
0.384369
0.943062
0.792953
0.58058
0.048621
0.337318
0.726507
0.959572
0.032102
0.945591
0.333179
0.80368
0.930869
0.500982
0.824051
0.995207
0.430159
0.901418
0.226305
0.345926
0.04673
0.53362
0.534489
0.57373
0.065487
0.70532
0.734782
0.36033
0.692913
0.70605
0.174842
0.990238
0.22393
0.513991
0.831555
0.064305
0.992488
0.015146
0.223431
0.648531
0.394204
0.975302
0.120492
0.278305
0.658789
0.10823
0.488871
0.03371
0.998789
0.661188
0.979109
0.313719
0.004897
0.889104
0.576614
0.717095
0.760307
0.58643
0.199609
0.216911
0.723701
0.431915
0.997524
0.094629
0.674372
0.830807
0.709904
0.239984
0.526268
0.952988
0.98324
0.349982
0.301622
0.930878
0.898494
0.809625
0.393158
0.059429
0.447014
0.730838
0.634012
0.46662
0.034974
0.390288
0.189181
0.313472
0.533784
0.856905
0.480671
0.763757
0.435832
0.631172
0.028835
0.891939
0.532452
0.419836
0.218072
0.17619
0.724921
0.832715
0.0675
0.61202
0.700057
0.191329
0.246036
0.054486
0.065019
0.280437
0.543982
0.50734
0.308187
0.422717
0.147155
0.302318
0.999302
0.47384
0.513354
0.614146
0.82965
0.054952
0.920895
0.640936
0.825947
0.450025
0.689684
0.105026
0.267451
0.158379
0.206375
0.714397
0.217553
0.59708
0.490717
0.220373
0.434218
0.918089
0.398977
0.088449
0.323993
0.920353
0.000807
0.097981
0.593706
0.439681
0.432997
0.354205
0.482513
0.52754
0.877356
0.970193
0.086164
0.140077
0.948241
0.254166
0.35921
0.897162
0.990563
0.875554
0.019404
0.778172
0.093819
0.364974
0.991794
0.100665
0.367788
0.971513
0.391246
0.918042
0.317693
0.231253
0.136943
0.935599
0.964772
0.223578
0.848484
0.853516
0.585355
0.301119
0.979319
0.260961
0.868287
0.919571
0.767245
0.724303
0.854049
0.935576
0.406951
0.530649
0.293386
0.515299
0.914486
0.224445
0.132055
0.405598
0.462475
0.02876
0.540025
0.402542
0.977861
0.20458
0.983472
0.843973
0.233086
0.15651
0.764748
0.900854
0.309158
0.321355
0.894012
0.639731
0.93415
0.90777
0.26578
0.905308
0.08571
0.563315
0.2595
0.007424
0.630876
0.196142
0.659068
0.822279
0.278161
0.328872
0.156466
0.231135
0.030287
0.37384
0.943137
0.104111
0.107761
0.122177
0.470761
0.690686
0.319553
0.193616
0.893444
0.438028
0.739365
0.408234
0.46426
0.852554
0.158497
0.22875
0.830609
0.56235
0.298161
0.092668
0.612143
0.740559
0.666511
0.046626
0.686797
0.556371
0.506112
0.07309
0.436899
0.571755
0.220177
0.591228
0.377379
0.487532
0.138561
0.402576
0.691851
0.824666
0.784725
0.279482
0.501489
0.224626
0.709148
0.726763
0.442961
0.960018
0.103732
0.536881
0.081329
0.483529
0.976457
0.953804
0.661216
0.416457
0.388186
0.041813
0.799237
0.530044
0.119362