1024 2
0
147
607
1
409
933
2
648
780
3
241
351
4
335
979
5
614
650
6
485
829
7
9
582
8
93
286
9
772
821
10
271
695
11
419
443
12
89
144
13
76
125
14
928
976
15
297
740
16
296
802
17
88
798
1
18
746
19
233
834
20
646
993
21
29
381
22
403
637
23
377
581
24
49
184
25
624
734
26
537
538
27
215
458
28
622
676
29
300
791
30
98
311
31
75
133
32
599
665
33
308
694
34
352
688
35
625
894
36
702
935
37
287
769
38
389
763
39
344
953
40
113
667
41
770
975
42
80
935
43
239
836
44
84
641
45
903
974
46
225
846
47
471
799
48
160
775
49
618
684
43
50
431
51
721
976
52
939
989
53
477
836
54
926
1022
55
399
692
29
56
201
57
401
632
12
58
966
31
59
542
60
276
700
61
397
400
62
336
359
63
519
957
64
328
918
65
705
799
42
66
366
67
745
803
68
79
159
66
69
465
70
86
868
58
71
573
72
510
715
73
278
833
74
449
816
75
496
682
76
368
553
7
53
77
78
359
720
79
201
601
80
478
764
81
101
248
82
371
377
55
83
92
36
84
954
85
187
353
86
328
773
87
596
608
82
88
845
89
855
920
90
921
978
91
564
923
92
621
653
93
477
905
94
284
470
95
540
938
13
96
350
97
204
411
98
433
945
99
463
764
100
136
858
101
361
522
102
421
1015
103
574
859
104
187
720
105
607
707
106
533
999
60
107
441
108
540
837
109
122
671
110
403
571
111
614
834
71
112
485
113
272
668
114
506
753
56
115
757
58
116
376
117
381
698
118
398
559
11
119
686
120
382
688
121
526
975
122
135
996
123
675
893
124
332
478
125
805
918
126
266
488
4
127
981
103
128
239
41
53
129
130
521
681
100
131
878
132
158
829
133
554
958
134
524
922
135
196
511
136
658
995
137
702
895
138
374
631
139
409
713
42
140
242
141
611
748
61
142
851
143
680
929
41
144
883
60
145
550
146
680
1014
18
73
147
148
601
730
149
451
545
150
714
982
151
264
641
78
152
679
123
153
852
154
712
814
155
227
963
156
429
941
157
316
574
158
682
791
159
652
780
160
413
761
161
318
424
162
327
806
163
251
281
164
487
853
165
345
946
166
798
1021
47
167
600
168
518
757
169
588
591
83
167
170
171
254
316
110
172
385
141
173
491
174
373
384
175
221
474
176
353
961
177
297
732
178
229
962
136
179
472
125
180
758
64
181
786
182
475
628
183
505
703
184
597
813
185
598
825
186
509
571
146
187
640
188
195
755
99
189
391
113
190
288
191
367
858
192
490
1018
27
193
342
194
823
945
195
340
463
68
185
196
83
197
998
161
198
576
103
199
586
200
235
1002
201
266
974
202
508
582
203
472
483
204
457
638
205
556
964
206
720
739
207
298
464
208
588
929
209
752
940
203
210
243
211
360
481
73
212
986
14
213
216
214
510
539
29
215
405
216
270
593
217
483
786
91
218
261
219
581
861
41
220
576
221
416
649
222
604
806
14
223
385
224
453
502
225
241
988
77
226
954
171
227
501
228
551
577
229
661
844
230
233
667
231
596
675
232
545
900
5
233
856
234
476
914
235
324
512
236
288
699
129
237
992
238
496
682
239
264
709
240
291
518
241
301
311
242
370
511
243
373
658
244
367
378
245
561
660
246
287
884
247
390
775
174
248
399
249
375
691
250
434
724
85
251
981
252
601
823
37
253
435
254
662
996
255
640
662
256
615
988
204
257
835
258
588
753
26
259
684
260
331
604
261
523
970
262
410
568
263
379
894
264
753
982
52
265
949
63
266
497
267
318
727
268
575
850
269
370
562
270
300
978
271
818
950
229
272
442
172
273
750
274
781
925
80
275
962
276
319
811
277
454
745
2
278
1022
238
279
503
280
360
556
169
281
778
27
282
931
276
283
901
20
234
284
285
369
525
286
622
954
287
475
861
288
733
861
249
289
901
151
290
542
291
430
1013
193
292
989
165
293
456
167
294
696
295
396
922
164
208
296
90
254
297
298
614
817
299
405
946
300
740
799
60
301
521
121
302
558
270
280
303
304
327
457
180
305
915
28
306
595
84
158
307
308
473
606
309
535
584
310
568
707
311
472
540
312
792
958
184
313
920
292
314
783
224
315
666
95
316
907
134
317
403
10
318
570
241
274
319
119
157
320
321
702
734
322
621
869
142
323
364
307
324
466
325
387
513
49
326
338
327
578
890
328
335
953
329
791
836
255
330
971
331
635
741
153
186
332
88
333
441
46
334
481
79
335
475
119
229
336
337
575
583
338
595
615
58
339
500
85
340
574
59
91
341
342
487
654
144
343
720
257
344
569
86
345
724
346
856
930
60
347
667
348
545
774
121
349
963
350
860
900
255
351
385
34
352
978
353
769
930
354
838
920
355
795
805
275
356
406
192
351
357
52
358
368
56
80
359
82
360
638
218
296
361
220
362
486
316
363
728
187
364
587
311
365
486
176
366
499
367
564
856
285
368
825
234
369
710
349
370
674
371
468
701
345
372
389
104
373
689
265
374
445
339
375
448
358
374
376
377
526
758
378
724
781
379
428
494
341
380
465
70
381
444
4
334
382
357
383
609
173
384
581
385
533
762
386
699
968
387
495
529
253
388
559
389
744
891
302
390
496
391
731
784
392
407
982
14
393
427
90
394
667
56
309
395
396
821
856
91
333
397
169
398
730
399
750
999
163
379
400
144
401
607
402
626
732
403
774
888
404
434
865
74
405
977
209
246
406
407
461
969
408
583
615
409
486
975
213
410
909
250
411
661
370
412
795
413
535
750
4
183
414
149
415
778
416
475
870
242
417
570
418
601
877
419
588
728
307
420
597
421
664
670
89
422
455
367
423
932
158
350
424
9
119
425
33
426
646
144
369
427
126
217
428
259
429
916
430
568
733
339
431
913
99
432
804
362
433
811
393
434
793
165
435
738
436
777
969
437
536
631
103
201
438
82
439
651
310
440
1014
169
353
441
442
579
583
65
443
912
440
444
930
330
445
684
446
486
901
190
447
718
274
448
732
122
449
542
321
450
890
97
451
785
117
452
761
371
447
453
144
452
454
178
355
455
85
445
456
73
457
893
299
431
458
459
685
859
460
517
700
127
461
603
176
271
462
79
463
893
363
464
670
4
465
527
184
466
782
120
436
467
468
877
1018
469
582
986
208
470
703
471
805
970
361
472
827
41
473
834
474
627
903
475
701
1009
167
476
625
477
773
941
442
478
782
479
611
1015
323
393
480
244
327
481
482
626
971
483
595
991
94
484
810
485
497
969
29
486
609
103
224
487
126
488
993
389
489
999
490
721
989
256
491
593
71
397
492
85
381
493
434
494
785
164
495
693
496
708
968
103
204
497
134
413
498
204
478
499
172
500
984
391
501
1008
502
590
813
101
503
817
33
314
504
144
505
836
375
506
790
273
507
944
508
534
858
509
822
1003
308
510
747
392
511
518
491
512
643
152
513
696
85
514
786
4
515
727
165
297
516
25
517
701
119
518
692
342
381
519
324
520
892
500
521
997
210
522
757
493
523
663
24
524
619
238
386
525
334
526
648
527
739
776
365
528
781
529
565
784
115
530
679
46
393
531
54
532
1014
300
533
534
534
845
931
10
13
535
406
536
902
17
523
537
59
538
694
237
316
539
207
540
698
171
282
541
437
542
544
106
543
558
141
544
823
7
285
545
20
461
546
367
547
555
11
548
965
103
467
549
236
266
550
551
689
944
206
552
661
200
219
553
241
554
887
92
555
584
556
754
808
15
343
557
378
558
618
229
441
559
269
544
560
96
561
838
344
562
687
516
563
567
30
527
564
462
565
715
9
566
882
567
650
842
230
568
871
444
569
597
285
465
570
242
571
763
283
572
897
573
684
808
325
564
574
262
575
892
89
560
576
226
577
605
525
578
581
579
726
1001
504
580
823
328
581
936
61
359
582
305
546
583
344
584
967
190
585
682
158
340
586
261
560
587
119
178
588
589
619
1004
39
236
590
114
120
591
592
596
857
258
416
593
63
192
594
28
102
595
19
499
596
7
597
791
261
598
623
197
519
599
555
600
715
601
640
922
110
602
689
141
225
603
441
604
725
605
607
977
155
396
606
359
607
793
145
361
608
123
609
874
223
340
610
277
611
746
100
454
612
169
193
613
614
744
942
113
439
615
189
533
616
443
617
788
15
618
636
419
619
724
449
620
820
335
546
621
124
622
684
214
291
623
494
510
624
149
547
625
323
626
708
229
623
627
422
628
744
63
629
637
554
630
950
631
708
919
530
632
936
519
633
792
500
611
634
327
395
635
208
252
636
325
409
637
638
982
999
257
495
639
6
378
640
641
821
991
89
642
693
464
643
694
584
644
859
645
724
947
27
646
996
44
647
689
648
811
855
139
649
882
329
650
715
245
333
651
86
408
652
152
390
653
535
654
863
150
655
667
516
656
744
303
654
657
229
245
658
305
539
659
147
660
939
550
650
661
383
662
681
34
663
668
200
553
664
41
613
665
613
666
823
262
385
667
416
668
854
619
669
1013
85
102
670
178
671
706
432
628
672
268
673
742
674
765
789
531
675
961
162
479
676
677
876
896
12
678
898
295
600
679
432
501
680
45
681
1004
468
682
693
35
618
683
44
684
925
685
873
933
54
409
686
59
76
687
456
519
688
689
714
730
161
690
751
326
691
772
154
477
692
488
693
856
675
694
813
477
695
785
120
240
696
61
697
969
196
698
832
424
499
699
151
700
943
177
681
701
86
702
1019
379
616
703
234
547
704
542
549
705
79
520
706
8
707
939
417
418
708
46
249
709
138
376
710
44
711
992
457
529
712
146
583
713
82
613
714
202
700
715
463
715
716
588
717
809
409
718
834
53
144
719
191
720
766
441
644
721
644
722
757
122
595
723
163
724
760
16
368
725
4
561
726
727
925
1022
359
362
728
396
729
908
42
135
730
244
731
874
542
600
732
377
559
733
56
734
890
735
749
886
736
980
1000
626
696
737
224
738
963
278
670
739
495
740
772
741
905
949
730
742
911
362
455
743
108
473
744
319
745
873
93
648
746
241
261
747
276
581
748
139
497
749
30
502
750
528
574
751
140
302
752
299
662
753
182
754
985
755
901
910
80
665
756
12
746
757
334
451
758
536
759
933
127
760
1007
387
732
761
162
641
762
237
656
763
331
404
764
101
765
788
225
704
766
166
333
767
648
743
768
219
750
769
214
728
770
185
351
771
446
635
772
233
773
916
29
774
880
748
775
1007
402
776
838
80
189
777
25
778
905
160
731
779
282
288
780
439
635
781
553
782
857
386
651
783
119
399
784
485
785
847
493
786
860
235
787
893
379
444
788
386
586
789
36
790
1021
502
511
791
311
792
933
767
793
1005
529
752
794
358
360
795
441
563
796
539
743
797
297
798
934
346
509
799
504
550
800
110
581
801
72
392
802
112
421
803
127
134
804
398
667
805
703
806
855
107
368
807
223
291
808
659
809
875
773
810
812
69
811
860
47
490
812
494
711
813
287
401
814
70
106
815
254
645
816
303
817
842
5
818
900
125
819
921
384
820
962
315
619
821
820
822
866
307
737
823
340
824
834
47
552
825
215
748
826
217
225
827
529
710
828
452
627
829
452
830
863
41
831
1012
52
453
832
281
347
833
834
892
982
738
835
973
222
835
836
227
837
979
644
740
838
69
148
839
283
840
932
484
649
841
491
842
953
309
316
843
156
163
844
0
845
963
660
781
846
155
357
847
784
794
848
651
849
851
21
449
850
30
605
851
442
824
852
296
841
853
444
750
854
546
849
855
131
757
856
228
857
996
108
471
858
754
859
911
548
758
860
441
766
861
143
147
862
196
512
863
294
542
864
215
355
865
770
866
895
440
598
867
123
672
868
422
430
869
423
870
919
659
706
871
100
872
890
135
435
873
113
568
874
64
875
1018
88
826
876
748
862
877
771
878
926
40
879
942
189
439
880
729
881
912
225
882
904
77
96
883
281
457
884
155
508
885
413
488
886
98
319
887
630
665
888
218
889
928
322
890
1002
891
979
988
323
892
949
296
771
893
674
818
894
233
349
895
350
798
896
107
398
897
463
629
898
479
568
899
174
900
1012
253
901
925
247
804
902
401
577
903
209
904
911
271
307
905
64
865
906
10
649
907
13
81
908
386
545
909
452
506
910
278
780
911
568
912
942
399
913
935
205
508
914
572
817
915
405
715
916
100
721
917
330
850
918
692
788
919
187
920
1014
113
129
921
869
922
1012
74
544
923
924
993
1018
290
874
925
324
761
926
41
291
927
159
688
928
529
741
929
24
930
990
8
417
931
51
719
932
25
132
933
775
835
934
425
606
935
139
655
936
803
902
937
614
670
938
386
574
939
252
427
940
766
941
957
371
874
942
91
396
943
129
618
944
865
879
945
330
426
946
79
355
947
569
580
948
59
949
1023
19
457
950
14
221
951
151
891
952
435
651
953
212
954
959
378
561
955
533
940
956
593
667
957
412
542
958
8
617
959
627
926
960
136
228
961
17
378
962
336
627
963
398
644
964
493
881
965
176
414
966
81
619
967
345
723
968
42
326
969
638
962
970
54
777
971
403
583
972
265
971
973
680
794
974
254
298
975
599
913
976
518
938
977
419
779
978
381
772
979
71
373
980
22
336
981
663
941
982
522
664
983
786
868
984
736
823
985
352
728
986
209
751
987
265
945
988
320
692
989
527
856
990
165
986
991
725
796
992
326
885
993
571
614
994
119
789
995
2
731
996
66
384
997
198
861
998
211
999
1008
304
471
1000
48
637
1001
626
1002
1005
178
731
1003
780
878
1004
151
456
1005
19
218
1006
237
883
1007
100
546
1008
818
873
1009
611
851
1010
173
588
1011
225
270
1012
576
731
1013
578
863
1014
479
824
1015
644
936
1016
363
613
1017
128
699
1018
589
964
1019
39
443
1020
606
803
1021
118
464
1022
776
789
1023
0.419461
0.633634
0.975768
0.223602
0.027021
0.231119
0.425286
0.039254
0.416044
0.932953
0.026938
0.196155
0.959034
0.439796
0.691412
0.917566
0.690086
0.884361
0.181996
0.374481
0.419717
0.710904
0.950232
0.555974
0.781795
0.474706
0.436813
0.872408
0.211838
0.448031
0.483787
0.978493
0.015232
0.615308
0.105512
0.570993
0.500347
0.167312
0.259136
0.161607
0.611776
0.618787
0.680499
0.886152
0.871251
0.094402
0.300589
0.198055
0.406831
0.123943
0.401705
0.926211
0.278298
0.434331
0.90481
0.740005
0.886547
0.52099
0.789984
0.15742
0.10473
0.241146
0.82321
0.062951
0.516351
0.872443
0.216498
0.716472
0.785188
0.222357
0.049541
0.130408
0.827376
0.215634
0.343603
0.24876
0.13843
0.147943
0.74195
0.585127
0.089662
0.987042
0.949458
0.226255
0.428365
0.382157
0.69844
0.745065
0.957134
0.637521
0.345192
0.499684
0.716217
0.27159
0.823506
0.443287
0.953543
0.3849
0.43327
0.043874
0.094678
0.836763
0.524908
0.431379
0.849037
0.557506
0.961413
0.263039
0.112393
0.356998
0.672838
0.106025
0.980273
0.784328
0.268916
0.738522
0.202757
0.646903
0.956564
0.949837
0.958013
0.006307
0.170988
0.114402
0.160889
0.104534
0.835889
0.359494
0.392471
0.385416
0.706623
0.217328
0.266185
0.554336
0.430873
0.494286
0.581608
0.656742
0.529624
0.314471
0.984959
0.810551
0.368147
0.081956
0.950627
0.166734
0.669841
0.981903
0.036828
0.745454
0.567501
0.91298
0.115632
0.554758
0.129245
0.521329
0.717444
0.849336
0.403268
0.457212
0.842636
0.466664
0.115032
0.5899
0.554189
0.335214
0.872184
0.050378
0.815166
0.680853
0.719082
0.891599
0.729465
0.488441
0.663525
0.787101
0.942769
0.866826
0.372533
0.088113
0.328564
0.2079
0.563155
0.359126
0.888082
0.080792
0.616462
0.649778
0.285956
0.50798
0.754866
0.770228
0.857637
0.036599
0.119427
0.45916
0.708574
0.973892
0.113295
0.781033
0.525273
0.747269
0.618993
0.16178
0.832349
0.30529
0.53379
0.417999
0.718972
0.307383
0.56718
0.082563
0.396215
0.15667
0.124443
0.521188
0.554523
0.075285
0.632071
0.206569
0.18518
0.393945
0.82958
0.656474
0.279597
0.992075
0.190952
0.508263
0.20395
0.526544
0.050669
0.287477
0.257319
0.722842
0.665013
0.684632
0.876129
0.027853
0.264327
0.594842
0.125557
0.566502
0.493659
0.019584
0.872006
0.825324
0.940962
0.555213
0.64212
0.623059
0.727562
0.756202
0.049034
0.632653
0.941303
0.086249
0.981565
0.031689
0.640833
0.696498
0.400432
0.492741
0.224372
0.218352
0.892542
0.903018
0.932152
0.454826
0.042159
0.352939
0.801117
0.415944
0.787165
0.358363
0.535993
0.983031
0.61463
0.068514
0.251914
0.96803
0.415465
0.698115
0.529316
0.885293
0.641831
0.73181
0.751697
0.273027
0.706267
0.727017
0.164949
0.19824
0.499437
0.258025
0.057621
0.019779
0.438225
0.854929
0.227236
0.559801
0.867533
0.755412
0.33378
0.108688
0.942815
0.055591
0.727657
0.371506
0.581273
0.186184
0.719958
0.076071
0.758996
0.973839
0.862128
0.564229
0.55085
0.982028
0.285074
0.610364
0.223596
0.894791
0.846099
0.58966
0.400035
0.028527
0.709713
0.906757
0.525058
0.449089
0.99492
0.354257
0.335822
0.639669
0.890256
0.761253
0.634552
0.685415
0.184322
0.561085
0.222357
0.580087
0.689225
0.105634
0.472517
0.339814
0.285096
0.079001
0.976961
0.475573
0.166412
0.045465
0.799949
0.699711
0.274168
0.859587
0.092551
0.896565
0.906008
0.296057
0.241805
0.495618
0.008986
0.373778
0.24471
0.423718
0.868113
0.959003
0.084799
0.769052
0.819787
0.121414
0.605444
0.416988
0.270028
0.953039
0.80088
0.093293
0.553706
0.995322
0.794964
0.349892
0.933527
0.413326
0.518397
0.270718
0.037432
0.429713
0.71224
0.184923
0.380985
0.636135
0.976369
0.453455
0.100974
0.942179
0.017038
0.359239
0.864841
0.061734
0.92351
0.830038
0.768395
0.177833
0.638272
0.64408
0.765376
0.06616
0.011382
0.801095
0.897267
0.944134
0.839007
0.156374
0.531992
0.666253
0.647785
0.938446
0.139417
0.927453
0.630121
0.673509
0.616018
0.782418
0.942172
0.169179
0.155587
0.211435
0.311069
0.873562
0.454197
0.970595
0.551302
0.691045
0.890368
0.769074
0.517646
0.904052
0.562432
0.726338
0.960625
0.182835
0.25924
0.660266
0.422013
0.368923
0.526602
0.87622
0.32679
0.093763
0.787035
0.429427
0.420616
0.75387
0.593461
0.234443
0.435195
0.187817
0.214729
0.240803
0.374168
0.765987
0.109278
0.712072
0.387617
0.412342
0.455267
0.377532
0.044843
0.100104
0.889559
0.744826
0.300755
0.849492
0.433977
0.240253
0.769687
0.687371
0.770742
0.639085
0.765464
0.200538
0.082673
0.578042
0.304894
0.926523
0.902964
0.220214
0.963299
0.850258
0.9291
0.504908
0.148655
0.638143
0.022704
0.645921
0.950354
0.121015
0.118472
0.607534
0.152132
0.004851
0.756458
0.367969
0.540409
0.128529
0.49398
0.072653
0.869198
0.032271
0.231368
0.173299
0.692163
0.401007
0.453492
0.537758
0.131765
0.468383
0.270455
0.063333
0.76354
0.657486
0.834403
0.172566
0.132151
0.445476
0.055119
0.044899
0.984258
0.767081
0.861787
0.495692
0.721991
0.747374
0.566361
0.923597
0.441764
0.84582
0.023377
0.718447
0.210513
0.378331
0.071424
0.563998
0.613209
0.285351
0.811558
0.431106
0.91765
0.64406
0.529219
0.008659
0.260098
0.909785
0.819435
0.474235
0.725807
0.022744
0.611249
0.278653
0.797412
0.724208
0.546173
0.406997
0.231879
0.749638
0.3883
0.826469
0.279577
0.029659
0.827592
0.244634
0.14276
0.689079
0.879354
0.577471
0.538536
0.288365
0.78068
0.894491
0.968186
0.560018
0.716459
0.17862
0.002636
0.028928
0.296298
0.166608
0.694252
0.788602
0.041836
0.016286
0.17697
0.09642
0.810093
0.487781
0.366879
0.107954
0.855536
0.08099
0.307302
0.359076
0.827812
0.013665
0.795278
0.645778
0.089914
0.370678
0.950822
0.064936
0.83886
0.020163
0.932117
0.014648
0.282814
0.732402
0.774391
0.269777
0.005487
0.822487
0.543299
0.384278
0.645347
0.937322
0.648713
0.138194
0.467037
0.945652
0.977393
0.657175
0.049478
0.121136
0.031916
0.958224
0.910807
0.518993
0.070736
0.102039
0.178698
0.809233
0.411479
0.625267
0.920046
0.289958
0.560011
0.904301
0.196091
0.837065
0.71835
0.469354
0.57126
0.421701
0.703333
0.76918
0.854093
0.924459
0.848349
0.227798
0.12284
0.655141
0.91722
0.61263
0.508615
0.538478
0.388777
0.708958
0.622076
0.21054
0.14579
0.055195
0.693933
0.771713
0.710948
0.773775
0.115824
0.950377
0.818549
0.406821
0.368925
0.905297
0.208374
0.459663
0.600082
0.537726
0.458536
0.659295
0.825494
0.620781
0.840117
0.297459
0.979533
0.509723
0.82671
0.408661
0.493183
0.451247
0.860217
0.520276
0.252063
0.960303
0.444104
0.894781
0.184087
0.520096
0.541717
0.151345
0.408548
0.686504
0.284999
0.919038
0.342969
0.554611
0.570777
0.430094
0.605107
0.623848
0.812125
0.395572
0.788588
0.497657
0.174286
0.65211
0.717237
0.337406
0.321813
0.477892
0.564596
0.38959
0.924467
0.967581
0.808014
0.219005
0.691508
0.699627
0.308226
0.612275
0.082879
0.6123
0.293033
0.208672
0.717575
0.315671
0.616971
0.397508
0.753072
0.558453
0.995829
0.044825
0.681454
0.877275
0.595789
0.244032
0.856632
0.382753
0.474628
0.603004
0.058161
0.55339
0.984851
0.463414
0.589118
0.69579
0.569485
0.468306
0.452965
0.301917
0.095082
0.184119
0.292817
0.772253
0.297506
0.049707
0.788055
0.318734
0.21133
0.559809
0.035045
0.34763
0.22678
0.433023
0.038201
0.538651
0.764651
0.304888
0.440468
0.769126
0.929273
0.083378
0.910207
0.945809
0.405305
0.054685
0.026485
0.582957
0.797731
0.181892
0.336623
0.869586
0.033327
0.243846
0.301216
0.577539
0.25523
0.277999
0.841652
0.610922
0.610493
0.133808
0.577156
0.799288
0.573166
0.470604
0.655343
0.774493
0.06621
0.176842
0.250272
0.023446
0.162213
0.350551
0.411918
0.99673
0.772999
0.426278
0.4439
0.140089
0.246509
0.361
0.43283
0.738273
0.7928
0.636188
0.797859
0.449808
0.61539
0.217257
0.397062
0.104533
0.121888
0.809882
0.183239
0.943943
0.910774
0.122406
0.35091
0.055573
0.301865
0.139234
0.161625
0.899906
0.628963
0.498424
0.40807
0.059051
0.516915
0.739072
0.818331
0.994967
0.439489
0.688539
0.312291
0.972779
0.486917
0.539368
0.651554
0.403624
0.607593
0.829124
0.413771
0.994477
0.588475
0.517475
0.85428
0.911379
0.251481
0.006471
0.886785
0.109184
0.500598
0.583252
0.464465
0.861143
0.856322
0.332709
0.637693
0.652775
0.162511
0.032602
0.588194
0.385453
0.203984
0.978362
0.508245
0.980037
0.913159
0.678375
0.718674
0.342404
0.188399
0.923189
0.889139
0.019498
0.78341
0.990388
0.585043
0.938205
0.322167
0.698934
0.701912
0.463414
0.966181
0.118733
0.573382
0.373847
0.516318
0.6916
0.418133
0.91965
0.348841
0.036674
0.826266
0.044875
0.428106
0.731305
0.890032
0.962088
0.516931
0.716488
0.808291
0.059863
0.326811
0.327612
0.827734
0.75563
0.761309
0.350513
0.513358
0.642204
0.98436
0.426418
0.11294
0.590724
0.95853
0.567403
0.154126
0.408405
0.237305
0.994225
0.264598
0.844619
0.239795
0.011895
0.297485
0.390569
0.129678
0.357549
0.177102
0.248184
0.435996
0.590285
0.806992
0.669245
0.162936
0.116032
0.100925
0.824243
0.440959
0.761828
0.05322
0.461043
0.553501
0.577573
0.071555
0.847509
0.518684
0.008423
0.006099
0.508135
0.473949
0.793594
0.122412
0.292438
0.263218
0.767216
0.32331
0.13433
0.075817
0.757879
0.63148
0.217957
0.410804
0.47479
0.919188
0.500195
0.530552
0.339883
0.001122
0.040145
0.181227
0.390283
0.975222
0.342152
0.095147
0.947783
0.679178
0.593015
0.351642
0.458931
0.523874
0.895199
0.12152
0.411759
0.342278
0.394247
0.806431
0.136832
0.426323
0.442434
0.124179
0.59806
0.159283
0.668221
0.556575
0.382209
0.976471
0.893968
0.496558
0.031294
0.165816
0.971387
0.425577
0.705024
0.726694
0.084979
0.099241
0.832695
0.558632
0.416142
0.497298
0.55681
0.8163
0.620951
0.955719
0.07529
0.041585
0.999747
0.197767
0.714262
0.254018
0.063338
0.13827
0.149062
0.019427
0.591607
0.61664
0.201499
0.12985
0.901691
0.114956
0.639896
0.247128
0.860555
0.021235
0.01648
0.256415
0.149062
0.840224
0.089388
0.985621
0.919614
0.882586
0.88485
0.134872
0.424042
0.61248
0.797851
0.816922
0.949783
0.20011
0.239815
0.004876
0.59185
0.128745
0.848805
0.60056
0.564694
0.843866
0.842553
0.844164
0.821018
0.976576
0.198926
0.907335
0.43865
0.888597
0.747133
0.575776
0.697717
0.977362
0.511762
0.336711
0.601847
0.081341
0.538017
0.390506
0.061882
0.268834
0.910537
0.86231
0.412781
0.718086
0.776096
0.768397
0.572713
0.561919
0.199721
0.375771
0.402344
0.129846
0.439204
0.727659
0.526688
0.020787
0.778035
0.647989
0.643449
0.499768
0.914761
0.170208
0.70329
0.97431
0.821447
0.461065
0.69505
0.499621
0.051041
0.678405
0.528811
0.104076
0.693652
0.395825
0.30699
0.200813
0.479028
0.777932
0.125382
0.598962
0.879876
0.60913
0.982412
0.003465
0.063706
0.192888
0.359443
0.133085
0.050774
0.996741
0.56403
0.30078
0.450194
0.108562
0.879142
0.588324
0.99031
0.917624
0.569578
0.582929
0.858995
0.92449
0.374402
0.818239
0.432458
0.264297
0.270815
0.835726
0.309701
0.709794
0.358528
0.653086
0.526563
0.487839
0.878788
0.049853
0.979748
0.329277
0.563035
0.817621
0.1631
0.50233
0.593139
0.979289
0.203292
0.188606
0.83954
0.065297
0.245299
0.778269
0.285818
0.944737
0.325942
0.354416
0.817464
0.486922
0.906061
0.459859
0.058133
0.832138
0.155493
0.119584
0.952347
0.98312
0.137202
0.700827
0.537943
0.278833
0.479536
0.678676
0.652627
0.724509
0.275867
0.109678
0.160204
0.675721
0.344628
0.01696
0.442682
0.196532
0.950091
0.203185
0.678602
0.019649
0.999265
0.795714
0.885116
0.962208
0.808082
0.363569
0.089401
0.753095
0.434251
0.681531
0.592971
0.83018
0.74194
0.805331
0.266616
0.058332
0.687331
0.99486
0.567231
0.252959
0.854091
0.947314
0.273598
0.652169
0.238172
0.326324
0.198104
0.314699
0.549826
0.045764
0.515833
0.914533
0.839554
0.464889
0.45285
0.981537
0.179394
0.515995
0.008184
0.853474
0.027847
0.42128
0.557998
0.493917
0.074581
0.50439
0.283585
0.288581
0.755844
0.75304
0.843402
0.571004
0.974389
0.36297
0.021816
0.780154
0.42171
0.683438
0.48043
0.168739
0.148773
0.725956
0.35445
0.427162
0.077133
0.298075
0.931839
0.73703
0.819383
0.078697
0.3443
0.1981
0.798857
0.778174
0.575057
0.430893
0.471
0.154167
0.189847
0.081327
0.053978
0.324932
0.44441
0.048021
0.80547
0.196154
0.300203
0.817701
0.987951
0.817446
0.613816
0.157097
0.667624
0.115973
0.0617
0.129949
0.992285
0.463324
0.868141
0.861022
0.783699
0.612953
0.065734
0.23462
0.779768
0.987212
0.54993
0.410511
0.451417
0.639184
0.783669
0.333816
0.93141
0.067594
0.599366
0.197475
0.745283
0.916004
0.471246
0.576615
0.38025
0.800546
0.592348
0.423302
0.695789
0.358945
0.341649
0.448748
0.286454
0.827731
0.215133
0.659408
0.297253
0.860716
0.452063
0.228513
0.967585
0.271207
0.340744
0.717683
0.240387
0.508814
0.117601
0.712536
0.469308
0.518494
0.41332
0.066435
0.026523
0.231491
0.508977
0.677921
0.783348
0.777255
0.615181
0.985152
0.85192
0.17212
0.965628
0.75304
0.972391
0.499821
0.736471
0.470258
0.590319
0.077251
0.08372
0.015662
0.138867
0.189864
0.124962
0.182605
0.825569
0.840218
0.545107
0.996931
0.347028
0.484034
0.600399
0.321389
0.672107
0.07113
0.841229
0.712871
0.293112
0.587323
0.214498
0.953428
0.016303
0.146145
0.467657
0.452179
0.976169
0.81764
0.75035
0.199506
0.105859
0.492014
0.564793
0.243648
0.820212
0.788092
0.417756
0.527816
0.71977
0.189568
0.775201
0.883402
0.11549
0.607881
0.481537
0.339661
0.402132
0.034603
0.614695
0.913021
0.245152
0.346073
0.203005
0.736681
0.680069
0.954239
0.231703
0.295285
0.310953
0.280178
0.458514
0.166887
0.920426
0.049479
0.885152
0.030495
0.788326
0.285881
0.329045
0.630776
0.152569
0.521232
0.158056
0.288033
0.651977
0.621121
0.492
0.997579
0.624816
0.57453
0.875091
0.023119
0.4315
0.665607
0.943997
0.840693
0.104266
0.487792
0.402563
0.206871
0.480674
0.428943
0.234321
0.913358
0.429884
0.830564
0.427961
0.453594
0.234925
0.637839
0.496472
0.422636
0.878838
0.640326
0.2711
0.507118
0.513831
0.579171
0.535708
0.306205
0.990838
0.351587
0.720335
0.808569
0.855566
0.053188
0.203771
0.250885
0.556988
0.391907
0.61429
0.05988
0.325557
0.898192
0.822718
0.137451
0.885432
0.51057
0.350612
0.742894
0.25197
0.255459
0.567721
0.04195
0.187478
0.011278
0.442105
0.904469
0.402286
0.412156
0.827593
0.378685
0.210263
0.437016
0.644446
0.236106
0.247623
0.244454
0.749952
0.79967
0.343261
0.725388
0.02023
0.45824
0.872446
0.23063
0.322418
0.607612
0.748071
0.50552
0.412785
0.325151
0.437887
0.730303
0.359525
0.940928
0.094031
0.047874
0.52189
0.692313
0.817358
0.133635
0.436439
0.231543
0.981443
0.9597
0.758294
0.31876
0.808075
0.82345
0.310406
0.585772
0.963809
0.990295
0.111429
0.820163
0.518034
0.521184
0.180812
0.182939
0.742618
0.17299
0.621407
0.333657
0.525142
0.875043
0.219666
0.529717
0.870494
0.307134
0.852082
0.56006
0.551178
0.60535
0.55491
0.565214
0.746247
0.399732
0.161602
0.157081
0.432786
0.093589
0.28292
0.276815
0.404883
0.876463
0.782778
0.597367
0.429775
0.379852
0.250162
0.054403
0.356379
0.622142
0.864145
0.054607
0.44623
0.782556
0.80548
0.89966
0.727523
0.379529
0.728414
0.746917
0.259258
0.547719
0.215429
0.626785
0.12925
0.324677
0.555652
0.925605
0.630563
0.248897
0.324636
0.036311
0.184847
0.475696
0.593139
0.358123
0.103673
0.837608
0.281458
0.749745
0.513323
0.705278
0.188082
0.881285
0.691241
0.971235
0.059827
0.894889
0.495282
0.12066
0.446429
0.486557
0.514338
0.267952
0.136692
0.777509
0.770142
0.613194
0.316008
0.935498
0.675631
0.133533
0.345878
0.341387
0.799771
0.118245
0.349924
0.241375
0.033695
0.09477
0.462027
0.637507
0.006517
0.11943
0.803118
0.979078
0.207908
0.675662
0.151565
0.293073
0.179636
0.2923
0.066577
0.048581
0.295413
0.978526
0.881352
0.102316
0.571159
0.117803
0.409942
0.80439
0.644891
0.728339
0.520294
0.741534
0.548038
0.128572
0.296503
0.931045
0.07392
0.663962
0.770255
0.95521
0.045317
0.907438
0.543042
0.078325
0.509567
0.97213
0.293919
0.847775
0.425178
0.379398
0.4862
0.504316
0.980509
0.474037
0.22187
0.503721
0.446456
0.970102
0.587959
0.800978
0.926867
0.244785
0.593484
0.629489
0.203084
0.61675
0.927996
0.246335
0.870855
0.489312
0.317097
0.981999
0.479148
0.695391
0.587676
0.316286
0.780466
0.113201
0.902486
0.793944
0.452549
0.388252
0.41469
0.963011
0.035388
0.323914
0.413522
0.243068
0.502125
0.860943
0.403445
0.056937
0.982655
0.867567
0.938175
0.292257
0.163986
0.474612
0.817911
0.818151
0.869721
0.324751
0.753737
0.842785
0.248018
0.357332
0.375365
0.530856
0.349471
0.124458
0.896853
0.298183
0.181795
0.792557
0.875062
0.938039
0.872823
0.588759
0.149708
0.044853
0.940878
0.006559
0.214728
0.585002
0.536154
0.606027
0.373504
0.175238
0.097689
0.409844
0.888991
0.547773
0.520394
0.67971
0.440269
0.429191
0.556125
0.118391
0.440192
0.89626
0.848092
0.578191
0.600077
0.81373
0.004402
0.286091
8.3e-05
0.328242
0.983987
0.457817
0.455213
0.231552
0.651367
0.738886
0.99024
0.888806
0.393385
0.678403
0.900225
0.938221
0.768212
0.053455
0.670076
0.676849
0.798279
0.981824
0.14017
0.17401
0.39346
0.270001
0.795335
0.598426
0.83583
0.373113
0.376825
0.16405
0.079995
0.426479
0.469465
0.839815
0.217884
0.638015
0.999755
0.948727
0.919246
0.70759
0.017394
0.785487
0.91549
0.665512
0.297851
0.99826
0.071533
0.948559
0.300369
0.389411
0.634293
0.202602
0.980048
0.277286
0.614436
0.601201
0.30217
0.23114
0.240192
0.008714
0.67594
0.485941
0.238899
0.411949
0.575887
0.364946
0.824442
0.997707
0.058388
0.862969
0.306835
0.775328
0.310443
0.262872
0.249257
0.646148
0.524851
0.849958
0.688693
0.487837
0.099574
0.995031
0.299546
0.251957
0.882228
0.498043
0.739338
0.166001
0.331357
0.050311
0.71083
0.616302
0.503057
0.277898
0.768946
0.013908
0.437344
0.781495
0.72605
0.632223
0.346145
0.083812
0.198089
0.069026
0.265412
0.028644
0.998725
0.259324
0.033969
0.39406
0.464222
0.102387
0.222651
0.752794
0.558397
0.480396
0.212591
0.328845
0.55931
0.831583
0.82921
0.664204
0.570283
0.471362
0.53929
0.281675
0.762441
0.699711
0.852907
0.091072
0.720385
0.525463
0.916196
0.163304
0.506859
0.029661
0.276122
0.114641
0.462773
0.505025
0.543725
0.979309
0.912589
0.920844
0.688977
0.234683
0.367199
0.542917
0.674119
0.598789
0.204599
0.863492
0.073688
0.132831
0.465968
0.24476
0.749465
0.742718
0.25931
0.158977
0.172395
0.841567
0.634812
0.851445
0.322122
0.04841
0.583245
0.616877
0.951007
0.249589
0.114396
0.901951
0.188288
0.787885
0.341929
0.919899
0.256813
0.614916
0.101597
0.281144
0.201978
0.742894
0.316839
0.79544
0.465273
0.632953
0.252994
0.930741
0.744653
0.38922
0.635074
0.957557
0.60724
0.177151
0.646108
0.826904
0.216733
0.95619
0.921898
0.615261
0.13481
0.870519
0.111001
0.923009
0.509539
0.159719
0.611991
0.209678
0.781223
0.545951
0.591988
0.592243
0.37203
0.720193
0.701519
0.782924
0.986822
0.14805
0.394996
0.797765
0.945551
0.552049
0.171913
0.840187
0.328686
0.863402
0.608362
0.716487
0.848865
0.500281
0.046273
0.278054
0.17408
0.254227
0.417629
0.931941
0.360157
0.60835
0.187665
0.355055
0.458479
0.478952
0.067209
0.08666
0.947695
0.77477
0.145634
0.644694
0.589591
0.80794
0.622679
0.668641
0.663326
0.44554
0.716955
0.301066
0.25749
0.217089
0.779124
0.841853
0.237624
0.763519
0.323627
0.611099
0.163096
0.997922
0.549711
0.238432
0.447547
0.247212
0.539873
0.827477
0.646878
0.275384
0.469292
0.646237
0.681639
0.481313
0.676403
0.855275
0.864751
0.087592
0.103305
0.419452
0.737803
0.537536
0.49686
0.791014
0.240583
0.105785
0.871658
0.255333
0.256518
0.719856
0.663598
0.171991
0.511908
0.499809
0.32819
0.542632
0.672494
0.28741
0.503864
0.767546
0.880935
0.369546
0.66328
0.725037
0.767328
0.983285
0.415481
0.756959
0.497918
0.516492
0.112074
0.359162
0.642435
0.43479
0.799315
0.335056
0.274449
0.195583
0.410784
0.502503
0.119722
0.665215
0.785849
0.675188
0.836122
0.104015
0.348439
0.067293
0.668572
0.024043
0.86946
0.951141
0.529569
0.504542
0.252755
0.622017
0.512242
0.091096
0.220331
0.327435
0.952977
0.59151
0.61247
0.271867
0.529244
0.340672
0.187515
0.787335
0.152243
0.959114
0.992363
0.987296
0.926439
0.803141
0.296171
0.022608
0.736538
0.363449
0.095106
0.684501
0.190696
0.460736
0.526506
0.407605
0.864447
0.506942
0.091711
0.460818
0.060152
0.238616
0.363019
0.226858
0.837856
0.652012
0.820579
0.510124
0.797815
0.869714
0.72216
0.418792
0.256824
0.130933
0.367507
0.759377
0.64329
0.623555
0.251293
0.944322
0.900854
0.930663
0.128596
0.246973
0.577146
0.471434
0.678204
0.823625
0.685974
0.493
0.690535
0.296884
0.662145
0.888872
0.482883
0.491945
0.550554
0.509029
0.718727
0.816718
0.135369
0.814218
0.590018
0.343597
0.894048
0.377612
0.927861
0.632518
0.292349
0.134023
0.139916
0.756654
0.812266
0.422671
0.223244
0.576384
0.361385
0.580246
0.915347
0.888835
0.678152
0.143371
0.670834
0.209587
0.059501
0.942717
0.007805
0.442902
0.53225
0.114537
0.435405
0.249197
0.193565
0.410975
0.165575
0.41502
0.720615
0.125904
0.557243
0.113214
0.306561
0.451725
0.85652
0.043901
0.764263
0.819732
0.524865
0.370014
0.961177
0.209173
0.979355
0.952457
0.424359
0.090358
0.403196
0.383439
0.568089
0.770434
0.342827
0.05727
0.527363
0.85125
0.899269
0.79631
0.72549
0.053405
0.943654
0.676491
0.038189
0.254989
0.822779
0.921939
0.394711
0.875248
0.369945
0.879144
0.17757
0.641312
0.822256
0.223131
0.535582
0.184805
0.652311
0.232936
0.284899
0.813574
0.353787
0.412447
0.892459
0.988361
0.118109
0.069754
0.365521
0.28995
0.080925
0.818688
0.718575
0.844536
0.955267
0.614923
0.810777
0.110709
0.760025
0.726954
0.372132
0.267873
0.11409
0.744625
0.763672
0.392832
0.289831
0.631972
0.018669
0.734015
0.053208
0.253514
0.827174
0.931058
0.52447
0.075975
0.84596
0.158172
0.359913
0.244946
0.603411
0.435554
0.917558
0.488532
0.817533
0.068209
0.53656
0.316032
0.128106
0.330182
0.088822
0.344048
0.354278
0.672684
0.681866
0.314433
0.269512
0.347761
0.559362
0.97616
0.808227
0.989897
0.514163
0.25698
0.203995
0.070993
0.703048
0.55022
0.757096
0.274308
0.067999
0.832494
0.866805
0.856787
0.440272
0.737065
0.763278
0.585086
0.628173
0.83425
0.889121
0.124346
0.960769
0.129387
0.723107
0.797182
0.951174
0.966338
0.638293
0.096984
0.349092
0.562708
0.086324
0.983916
0.978018
0.565077
0.335184
0.412364
0.33943
0.837114
0.370953
0.578622
0.706043
0.358835
0.304116
0.575042
0.215503
0.214302
0.437033
0.533751
0.756986
0.638469
0.988017
0.145174
0.515024
0.280909
0.797442
0.226943
0.174103
0.964149
0.784098
0.387182
0.412344
0.124104
0.590924
0.898993
0.550696
0.420038
0.418553
0.580024
0.403811
0.224617
0.666246
0.019957
0.504404
0.000586
0.679851
0.824691
0.659273
0.208831
0.67784
0.466238
0.510722
0.763511
0.121498
0.34551
0.653354
0.022253
0.855009
0.373815
0.204768
0.806933
0.840922
0.754652
0.732166
0.308109
0.290064
0.555341
0.226665
0.598968
0.256419
0.4549
0.253886
0.764464
0.394593
0.823154
0.120612
0.755444
0.90606
0.724924
0.319284
0.719334
0.876851
0.263875
0.332667
0.355297
0.655259
0.624437
0.736484
0.720736
0.582911
0.190753
0.392266
0.882552
0.53393
0.52307
0.994502
0.386604
0.252453
0.570023
0.601623
0.608821
0.08399
0.325277
0.190051
0.909291
0.640776
0.759549
0.870377
0.180094
0.057132
0.720278
0.517256
0.338409
0.233416
0.553572
0.110498
0.591866
0.08406
0.375319
0.250777
0.404525
0.821685
0.175484
0.98429
0.894224
0.624159
0.452412
0.165845
0.067388
0.828195
0.45544
0.284958
0.044165
0.676502
0.045897
0.127612
0.848854
0.269211
0.149359
0.723568
0.388665
0.210245
0.081049
0.308114
0.935496
0.629724
0.030975
0.195701
0.859629
0.648049
0.441901
0.888867
0.868631
0.433855
0.685232
0.826307
0.532317
0.353776
0.598076
0.163747
0.180805
0.746666
0.101467
0.581488
0.309558
0.387956
0.432702
0.427054
0.816777
0.973638
0.393069
0.575112
0.832164
0.223926
0.464455
0.471127
0.069389
0.687493
0.945394
0.222232
0.953024
0.129946
0.991056
0.036485
0.194093
0.83256
0.139193
0.633409
0.109268
0.087277
0.585025
0.386875
0.262209
0.702822
0.151961
0.395714
0.274919
0.442299
0.361013
0.974886
0.390971
0.480407
0.710931
0.118651
0.098556
0.124814
0.23716
0.92082
0.752129
0.223143
0.788188
0.537152
0.512431
0.840506
0.336926
0.036263
0.162009
0.321711
0.47083
0.769364
0.670446
0.704464
0.765776
0.039727
0.126427
0.33199
0.059618
0.923926
0.315759
0.817032
0.848696
0.258334
0.18431
0.928927
0.142067
0.677184
0.369331
0.02753
0.792051
0.01113
0.15091
0.953657
0.455736
0.89953
0.950608
0.709315
0.05352
0.030606
0.046593
0.769021
0.397092
0.288057
0.033022
0.611339
0.287249
0.714634
0.564758
0.829376
0.77444
0.668209
0.027035
0.848892
0.245055
0.933559
0.538718
0.204357
0.369907
0.038726
0.672651
0.494758
0.328112
0.537207
0.431821
0.216765
0.041354
0.421446
0.38291
0.245961
0.913751
0.46283
0.660796
0.505396
0.184102
0.290308
0.744769
0.845497
0.387716
0.417047
0.795908
0.291387
0.693387
0.763995
0.815295
0.658967
0.604998
0.528034
0.906763
0.163133
0.976181
0.483893
0.156944
0.512262
0.608604
0.228106
0.78368
0.232564
0.255284
0.849736
0.738056
0.186338
0.075932
0.579359
0.388223
0.127391
0.72949
0.478124
0.50872
0.040599
0.078126
0.488453
0.536889
0.068103
0.608942
0.306786
0.242842
0.045667
0.874151
0.126496
0.759797
0.609934
0.658851
0.889404
0.504443
0.533664
0.67555
0.339078
0.148007
0.545995
0.079244
0.010397
0.716532
0.653409
0.597564
0.204501
0.908088
0.428074
0.096566
0.743981
0.796266
0.946046
0.996488
0.918858
0.034468
0.917838
0.130527
0.342339
0.261306
0.967296
0.623645
0.977677
0.46375
0.042124
0.042258
0.183515
0.617453
0.150861
0.563174
0.895335
0.390296
0.847187
0.47428
0.469249
0.612448
0.636371
0.625736
0.251971
0.516663
0.085948
0.022725
0.914904
0.56064
0.350791
0.145104
0.148283
0.414496
0.237729
0.47502
0.790641
0.441052
0.986056
0.647208
0.681871
0.838469
0.166163
0.249894
0.264573
0.893687
0.637928
0.45683
0.242322
0.560707
0.41032
0.543887
0.772833
0.936886
0.805649
0.574646
0.559417
0.520093
0.161843
0.484701
0.553488
0.608827
0.857472
0.337546
0.648649
0.74616
0.63284
0.568121
0.501398
0.485668
0.966605
0.989724
0.261451
0.117929
0.018921
0.541903
0.904015
0.056715
0.984137
0.377377
0.65842
0.322975
0.130355
0.817286
0.822458
0.784207
0.534064
0.142651
0.517106
0.354592
0.826476
0.65013
0.601789
0.36246
0.381751
0.37236
0.943288
0.452303
0.457252
0.909396
0.978072
0.25293
0.511355
0.820067
0.522091
0.778479
0.44103
0.863922
0.97921
0.483406
0.088404
0.081802
0.035742
0.703753
0.755249
0.999349
0.378722
0.852726
0.246263
0.628737
0.383996
0.77677
0.362384
0.651758
0.055509
0.164297
0.739665
0.801804
0.833395
0.675105
0.015227
0.489609
0.590398
0.221559
0.896403
0.324151
0.524159
0.195802
0.99271
0.396033
0.890602
0.957776
0.290522
0.792568
0.653531
0.776468
0.755946
0.488617
0.649619
0.079201
0.849966
0.623448
0.999554
0.439675
0.431354
0.966653
0.750293
0.668356
0.001435
0.052301
0.239802
0.506135
0.059929
0.979407
0.265835
0.269592
0.950794
0.967748
0.139673
0.912688
0.961925
0.381448
0.726499
0.195905
0.460666
0.760712
0.336432
0.23417
0.332524
0.387902
0.911315
0.7153
0.664096
0.104153
0.303391
0.499523
0.451214
0.195707
0.362164
0.631186
0.255955
0.551825
0.254851
0.16113
0.894193
0.75154
0.354951
0.364585
0.702891
0.87119
0.699414
0.151994
0.979132
0.329801
0.380238
0.625485
0.571785
0.795253
0.542615
0.12185
0.427939
0.894565
0.23629
0.723712
0.217658
0.021186
0.052659
0.189953
0.523205
0.432758
0.222309
0.075745
0.425805
0.146761
0.049479
0.666122
0.511311
0.555992
0.722146
0.805371
0.377934
0.54274
0.042856
0.46556
0.610223
0.384996
0.418952
0.260989
0.325337
0.763282
0.175529
0.970895
0.727261
0.669559
0.876623
0.524089
0.350233
0.916861
0.618743
0.342881
0.305237
0.02936
0.198425
0.856272
0.527149
0.962865
0.205641
0.337742
0.509447
0.356804
0.812553
0.343965
0.06246
0.784523
0.366878
0.179183
0.203782
0.042457
0.097716
0.892182
0.743642
0.258573
0.094642
0.834639
0.022098
0.353414
0.277211
0.746596
0.720856
0.785824
0.97896
0.886743
0.251862
0.765499
0.565146
0.531488
0.533485
0.774191
0.580854
0.937311
0.088567
0.047315
0.415918
0.720324
0.410095
0.752338
0.077234
0.341576
0.943652
0.052455
0.483609
0.950079
0.053341
0.640419
0.364883
0.505067
0.178662
0.270405
0.345823
0.060523
0.091085
0.308196
0.714361
0.50185
0.23376
0.227303
0.924807
0.13792
0.887811
0.556073
0.892791
0.509977
0.531934
0.892824
0.892301
0.776003
0.59885
0.815066
0.953674
0.408115
0.145586
0.423051
0.078665
0.634869
0.917508
0.656606
0.551446
0.062999
0.130635
0.380562
0.837536
0.043073
0.471915
0.501391
0.211241
0.288475
0.02877
0.728969
0.014533
0.962508
0.773935
0.808045
0.240498
0.725756
0.473784
0.680807
0.733315
0.258715
0.683478
0.451053
0.248705
0.335708
0.554045
0.061098
0.604723
0.324192
0.394669
0.595654
0.389342
0.930922
0.339188
0.193001
0.53709
0.759497
0.799755
0.463177
0.868387
0.516088
0.457155
0.140136
0.725125
0.673051
0.041775
0.733888
0.129562
0.112737
0.435179
0.072724
0.509246
0.591818
0.780098
0.97735
0.270437
0.138275
0.422659
0.151333
0.521154
0.652441
0.671061
0.671511
0.125069
0.787944
0.137697
0.908143
0.700712
0.419994
0.620941
0.956661
0.547442
0.465668
0.909118
0.059916
0.118523
0.439903
0.803433
0.775631
0.20903
0.123742
0.237426
0.139789
0.650486
0.870207
0.138054
0.735356
0.202237
0.365197
0.683087
0.23724
0.170809
0.847293
0.055146
0.115716
0.650632
0.964628
0.549099
0.216102
0.488266
0.055171
0.587243
0.65573
0.206868
0.655771
0.086184
0.445972
0.083525
0.188636
0.721564
0.266279
0.219144
0.534094
0.90915
0.071994
0.579832
0.068149
0.872266
0.083118
0.594487
0.545876
0.32498
0.266079
0.30216
0.453648
0.99753
0.433044
0.735073
0.893462
0.542104
0.312322
0.034243
0.507337
0.156228
0.626442
0.137062
0.835577
0.728562
0.860039
0.796152
0.593572
0.452554
0.228201
0.040008
0.398109
0.691683
0.93692
0.579393
0.768699
0.997347
0.868078
0.586093
0.917446
0.55722
0.043551
0.957871
0.344825
0.154305
0.0393
0.950975
0.64282
0.992797
0.575094
0.080722
0.442618
0.02648
0.419144
0.648583
0.612229
0.877556
0.627307
0.129931
0.465146
0.226314
0.370984
0.823861
0.260253
0.596096
0.22942
0.642338
0.321139
0.71259
0.992041
0.972215
0.962538
0.088985
0.064487
0.487371
0.675511
0.817261
0.731769
0.083417
0.530702
0.339318
0.338036
0.394165
0.160508
0.410075
0.526052
0.420771
0.609811
0.018927
0.297615
0.816153
0.973332
0.867946
0.284212
0.43715
0.04693
0.831701
0.134211
0.339345
0.361178
0.729458
0.922482
0.764424
0.633221
0.28877
0.825285
0.927411
0.81518
0.455204
0.138162
0.386235
0.745828
0.483068
0.127925
0.207141
0.982314
0.603017
0.431124
0.859201
0.476992
0.450712
0.662892
0.64738
0.668038
0.434395
0.136911
0.424111
0.426016
0.915407
0.011941
0.060514
0.723109
0.453998
0.573893
0.244022
0.717256
0.934061
0.513915
0.833741
0.075347
0.288807
0.466421
0.438769
0.626207
0.116181
0.194477
0.039671
0.00812
0.248971
0.456497
0.527998
0.148661
0.998355
0.909524
0.56883
0.876571
0.327874
0.254343
0.820357
0.675164
0.373636
0.505887
0.931664
0.295193
0.787197
0.766631
0.226274
0.703809
0.681567
0.500717
0.943852
0.913779
0.327711
0.915726
0.301068
0.767113
0.134015
0.321982
0.489237
0.366736
0.768262
0.185635
0.355389
0.805132
0.325826
0.116153
0.567813
0.474689
0.674263
0.872597
0.493587
0.966726
0.997198
0.086895
0.155759
0.448947
0.987444
0.930546
0.741264
0.270785
0.169581
0.175913
0.73038
0.104944
0.356539
0.201062
0.268788
0.858533
0.782312
0.226047
0.586959
0.6241
0.775098
0.371198
0.243638
0.916976
0.661045
0.883151
0.2127
0.122901
0.120346
0.487874
0.236584
0.975735
0.764206
0.476948
0.25182
0.597533
0.181098
0.87248
0.308202
0.06048
0.323589
0.887273
0.900022
0.502703
0.818333
0.662275
0.462754
0.247672
0.530957
0.88471
0.975
0.361236
0.51024
0.154109
0.34498
0.80665
0.28377
0.46557
0.220979
0.221579
0.633406
0.434111
0.794542
0.436332
0.00954
0.092855
0.060379
0.878342
0.139964
0.264512
0.892797
0.27645
0.060175
0.781605
0.190115
0.077651
0.2408
0.249018
0.27122
0.919615
0.816063
0.772631
0.418856
0.124242
0.390111
0.511438
0.332232
0.948226
0.842709
0.280728
0.358401
0.506455
0.237963
0.004511
0.975421
0.734468
0.269821
0.813463
0.543691
0.296506
0.494246
0.330166
0.973165
0.323924
0.414243
0.262982
0.632106
0.553787
0.541941
0.592243
0.95376
0.570284
0.300451
0.314919
0.154461
0.593502
0.383047
0.897108
0.205949
0.439413
0.717191
0.376932
0.388089
0.57846
0.714506
0.020963
0.654693
0.04785
0.566577
0.192593
0.963169
0.495502
0.320124
0.363609
0.591659
0.777321
0.590461
0.219844
0.192421
0.70156
0.055576
0.181004
0.022041
0.751651
0.668388
0.838021
0.065294
0.553703
0.874444
0.443254
0.640119
0.112348
0.205007
0.798584
0.938724
0.289762
0.123923
0.030156
0.890227
0.75344
0.107141
0.857637
0.689491
0.371727
0.633892
0.320822
0.130283
0.823314
0.790712
0.333065
0.673723
0.650009
0.024137
0.680198
0.158815
0.314646
0.460034
0.495356
0.611156
0.995808
0.402455
0.563632
0.074404
0.166738
0.411248
0.449102
0.150387
0.355285
0.596972
0.044144
0.533974
0.266015
0.972091
0.054225
0.259036
0.067912
0.884417
0.588262
0.387988
0.846327
0.160306
0.758406
0.712976
0.705522
0.494868
0.084981
0.193926
0.412516
0.266547
0.156139
0.068915
0.750289
0.383839
0.95364
0.679152
0.596176
0.566034
0.935645
0.128091
0.985133
0.629114
0.777449
0.682589
0.389615
0.668371
0.840748
0.968833
0.441762
0.183866
0.152648
0.341921
0.634251
0.77551
0.858686
0.686248
0.337252
0.073445
0.196598
0.671357
0.017059
0.158296
0.400008
0.132171
0.241428
0.891341
0.123816
0.675144
0.085269
0.634635
0.895731
0.936152
0.441358
0.071613
0.794062
0.936313
0.928253
0.316392
0.654505
0.974483
0.856173
0.152487
0.866165
0.833269
0.058543
0.657192
0.775752
0.780919
0.419535
0.626107
0.833157
0.177631
0.947578
0.324089
0.116005
0.136349
0.233991
0.525371
0.424153
0.268597
0.739659
0.03782
0.776136
0.281525
0.956031
0.257185
0.578309
0.848954
0.742677
0.848252
0.775356
0.913385
0.025797
0.850075
0.491372
0.720835
0.382058
0.593443
0.411303
0.325016
0.753169
0.181535
0.477603
0.315077
0.257635
0.09484
0.804794
0.745249
0.024579
0.593337
0.890136
0.747008
0.861209
0.287752
0.199827
0.561971
0.956226
0.170335
0.788128
0.037541
0.408961
0.506185
0.89166
0.622622
0.788364
0.837749
0.576731
0.600766
0.723842
0.473235
0.437885
0.23451
0.569153
0.833407
0.410611
0.940581
0.544471
0.514247
0.993347
0.891573
0.738571
0.92271
0.448151
0.694995
0.608393
0.628498
0.8459
0.699163
0.948281
0.265549
0.730904
0.248995
0.616015
0.847031
0.078428
0.724595
0.708647
0.09178
0.555297
0.620538
0.059977
0.041529
0.10347
0.997063
0.19157
0.317474
0.972678
0.771349
0.455008
0.513381
0.489714
0.722923
0.195865
0.329041
0.097176
0.201122
0.094824
0.192111
0.707993
0.238256
0.464519
0.447011
0.299743
0.603608
0.945291
0.652084
0.253323
0.446127
0.343244
0.345521
0.827316
0.079337
0.900267
0.465874
0.279636
0.422521
0.563393
0.22889
0.586729
0.550557
0.746644
0.671176
0.814993
0.206159
0.127219
0.529309
0.093531
0.956305
0.898271
0.732443
0.888631
0.007273
0.155565
0.122253
0.220537
0.853138
0.610658
0.105721
0.887609
0.559316
0.485244
0.053132
0.833654
0.330003
0.596566
0.824437
0.791156
0.935466
0.645076
0.767221
0.601603
0.53927
0.979303
0.428171
0.596965
0.422623
0.213311
0.962784
0.294746
0.267527
0.940991
0.808851
0.505405
0.301778
0.523918
0.783597
0.938473
0.223316
0.589978
0.388768
0.912017
0.262672
0.450109
0.23029
0.744978
0.359444
0.734919
0.511718
0.327363
0.591603
0.529167
0.379214
0.484454
0.973402
0.314764
0.251606
0.41149
0.344755
0.345143
0.670319
0.294466
0.810824
0.078221
0.102798
0.408838
0.321769
0.050158
0.599551
0.555527
0.766823
0.915908
0.159885
0.950755
0.20955
0.136979
0.704544
0.556805
0.333773
0.894032
0.800815
0.101393
0.647799
0.032936
0.649286
0.475419
0.438417
0.605925
0.310555
0.240806
0.097332
0.85345
0.257648
0.240241
0.045738
0.148228
0.107751
0.3107
0.300368
0.995844
0.470145
0.46245
0.450582
0.222199
0.02253
0.565396
0.770176
0.342369
0.448591
0.154122
0.887007
0.225074
0.276181
0.409185
0.451489
0.874889
0.42153
0.491055
0.319414
0.02648
0.475077
0.487111
0.351249
0.161499
0.812695
0.284261
0.5263
0.343382
0.989984
0.414702
0.242088
0.010008
0.839713
0.028673
0.584935
0.23784
0.247031
0.875395
0.084431
0.432231
0.34727
0.973306
0.571251
0.057449
0.017339
0.210504
0.104845
0.972652
0.609278
0.725866
0.823369
0.788978
0.221564
0.12606
0.802236
0.277822
0.772281
0.648544
0.055718
0.238884
0.443146
0.470674
0.992115
0.433854
0.470528
0.649113
0.330824
0.087735
0.292033
0.438535
0.194023
0.846801
0.540442
0.00055
0.211408
0.376033
0.67321
0.739146
0.455549
0.680875
0.627624
0.375535
0.896395
0.720027
0.171016
0.552061
0.02099
0.616158
0.441899
0.018904
0.631149
0.287076
0.990471
0.510308
0.869894
0.60292
0.860147
0.418895
0.121371
0.777627
0.85914
0.901369
0.222381
0.59195
0.061318
0.512011
0.987799
0.871409
0.005608
0.985257
0.424085
0.838362
0.109583
0.079294
0.518131
0.475235
0.573094
0.615443
0.783608
0.975142
0.618166
0.183259
0.210352
0.846335
0.68206
0.009857
0.982958
0.810068
0.417348
0.87424
0.086425
0.814914
0.429717
0.85368
0.141306
0.844166
0.57007
0.249801
0.194283
0.669955
0.464236
0.236202
0.331722
0.990617
0.455582
0.766583
0.600212
0.594649
0.064038
0.193614
0.030884
0.414155
0.509937
0.982258
0.593808
0.319146
0.434207
0.235743
0.162409
0.226817
0.833868
0.066987
0.69538
0.848528
0.94011
0.350534
0.692992
0.323781
0.299472
0.936256
0.829369
0.363686
0.449668
0.468302
0.941492
0.815137
0.834809
0.773857
0.023163
0.361904
0.306644
0.184944
0.766714
0.265407
0.06351
0.775132
0.161942
0.002117
0.167605
0.844264
0.364254
0.958482
0.385901
0.944644
0.447525
0.30354
0.158945
0.381222
0.541949
0.994936
0.708222
0.476548
0.233848
0.563806
0.97962
0.945182
0.83389
0.352898
0.58226
0.981753
0.740605
0.367366
0.622497
0.928844
0.407062
0.706056
0.622642
0.320065
0.386286
0.389744
0.139645
0.231657
0.814814
0.914423
0.247719
0.301029
0.240369
0.932123
0.277833
0.562693
0.07701
0.075565
0.021668
0.987793
0.639087
0.674722
0.578217
0.037844
0.136331
0.636399
0.293494
0.108363
0.721662
0.181361
0.911173
0.187248
0.10809
0.880025
0.471139
0.431641
0.313976
0.397551
0.79421
0.550553
0.213687
0.922891
0.310352
0.132547
0.206113
0.500087
0.026612
0.474276
0.993689
0.598564
0.042854
0.549291
0.454546
0.653015
0.229601
0.084629
0.711032
0.711238
0.497472
0.386636
0.525016
0.793215
0.854765
0.750367
0.92554
0.4255
0.102496
0.223728
0.626221
0.964217
0.296276
0.005418
0.230348
0.424373
0.85451
0.532723
0.765375
0.521337
0.509754
0.933348
0.963495
0.558987
0.167287
0.586105
0.710177
0.828877
0.672422
0.40591
0.845625
0.222469
0.651576
0.892568
0.323704
0.987947
0.167304
0.694099
0.870107
0.364104
0.156611
0.985328
0.261312
0.150378
0.953004
0.122894
0.698189
0.884503
0.959165
0.511083
0.667516
0.753907
0.733909
0.832047
0.492325
0.793957
0.317713
0.769561
0.651485
0.681428
0.886863
0.618062
0.355632
0.812127
0.266844
0.921553
0.754125
0.980786
0.032496
0.255846
0.90673
0.973547
0.32299
0.872048
0.633483
0.370734
0.509103
0.630413
0.487507
0.846931
0.773711
0.612293
0.317699
0.629698
0.794679
0.968405
0.450898
0.924579
0.755846
0.881173
0.091326
0.523467
0.037766
0.126197
0.34601
0.387626
0.644671
0.718667
0.901724
0.135984
0.257989
0.255399
0.704226
0.582382
0.670146
0.254426
0.08926
0.757282
0.327389
0.384647
0.429508
0.936779
0.347095
0.612955
0.176329
0.133127
0.789817
0.205382
0.776615
0.733669
0.833834
0.393703
0.775375
0.171067
0.663109
0.046928
0.308228
0.275185
0.004963
0.813976
0.756745
0.725766
0.624705
0.114832
0.883606
0.213254
0.43617
0.658927
0.945875
0.024567
0.982935
0.896079
0.695894
0.754121
0.371054
0.146634
0.760025
0.246078
0.926331
0.830079
0.404425
9.4e-05
0.685486
0.116359
0.800205
0.639855
0.841634
0.871045
0.794252
0.899978
0.399809
0.097747
0.927267
0.248312
0.677857
0.497515
0.339797
0.408527
0.698617
0.025045
0.739749
0.192901
0.685164
0.109456
0.488091
0.782303
0.568437
0.430133
0.413512
0.860546
0.90734
0.43752
0.175447
0.488292
0.846842
0.305153
0.440287
0.698994
0.050337
0.127488
0.149278
0.277491
0.248098
0.786661
0.004931
0.501455
0.100061
0.571733
0.894271
0.123163
0.800826
0.194206
0.210688
0.872452
0.160868
0.514918
0.498709
0.377134
0.355041
0.210819
0.191046
0.413973
0.097835
0.424009
0.245282
0.991306
0.291665
0.534013
0.47194
0.031967
0.166732
0.435812
0.523761
0.367566
0.143706
0.715026
0.032096
0.789792
0.493686
0.396921
0.230253
0.861192
0.383775
0.748511
0.189043
0.803891
0.143878
0.571961
0.098333
0.220403
0.996563
0.710124
0.999432
0.820391
0.718617
0.732051
0.89166
0.595432
0.919046
0.493721
0.416255
0.002203
0.923029
0.547666
0.816456
0.319583
0.833378
0.503515
0.271148
0.450813
0.102843
0.932311
0.729811
0.065108
0.462293
0.778889
0.489225
0.707687
0.484693
0.56107
0.317009
0.200563
0.0924
0.354201
0.973777
0.007184
0.904628
0.394643
0.229127
0.964579
0.219188
0.375282
0.977977
0.45591
0.112214
0.901576
0.715981
0.305606
0.734409
0.217887
0.830524
0.212719
0.642629
0.178657
0.278614
0.329047
0.654927
0.955651
0.801401
0.529856
0.979958
0.642814
0.99629
0.010756
0.155153
0.327658
0.837481
0.265413
0.639922
0.551762
0.111889
0.004196
0.577278
0.141248
0.527862
0.973762
0.340885
0.910146
0.550094
0.979613
0.986288
0.714529
0.885368
0.028157
0.787109
0.994018
0.998706
0.020911
0.499781
0.004575
0.76964
0.337862
0.733247
0.577341
0.770976
0.55275
0.002559
0.188296
0.546708
0.596991
0.482879
0.02287
0.200442
0.192903
0.554571
0.032261
0.809581
0.344286
0.832631
0.342601
0.007896
0.159937
0.860773
0.519538
0.351495
0.541909
0.756898
0.34318
0.885123
0.220152
0.089993
0.741663
0.151437
0.712873
0.74216
0.229541
0.484142
0.302654
0.663785
0.657713
0.538522
0.145416
0.346787
0.336902
0.928799
0.214269
0.782503
0.342839
0.491505
0.930855
0.040402
0.03907
0.778865
0.041526
0.630026
0.037001
0.340267
0.197432
0.485108
0.144821
0.156883
0.914782
0.74776
0.098151
0.942504
0.926904
0.96776
0.172853
0.265599
0.14836
0.904436
0.58214
0.717699
0.749726
0.940214
0.181025
0.266441
0.271413
0.875828
0.365726
0.086632
0.514308
0.215258
0.820066
0.898566
0.782182
0.640078
0.95213
0.961959
0.612451
0.563684
0.615958
0.099735
0.386331
0.933232
0.888668
0.556519
0.824376
0.259412
0.009674
0.380345
0.832167
0.607402
0.722572
0.025253
0.36549
0.404779
0.088923
0.778855
0.303484
0.859895
0.21297
0.413681
0.471029
0.849932
0.060011
0.691251
0.721423
0.148437
0.150227
0.01713
0.364613
0.088356
0.486965
0.814245
0.680847
0.62638
0.093522
0.929671
0.349253
0.608576
0.066274
0.185163
0.618217
0.198888
0.533271
0.812358
0.129531
0.790975
0.724925
0.889149
0.256636
0.853805
0.083448
0.919633
0.823265
0.067693
0.121505
0.297416
0.835188
0.086123
0.372522
0.217082
0.496407
0.85053
0.976177
0.911465
0.06795
0.849876
0.580499
0.515512
0.748409
0.615283
0.297164
0.597761
0.482454
0.338861
0.646122
0.694138
0.982382
0.292349
0.88166
0.169763
0.343141
0.780593
0.9394
0.793885
0.059642
0.915382
0.714269
0.365599
0.765357
0.623992
0.893938
0.2652
0.134435
0.376027
0.633455
0.123138
0.950921
0.363895
0.813399
0.563412
0.063349
0.463295
0.9522
0.145026
0.348007
0.765832
0.505193
0.72829
0.358888
0.56471
0.941085
0.994687
0.762504
0.269324
0.614653
0.413106
0.309285
0.239531
0.096664
0.804615
0.10798
0.056285
0.499707
0.837266
0.727659
0.42823
0.505393
0.060372
0.277246
0.111547
0.157708
0.465711
0.938733
0.941241
0.370548
0.660645
0.01434
0.137962
0.624858
0.602766
0.026582
0.763713
0.089817
0.62311
0.817017
0.9889
0.318062
0.529151
0.688753
0.767245
0.265571
0.675154
0.567176
0.969262
0.135015
0.097784
0.334575
0.169283
0.674642
0.037925
0.365218
0.220134
0.658522
0.496804
0.186474
0.792444
0.859922
0.85767
0.497009
0.263653
0.818119
0.187905
0.870536
0.327036
0.242994
0.388743
0.577679
0.404841
0.513572
0.967289
0.985111
0.323961
0.35597
0.036015
0.57181
0.884934
0.484951
0.350819
0.437519
0.340785
0.021645
0.984367
0.938504
0.349201
0.925557
0.051637
0.943527
0.102179
0.337831
0.876026
0.351329
0.801519
0.94331
0.825983
0.13159
0.548694
0.022148
0.284627
0.31021
0.094928
0.08409
0.909483
0.086309
0.752775
0.593911
0.746705
0.591248
0.580302
0.955571
0.674794
0.707518
0.423218
0.041232
0.761565
0.86047
0.684769
0.854935
0.45026
0.663566
0.303685
0.72779
0.925312
0.629694
0.616972
0.449568
0.687765
0.313844
0.020487
0.284839
0.344107
0.98579
0.968089
0.268596
0.825135
0.951669
0.39119
0.395561
0.278117
0.122192
0.458092
0.399085
0.54798
0.605737
0.326558
0.906247
0.397968
0.780148
0.819153
0.482309
0.661506
0.561922
0.107953
0.899071
0.512619
0.423523
0.991209
0.931865
0.688493
0.572293
0.565683
0.234567
0.508112
0.072783
0.937002
0.36115
0.109072
0.476004
0.643124
0.441925
0.088488
0.388987
0.913506
0.431821
0.403118
0.508866
0.843889
0.480898
0.439356
0.165973
0.604427
0.473052
0.621451
0.190059
0.545232
0.693151
0.291054
0.072836
0.730005
0.943081
0.055641
0.782406
0.971092
0.483196
0.980411
0.123577
0.301293
0.362773
0.100193
0.064402
0.577863
0.315219
0.314515
0.526557
0.878833
0.332456
0.52873
0.966326
0.475087
0.059482
0.31024
0.177068
0.454397
0.430686
0.157856
0.444405
0.137017
0.94282
0.500816
0.215763
0.306049
0.852015
0.118863
0.271555
0.684631
0.670987
0.774549
0.596941
0.603595
0.191019
0.551315
0.739569
0.566382
0.723037
0.849166
0.12808
0.473364
0.134958
0.752988
0.238162
0.912307
0.382923
0.089689
0.057485
0.876115
0.026441
0.409045
0.153661
0.336994
0.204484
0.494565
0.431511
0.26529
0.477866
0.447106
0.724057
0.686092
0.80771
0.023797
0.748586
0.616375
0.411096
0.766094
0.92765
0.431115
0.437289
0.519837
0.928657
0.268645
0.190196
0.473778
0.561018
0.001547
0.089059
0.586691
0.484688
0.2195
0.664267
0.945222
0.808028
0.517386
0.566615
0.684419
0.49274
0.329946
0.435306
0.559001
0.390953
0.340253
0.189556
0.483168
0.227154
0.428381
0.2157
0.448753
0.45978
0.105999
0.158385
0.952507
0.138857
0.955187
0.075112
0.407262
0.688137
0.147682
0.481323
0.161739
0.867821
0.008458
0.052852
0.054617
0.802017
0.827489
0.113583
0.761437
0.456136
0.012828
0.231855
0.983268
0.153696
0.116168
0.264242
0.01192
0.878341
0.590301
0.249566
0.119802
0.741998
0.492174
0.792791
0.585169
0.900919
0.160492
0.108213
0.999136
0.637671
0.017561
0.900843
0.414746
0.178462
0.592437
0.610219
0.507096
0.166387
0.109848
0.791858
0.357359
0.582542
0.469041
0.652814
0.678086
0.428041
0.860662
0.910569
0.4966
0.689958
0.083784
0.171549
0.177267
0.450241
0.916924
0.4021
0.552785
0.585561
0.728321
0.087023
0.481054
0.403167
0.143316
0.445825
0.48243
0.116175
0.47264
0.290689
0.475018
0.668652
0.199663
0.173396
0.735175
0.733698
0.458365
0.491352
0.197798
0.544538
0.421716
0.379482
0.716439
0.705795
0.20372
0.231153
0.256418
0.003369
0.7276
0.786524
0.0202
0.625437
0.664868
0.369433
0.757272
0.464192
0.928336
0.077894
0.750129
0.818645
0.715309
0.254654
0.534753
0.695866
0.716305
0.947424
0.088663
0.113368
0.842366
0.472916
0.226044
0.939313
0.517886
0.801885
0.824052
0.075167
0.031504
0.29822
0.624261
0.46248
0.228944
0.989316
0.962388
0.960955
0.228516
0.523531
0.346547
0.454143
0.565827
0.798803
0.607082
0.105339
0.53095
0.022919
0.681093
0.873546
0.210417
0.29756
0.93784
0.148315
0.569799
0.726735
0.328901
0.012908
0.890216
0.517271
0.867863
0.636974
0.457109
0.374185
0.846287
0.78857
0.544005
0.070556
0.753136
0.046356
0.538147
0.732438
0.621703
0.243344
0.900454
0.529137
0.431155
0.92974
0.038891
0.926106
0.716645
0.028486
0.957586
0.296719
0.568271
0.946091
0.079543
0.216482
0.530074
0.198613
0.367363
0.527876
0.870282
0.742628
0.84721
0.381525
0.661884
0.389354
0.246178
0.970748
0.194704
0.183232
0.8936
0.176185
0.672583
0.951922
0.87443
0.189269
0.645535
0.597801
0.090062
0.080377
0.92965
0.866255
0.719934
0.030975
0.42851
0.741115
0.193255
0.079881
0.450933
0.515984
0.800133
0.341034
0.208173
0.709178
0.795959
0.325218
0.513026
0.124183
0.091559
0.653131
0.522859
0.684706
0.85231
0.754651
0.345696
0.833383
0.377855
0.059572
0.323275
0.361734
0.916578
0.44729
0.348477
0.066594
0.057771
0.164758
0.369146
0.063096
0.344395
0.719988
0.982801
0.796805
0.064918
0.357781
0.435895
0.804262
0.986286
0.67589
0.416088
0.941205
0.017934
0.396574
0.44398
0.06282
0.989179
0.065631
0.031768
0.824447
0.575135
0.720563
0.926312
0.427287
0.692293
0.633807
0.115369
0.503142
0.878638
0.486931
0.260776
0.176708
0.501519
0.659898
0.927449
0.189679
0.306001
0.740429
0.804083
0.361588
0.458166
0.867378
0.548377
0.624742
0.957836
0.392504
0.531183
0.699787
0.467893
0.536058
0.460353
0.652479
0.74418
0.88047
0.594349
0.504229
0.547387
0.405666
0.069443
0.189856
0.589529
0.063189
0.24819
0.814251
0.110136
0.394044
0.344312
0.547726
0.275971
0.285074
0.03592
0.644622
0.50452
0.33558
0.492106
0.593935
0.634787
0.686126
0.187239
0.12773
0.641703
0.23792
0.35861
0.890301
0.455052
0.068582
0.338159
0.121186
0.476775
0.453114
0.797073
0.268119
0.993803
0.801293
0.677664
0.713257
0.474831
0.949561
0.504913
0.743325
0.548174
0.65001
0.114961
0.41563
0.393739
0.593299
0.712057
0.970904
0.203332
0.379982
0.594709
0.775687
0.914156
0.61095
0.838489
0.898497
0.333183
0.042405
0.187606
0.134782
0.999382
0.865412
0.856493
0.857395
0.642383
0.143813
0.430368
0.773973
0.773633
0.653103
0.879653
0.99211
0.087969
0.276271
0.368128
0.429912
0.858556
0.828826
0.335175
0.652356
0.146839
0.589716
0.704398
0.930345
0.259284
0.696578
0.620542
0.537199
0.205121
0.086169
0.432667
0.942711
0.147432
0.664372
0.286561
0.45087
0.025014
0.375441
0.436989
0.217616
0.502431
0.149369
0.971109
0.314778
0.527972
0.808965
0.335581
0.848289
0.504703
0.099612
0.058657
0.20209
0.521126
0.229628
0.89508
0.914267
0.761782
0.884059
0.111193
0.511468
0.030938
0.175984
0.28767
0.354489
0.390541
0.271416
0.69908
0.050201
0.481138
0.445125
0.438842
0.294577
0.981652
0.424897
0.988023
0.270572
0.40836
0.043067
0.881218
0.370334
0.996849
0.0874
0.710861
0.952099
0.634694
0.458123
0.853446
0.165646
0.2953
0.795342
0.244825
0.394651
0.093218
0.426609
0.575869
0.205647
0.553254
0.905905
0.221831
0.220474
0.013562
0.534578
0.847962
0.193919
0.586501
0.683234
0.131919
0.857956
0.17631
0.35222
0.719712
0.521776
0.64137
0.252789
0.658894
0.215
0.268119
0.745821
0.024993
0.402453
0.241432
0.443739
0.591629
0.40656
0.404687
0.974704
0.339572
0.792316
0.985234
0.456397
0.76275
0.737173
0.696186
0.82064
0.944215
0.371698
0.68492
0.878702
0.494544
0.624307
0.990968
0.548121
0.818842
0.427516
0.658987
0.6286
0.204483
0.964591
0.839015
0.03923
0.339819
0.258527
0.818017
0.102568
0.83502
0.763533
0.634659
0.206786
0.591497
0.535755
0.929947
0.934305
0.137641
0.120717
0.402226
0.567045
0.996809
0.19032
0.915804
0.818813
0.94242
0.733552
0.793316
0.250868
0.23933
0.762618
0.264025
0.393876
0.217554
0.377246
0.115863
0.513394
0.548338
0.35788
0.851774
0.995139
0.250845
0.669647
0.797829
0.073498
0.333084
0.361561
0.40182
0.974691
0.32911
0.06877
0.500166
0.886086
0.97726
0.68587
0.173588
0.966515
0.130552
0.124281
0.558466
0.4696
0.765057
0.793098
0.472486
0.466351
0.172772
0.283962
0.31474
0.011706
0.352815
0.000233
0.953607
0.146897
0.063488
0.238117
0.260616
0.715948
0.732124
0.079645
0.12025
0.157202
0.098675
0.038692
0.8637
0.081826
0.449562
0.59256
0.137288
0.375489
0.008374
0.277384
0.473767
0.324037
0.737837
0.993309
0.476412
0.503874
0.520809
0.76997
0.710065
0.04604
0.128212
0.405093
0.50586
0.21719
0.816624
0.024556
0.247028
0.594737
0.744607
0.247799
0.18172
0.720135
0.430094
0.526613
0.316793
0.182827
0.58935
0.970923
0.679755
0.590114
0.845531
0.956134
0.58751
0.140039
0.838766
0.418401
0.799179
0.573957
0.494818
0.460305
0.409395
0.488462
0.277003
0.930106
0.654534
0.531162
0.939954
0.928208
0.700671
0.904829
0.310293
0.247493
0.356319
0.907448
0.79257
0.982768
0.045591
0.258758
0.427754
0.482325
0.296548
0.018101
0.9
0.533786
0.999868
0.082188
0.559104
0.410369
0.817628
0.141515
0.956125
0.545851
0.486978
0.124095
0.242296
0.002143
0.968236
0.189862
0.548171
0.285451
0.868828
0.411553
0.967063
0.592743
0.968628
0.754783
0.122768
0.299073
0.301853
0.783341
0.474493
0.26634
0.78367
0.307838
0.87691
0.05423
0.678026
0.985522
0.54506
0.029787
0.703008
0.780051
0.021715
0.181517
0.56511
0.519566
0.5592
0.528177
0.129095
0.148198
0.302991
0.440155
0.312719
0.850087
0.270393
0.365603
0.21313
0.959208
0.197422
0.119722
0.403284
0.267221
0.983986
0.005464
0.857943
0.523848
0.818417
0.980625
0.358416
0.415848
0.009953
0.225227
0.827778
0.275646
0.692726
0.526289
0.171952
0.640452
0.630891
0.359838
0.815618
0.11803
0.428856
0.849427
0.964273
0.914892
0.824465
0.858032
0.212027
0.025418
0.091825
0.260099
0.114202
0.199829
0.423164
0.980951
0.424116
0.234912
0.442996
0.02123
0.118328
0.251685
0.656821
0.511287
0.633684
0.814176
0.408423
0.431634
0.069187
0.429008
0.10724
0.240425
0.960214
0.892743
0.15446
0.921231
0.49182
0.301915
0.544407
0.232985
0.750466
0.760283
0.182162
0.531078
0.001752
0.624868
0.261205
0.123012
0.176207
0.007796
0.017043
0.24574
0.439151
0.676948
0.486838
0.558366
0.018348
0.732355
0.506685
0.703429
0.008327
0.15059
0.108522
0.065914
0.53753
0.858163
0.724281
0.977188
0.684812
0.514663
0.968841
0.989259
0.678715
0.723627
0.743876
0.404486
0.722307
0.733257
0.640821
0.408834
0.587474
0.942109
0.632451
0.799715
0.916693
0.465629
0.666988
0.556193
0.639996
0.679481
0.002222
0.891376
0.266852
0.427127
0.426255
0.787232
0.710728
0.835054
0.91479
0.275056
0.978654
0.518535
0.85267
0.530284
0.65629
0.721483
0.60321
0.195792
0.320737
0.893113
0.042288
0.211714
0.218104
0.647303
0.093619
0.830604
0.104063
0.46262
0.946924
0.024323
0.353374
0.712296
0.795286
0.771625
0.744165
0.317354
0.952395
0.517996
0.651039
0.927469
0.447945
0.712971
0.373111
0.288159
0.944512
0.030839
0.005764
0.028468
0.286848
0.36124
0.100462
0.086496
0.112269
0.929551
0.651228
0.439727
0.479802
0.366932
0.430726
0.294982
0.633375
0.757684
0.931185
0.488013
0.62694
0.82768
0.150483
0.355384
0.543152
0.244144
0.850053
0.295751
0.578086
0.568338
0.156687
0.810496
0.100485
0.606827
0.580627
0.81961
0.836425
0.44059
0.672205
0.681167
0.062203
0.894255
0.38309
0.833941
0.046135
0.971304
0.995585
0.006275
0.525698
0.131401
0.728853
0.539608
0.280671
0.019497
0.356564
0.601603
0.617594
0.366135
0.163691
0.478072
0.625247
0.94652
0.887074
0.845966
0.216692
0.225447
0.443554
0.382832
0.891759
0.903779
0.516061
0.47958
0.928028
0.851465
0.459818
0.057191
0.533849
0.894702
0.305724
0.257334
0.029543
0.275453
0.14789
0.585504
0.997793
0.230065
0.827426
0.704179
0.978387
0.573353
0.011349
0.046868
0.127884
0.725472
0.510667
0.985875
0.24186
0.843439
0.852304
0.883983
0.30175
0.54943
0.425356
0.088572
0.242788
0.391927
0.91285
0.081112
0.528147
0.883988
0.372199
0.079899
0.476166
0.277905
0.891215
0.761126
0.924212
0.321982
0.161289
0.713015
0.177006
0.989359
0.106606
0.105575
0.038397
0.2349
0.277085
0.428056
0.50384
0.143997
0.593136
0.927542
0.919357
0.503129
0.90913
0.965385
0.107239
0.299534
0.669082
0.751335
0.362778
0.606055
0.323104
0.154391
0.993923
0.096838
0.842906
0.877835
0.314831
0.885721
0.066759
0.720081
0.691568
0.350033
0.275349
0.880941
0.426311
0.03839
0.318404
0.613031
0.717708
0.169016
0.21829
0.054735
0.80348
0.008067
0.036265
0.322918
0.541682
0.410267
0.979637
0.171673
0.014434
0.128631
0.539728
0.232403
0.119989
0.180998
0.645476
0.130331
0.546426
0.919707
0.420474
0.738092
0.860381
0.402375
0.313464
0.533721
0.180228
0.664958
0.67262
0.307122
0.884891
0.334065
0.957399
0.921263
0.394862
0.911074
0.675354
0.823668
0.657065
0.28469
0.131433
0.80718
0.253437
0.777261
0.592795
0.490446
0.937198
0.633696
0.073216
0.023293
0.356406
0.908645
0.576162
0.072773
0.980577
0.463743
0.745107
0.369984
0.84636
0.688782
0.002408
0.226315
0.061317
0.167806
0.104209
0.599125
0.219742
0.797383
0.304428
0.335215
0.346317
0.114448
0.800862
0.732299
0.51106
0.297196
0.918901
0.35486
0.222852
0.391661
0.725865
0.865615
0.542867
0.380975
0.761186
0.20807
0.775054
0.38816
0.856611
0.072955
0.483538
0.002757
0.676598
0.733586
0.760333
0.855993
0.760698
0.670643
0.996656
0.601934
0.070121
0.077001
0.118946
0.559876
0.083294
0.428832
0.227425
0.735156
0.601013
0.249206
0.191656
0.824526
0.039546
0.465966
0.475545
0.399351
0.388543
0.083582
0.889239
0.201344
0.29053
0.412224
0.783423
0.36966
0.808188
0.75834
0.992093
0.230022
0.673859
0.506998
0.381608
0.206548
0.429564
0.949359
0.728178
0.355555
0.659554
0.977792
0.777643
0.980564
0.376307
0.384745
0.741114
0.074932
0.294962
0.847385
0.379043
0.744864
0.30425
0.832199
0.941116
0.431943
0.394006
0.489404
0.718001
0.437282
0.875862
0.525313
0.044922
0.271135
0.547126
0.257567
0.815002
0.746044
0.057066
0.038497
0.779285
0.209647
0.731168
0.09473
0.2407
0.410513
0.185669
0.278459
0.896582
0.942225
0.60831
0.520895
0.576668
0.308912
0.354022
0.958846
0.707678
0.85089
0.703989
0.716377
0.895955
0.692464
0.634164
0.993759
0.02744
0.048478
0.088999
0.845333
0.151722
0.977016
0.470506
0.34578
0.63065
0.617947
0.744807
0.914023
0.96759
0.112634
0.760212
0.499145
0.733369
0.058485
0.147363
0.432348
0.363883
0.073789
0.610251
0.466614
0.113193
0.123045
0.121848
0.621509
0.492237
0.080445
0.141888
0.991865
0.51946
0.586001
0.103615
0.036612
0.078138
0.259602
0.736798
0.352331
0.216006
0.0345
0.701348
0.159095
0.226063
0.168902
0.025876
0.841722
0.178774
0.522287
0.85512
0.030498
0.565401
0.784672
0.662141
0.217891
0.213149
0.869834
0.509328
0.485775
0.568931
0.436358
0.279783
0.08533
0.996594
0.687264
0.096428
0.920548
0.222464
0.63827
0.244453
0.94589
0.356848
0.098894
0.002959
0.195494
0.232108
0.624761
0.810351
0.680707
0.985969
0.329969
0.971295
0.478034
0.679424
0.594855
0.674391
0.856542
0.437607
0.259034
0.312382
0.184035
0.167133
0.98306
0.466557
0.0973
0.859411
0.240518
0.137566
0.518797
0.633145
0.940858
0.130843
0.541627
0.214128
0.961427
0.92656
0.03729
0.133397
0.578098
0.693977
0.644922
0.320408
0.875743
0.278232
0.339383
0.695929
0.041658
0.845657
0.605652
0.558096
0.332769
0.160968
0.625154
0.696023
0.937987
0.123647
0.1866
0.582729
0.603952
0.666735
0.409263
0.999652
0.222072
0.529361
0.299099
0.855778
0.815275
0.861526
0.924047
0.833578
0.254995
0.455158
0.245881
0.034164
0.590776
0.585762
0.423933
0.189222
0.706712
0.16019
0.972875
0.040399
0.953702
0.591229
0.413644
0.636313
0.991279
0.743668
0.824237
0.455368
0.357293
0.086053
0.77565
0.546366
0.488324
0.667168
0.73355
0.425431
0.559679
0.863885
0.565658
0.056953
0.838374
0.069374
0.090156
0.953689
0.764117
0.413792
0.129292
0.449428
0.927296
0.416178
0.431491
0.560151
0.569425
0.533674
0.929474
0.326418
0.460518
0.998958
0.574569
0.381843
0.407802
0.893689
0.696332
0.402602
0.089496
0.124652
0.776393
0.188083
0.306408
0.355432
0.669865
0.204885
0.615141
0.478216
0.397437
0.953863
0.266262
0.754388
0.82079
0.58168
0.455969
0.725436
0.717159
0.959909
0.133149
0.566904
0.630724
0.877509
0.028993
0.22414
0.915415
0.741142
0.320517
0.957624
0.771021
0.251566
0.401522
0.521001
0.423783
0.549781
0.551779
0.297006
0.865184
0.800657
0.072
0.019057
0.230518
0.637815
0.86453
0.662453
0.916758
0.729216
0.492794
0.689155
0.59438
0.000781
0.593923
0.204238
0.702386
0.544265
0.834567
0.808765
0.548102
0.724174
0.987047
0.798616
0.908256
0.972483
0.771047
0.742057
0.199003
0.173539
0.487846
0.788803
0.536834
0.316739
0.329618
0.480863
0.450959
0.652998
0.184111
0.105156
0.931362
0.935072
0.074646
0.798681
0.718081
0.433899
0.182587
0.646285
0.598104
0.607639
0.344253
0.754019
0.914223
0.27611
0.852809
0.91739
0.808858
0.717041
0.998985
0.515424
0.366671
0.513068
0.400924
0.165027
0.878122
0.617072
0.863776
0.64511
0.68366
0.047286
0.712465
0.751818
0.447256
0.965573
0.134518
0.24362
0.321238
0.24414
0.339989
0.664696
0.814524
0.315027
0.935605
0.887818
0.39979
0.643558
0.700365
0.388104
0.211787
0.388419
0.562195
0.225882
0.432728
0.448494
0.289482
0.710174
0.723612
0.829457
0.039103
0.044172
0.523348
0.912472
0.555691
0.497431
0.618255
0.380929
0.343983
0.165596
0.444772
0.925409
0.921077
0.382614
0.078304
0.143091
0.121446
0.92078
0.659665
0.972809
0.055451
0.722336
0.888575
0.810286
0.965201
0.323378
0.51825
0.194576
0.185962
0.12193
0.314329
0.526527
0.566295
0.907506
0.123124
0.875611
0.799273
0.763138
0.979762
0.283393
0.668288
0.80918
0.347112
0.794027
0.710669
0.162217
0.765256
0.418143
0.464671
0.320603
0.948207
0.75715
0.403053
0.954725
0.558099
0.313511
0.561699
0.549568
0.189713
0.562466
0.987449
0.295924
0.380227
0.823927
0.708893
0.266441
0.351957
0.107249
0.854838
0.728817
0.70397
0.075043
0.358188
0.736764
0.158042
0.294949
0.98862
0.871935
0.879305
0.086104
0.034155
0.989953
0.878998
0.08421
0.448454
0.001517
0.351496
0.200727
0.363276
0.555692
0.595512
0.097143
0.59321
0.904228
0.84497
0.975532
0.102942
0.246452
0.296767
0.660741
0.10633
0.435737
0.622704
0.032558
0.933284
0.428716
0.784443
0.827292
0.075031
0.734799
0.929861
0.727899
0.458052
0.9085
0.602502
0.017348
0.190029
0.108942
0.844147
0.492431
0.359584
0.750781
0.875531
0.869863
0.859654
0.234778
0.453901
0.797799
0.682405
0.983304
0.211909
0.37566
0.673966
0.337041
0.621741
0.413185
0.671453
0.480342
0.38631
0.619771
0.911145
0.615381
0.8556
0.826602
0.507845
0.79402
0.033868
0.417567
0.431234
0.198772
0.941329
0.01046
0.164858
0.28428
0.350327
0.571596
0.747116
0.612327
0.859992
0.905336
0.903122
0.254431
0.493748
0.615938
0.169355
0.691374
0.719385
0.442828
0.792969
0.135163
0.807669
0.289175
0.434964
0.656552
0.429143
0.857746
0.898672
0.954782
0.768307
0.995967
0.498598
0.849807
0.648563
0.274799
0.049221
0.197582
0.396235
0.448589
0.283414
0.776517
0.735248
0.203183
0.842082
0.889628
0.512275
0.044453
0.498853
0.375686
0.548088
0.16839
0.81013
0.409389
0.264777
0.698825
0.534445
0.237261
0.170972
0.793575
0.529588
0.895292
0.534263
0.246731
0.308079
0.997898
0.89342
0.245311
0.025901
0.814414
0.098837
0.379901
0.074322
0.396595
0.08963
0.06857
0.931921
0.916856
0.395192
0.936481
0.540344
0.633065
0.747096
0.676708
0.975151
0.65395
0.240374
0.420467
0.524528
0.627183
0.901736
0.316583
0.071417
0.2143
0.638019
0.854379
0.07627
0.822267
0.705689
0.138944
0.645769
0.662723
0.885769
0.884031
0.167993
0.03869
0.301885
0.350271
0.769865
0.9722
0.110603
0.776221
0.151379
0.495139
0.657111
0.534696
0.988421
0.085186
0.237364
0.302372
0.456732
0.786452
0.911399
0.511615
0.812
0.612138
0.369902
0.839519
0.149301
0.874576
0.480974
0.671179
0.086442
0.633196
0.48739
0.975592
0.720817
0.375731
0.227149
0.317392
0.735171
0.149929
0.741095
0.700113
0.439364
0.302192
0.307731
0.65122
0.971318
0.307331
0.308853
0.351933
0.852622
0.332771
0.37241
0.977014
0.245595
0.137403
0.160216
0.234213
0.438595
0.240403
0.014348
0.273183
0.725427
0.384694
0.617972
0.707668
0.285789
0.263696
0.202566
0.123732
0.023506
0.609681
0.24545
0.037544
0.517272
0.698885
0.084279
0.483782
0.856806
0.117846
0.021475
0.108899
0.050062
0.54411
0.750759
0.066623
0.185983
0.596837
0.502806
0.119066
0.974882
0.319539
0.490325
0.065653
0.116083
0.893335
0.439045
0.428829
0.730677
0.470356
0.755308
0.481516
0.756998
0.989401
0.809658
0.423521
0.69736
0.628017
0.096754
0.376115
0.060739
0.11032
0.417487
0.189921
0.042965
0.695659
0.00988
0.420477
0.945249
0.404297
0.162567
0.169866
0.556551
0.939194
0.418289
0.876334
0.671944
0.54703
0.563249
0.699899
0.339348
0.908546
0.938651
0.202804
0.817385
0.253715
0.807996
0.102331
0.378248
0.25381
0.784949
0.9753
0.920358
0.140018
0.084587
0.047801
0.065018
0.567353
0.148957
0.092905
0.653612
0.34381
0.461456
0.832765
0.228355
0.731872
0.757147
0.776197
0.723698
0.724492
0.224269
0.086954
0.328186
0.737314
0.464942
0.3735
0.672285
0.714348
0.404906
0.367747
0.055528
0.640953
0.324898
0.327533
0.926106
0.449465
0.56133
0.814747
0.042051
0.691209
0.147679
0.873395
0.617278
0.245984
0.896407
0.193694
0.845328
0.579325
0.590835
0.311586
0.937124
0.696445
0.325467
0.220448
0.866838
0.083089
0.450561
0.755369
0.301957
0.394858
0.156345
0.977971
0.430467
0.313062
0.584093
0.534404
0.481203
0.130917
0.88118
0.669978
0.182064
0.526798
0.031116
0.883443
0.250182
0.0557
0.147814
0.256983
0.949258
0.478485
0.180673
0.635702
0.535819
0.736021
0.857153
0.429318
0.478663
0.257796
0.009291
0.497
0.811837
0.495697
0.889319
0.729956
0.205575
0.599823
0.970509
0.585027
0.666241
0.480289
0.889279
0.385178
0.320448
0.394275
0.681048
0.051167
0.451985
0.02086
0.275578
0.845994
0.14464
0.718441
0.360137
0.784991
0.831228
0.252574
0.82707
0.075504
0.236053
0.969501
0.88057
0.715701
0.058241
0.366026
0.963153
0.691944
0.783894
0.839443
0.463799
0.956666
0.165484
0.456156
0.758091
0.557618
0.266531
0.884435
0.757374
0.864759
0.250398
0.564856
0.968229
0.884827
0.325481
0.811007
0.268845
0.288089
0.382337
0.568392
0.369515
0.018611
0.402434
0.904644
0.478507
0.613366
0.723498
0.914745
0.298735
0.88563
0.556569
0.013925
0.203969
0.219083
0.518548
0.315983
0.358611
0.459809
0.143551
0.887682
0.549421
0.828815
0.756537
0.392182
0.330334
0.640051
0.857063
0.053044
0.041998
0.646727
0.188103
0.401115
0.897905
0.66719
0.766664
0.174683
0.88181
0.675007
0.84672
0.007478
0.747678
0.549302
0.264672
0.603096
0.889195
0.949024
0.207078
0.494629
0.802615
0.514246
0.512669
0.924654
0.317804
0.466503
0.032554
0.247207
0.856639
0.745412
0.268209
0.823543
0.338324
0.863944
0.466559
0.416794
0.938646
0.862917
0.598534
0.535724
0.759947
0.617647
0.872792
0.623669
0.981172
0.541533
0.910599
0.221842
0.950978
0.214741
0.28257
0.180822
0.648551
0.734302
0.5385
0.927248
0.180647
0.441417
0.372086
0.513904
0.608907
0.48604
0.396642
0.291991
0.348093
0.965456
0.691824
0.934404
0.165352
0.223079
0.087798
0.187016
0.698714
0.498382
0.646695
0.412804
0.07647
0.592455
0.799113
0.07943
0.236563
0.839182
0.92344
0.98728
0.167448
0.073153
0.557372
0.384293
0.945707
0.850628
0.54575
0.338394
0.665197
0.671131
0.894572
0.714575
0.540161
0.515794
0.69837
0.027483
0.669178
0.910904
0.048459
0.384559
0.608698
0.003537
0.080572
0.014821
0.494308
0.891735
0.584494
0.783924
0.659569
0.449296
0.438483
0.943268
0.352119
0.131258
0.38978
0.478272
0.59028
0.828405
0.32603
0.48977
0.738052
0.433889
0.869958
0.258811
0.959671
0.774022
0.204585
0.734801
0.893489
0.274037
0.479625
0.23631
0.542513
0.161753
0.516192
0.620822
0.00449
0.578029
0.51267
0.194946
0.362491
0.740721
0.964311
0.999338
0.892263
0.995734
0.916623
0.386273
0.781537
0.32441
0.788201
0.045676
0.117871
0.338143
0.096093
0.577157
0.768068
0.389499
0.926958
0.437572
0.37397
0.199895
0.412346
0.530819
0.077732
0.60498
0.34351
0.563091
0.089606
0.387318
0.36566
0.907779
0.963841
0.561099
0.16938
0.906697
0.258438
0.87238
0.511524
0.249802
0.254185
0.536407
0.472833
0.666652
0.488203
0.156687
0.193235
0.47511
0.650819
0.411975
0.747586
0.157174
0.794591
0.706521
0.086073
0.061382
0.924164
0.517675
0.040146
0.037393
0.710647
0.409704
0.091949
0.54352
0.268868
0.887035
0.465609
0.052888
0.205202
0.322419
0.746941
0.702409
0.771697
0.282551
0.674445
0.790483
0.22847
0.583741
0.481662
0.589569
0.208022
0.24324
0.721759
0.503175
0.92021
0.86245
0.092545
0.17039
0.989364
0.495342
0.458308
0.539106
0.109354
0.549217
0.682073
0.732896
0.602528
0.198894
0.395648
0.936725
0.135788
0.494018
0.729562
0.571235
0.270978
0.972171
0.856057
0.914262
0.819998
0.256105
0.389176
0.655749
0.76794
0.805909
0.015692
0.033695
0.64281
0.152289
0.550378
0.844309
0.124051
0.405021
0.469031
0.674084
0.106008
0.174415
0.172149
0.078814
0.251045
0.493058
0.52473
0.155085
0.930487
0.975977
0.895202
0.877538
0.267172
0.044473
0.21053
0.338626
0.541025
0.334722
0.802422
0.521599
0.768777
0.449041
0.431765
0.774176
0.210867
0.882782
0.26253
0.143026
0.851375
0.047931
0.727301
0.660567
0.522517
0.081192
0.186158
0.070534
0.42445
0.279756
0.35769
0.085017
0.651987
0.464917
0.910431
0.933978
0.838776
0.180343
0.992819
0.628747
0.127284
0.854236
0.177347
0.947782
0.982034
0.770293
0.868586
0.026093
0.742075
0.632791
0.311411
0.723479
0.610324
0.833305
0.486471
0.538438
0.940957
0.153312
0.780447
0.763368
0.141988
0.465482
0.83129
0.530731
0.461687
0.897866
0.735226
0.756093
0.087722
0.516097
0.318221
0.815167
0.034603
0.48226
0.051446
0.680595
0.169438
0.852684
0.15235
0.608834
0.726064
0.597231
0.315999
0.6523
0.214186
0.383415
0.609403
0.940172
0.393199
0.154074
0.466946
0.149095
0.793968
0.553535
0.389121
0.311149
0.81278
0.319095
0.805034
0.179783
0.642449
0.308685
0.794292
0.138951
0.734188
0.562915
0.19622
0.807837
0.842891
0.367442
0.939595
0.935817
0.011605
0.93938
0.793429
0.827661
0.981353
0.836098
0.072295
0.990706
0.792938
0.9876
0.858691
0.057015
0.050266
0.86998
0.459175
0.947331
0.560811
0.345708
0.45605
0.8027
0.38276
0.882254
0.965666
0.506796
0.123114
0.160946
0.057585
0.216394
0.100244
0.004768
0.937955
0.182975
0.488317
0.387993
0.700944
0.179931
0.603876
0.913818
0.606161
0.497218
0.272395
0.047966
0.183596
0.951587
0.470667
0.351768
0.006181
0.540052
0.02842
0.360986
0.901044
0.718893
0.232478
0.808511
0.363418
0.603299
0.562496
0.032661
0.768607
0.791758
0.62899
0.305134
0.104013
0.980928
0.807668
0.836235
0.434101
0.108631
0.287289
0.783568
0.360147
0.19405
0.653787
0.499317
0.212031
0.0501
0.336566
0.509137
0.703924
0.385198
0.000977
0.605356
0.587896
0.089832
0.230847
0.066491
0.590407
0.105434
0.279628
0.066204
0.073813
0.181571
0.971888
0.787204
0.569915
0.263017
0.501654
0.471489
0.594094
0.202138
0.588306
0.826998
0.811361
0.29587
0.781035
0.982247
0.547207
0.002292
0.062857
0.0339
0.572538
0.936343
0.573631
0.71363
0.108427
0.711899
0.663403
0.473096
0.52766
0.911344
0.680652
0.675024
0.783263
0.169463
0.616872
0.320469
0.217151
0.826641
0.893751
0.954775
0.882766
0.122688
0.853861
0.894923
0.104551
0.637142
0.816238
0.586831
0.987891
0.144519
0.982502
0.643883
0.144004
0.903311
0.682057
0.617722
0.792869
0.165325
0.443781
0.50309
0.679303
0.488185
0.424797
0.042327
0.823237
0.99506
0.332966
0.007541
0.860498
0.809062
0.857694
0.47845
0.461842
0.649659
0.069304
0.149769
0.569555
0.331719
0.586887
0.248388
0.816345
0.20858
0.154589
0.081689
0.947403
0.810177
0.457537
0.442203
0.295197
0.347024
0.611649
0.944878
0.451752
0.872807
0.896132
0.848336
0.523974
0.196201
0.095813
0.985209
0.703474
0.318345
0.117717
0.478984
0.008197
0.833505
0.120663
0.955085
0.433251
0.328347
0.470222
0.753698
0.045186
0.028949
0.648401
0.983064
0.14275
0.246653
0.279388
0.298196
0.421339
0.894134
0.978095
0.308671
0.992152
0.604528
0.144635
0.482747
0.072203
0.025151
0.092376
0.690867
0.291181
0.520573
0.137085
0.784674
0.95848
0.652257
0.588763
0.183563
0.593823
0.90294
0.769821
0.821415
0.770747
0.617975
0.988834
0.889493
0.028749
0.631158
0.064907
0.103339
0.084392
0.082823
0.863769
0.703513
0.094632
0.427088
0.773337
0.594835
0.449607
0.87554
0.691299
0.561037
0.005853
0.580466
0.68281
0.009261
0.794465
0.720287
0.410124
0.951101
0.021156
0.177518
0.508341
0.068828
0.951038
0.510048
0.014096
0.857339
0.434348
0.388006
0.344302
0.399821
0.308777
0.710192
0.416699
0.007003
0.312904
0.133791
0.891643
0.54682
0.844935
0.875376
0.308665
0.01439
0.046517
0.04169
0.395356
0.017928
0.133689
0.998794
0.118011
0.642563
0.147907
0.255249
0.629322
0.906176
0.672655
0.122179
0.390991
0.514146
0.644358
0.741718
0.349556
0.462369
0.25147
0.884203
0.422538
0.86238
0.046219
0.37805
0.001676
0.082237
0.902954
0.283461
0.398698
0.277607
0.360412
0.483756
0.830066
0.025473
0.094574
0.720289
0.194075
0.181445
0.046093
0.050637
0.3303
0.809664
0.086352
0.091572
0.381465
0.51159
0.385226
0.077735
0.640311
0.310688
0.476662
0.272708
0.6676
0.608002
0.020854
0.902252
0.617834
0.831532
0.777761
0.30099
0.397004
0.306482
0.539902
0.039748
0.03535
0.627535
0.42675
0.19013
0.537062
0.636098
0.846959
0.624212
0.814552
0.1696
0.482934
0.44933
0.543543
0.590357
0.682593
0.032709
0.062051
0.396517
0.48569
0.177226
0.894126
0.28317
0.094514
0.472272
0.211505
0.777601
0.984969
0.129573
0.473783
0.288083
0.507278
0.436769
0.76119
0.05452
0.591084
0.396623
0.618613
0.314396
0.310615
0.47078
0.112054
0.771726
0.763314
0.389607
0.812951
0.063157
0.199539
0.293649
0.794643
0.02732
0.395947
0.652426
0.537803
0.739147
0.025493
0.86063
0.897817
0.757501
0.301903
0.942244
0.58139
0.493351
0.526018
0.515998
0.960018
0.678937
0.2231
0.396782
0.639335
0.175756
0.632251
0.950285
0.622686
0.194403
0.782384
0.200843
0.745963
0.40036
0.905089
0.303317
0.905917
0.001033
0.040201
0.233997
0.808897
0.807047
0.357192
0.508352
0.543422
0.494391
0.589725
0.240604
0.379879
0.915478
0.997288
0.919511
0.419103
0.856713
0.103267
0.437875
0.932152
0.688585
0.306246
0.219235
0.748977
0.611585
0.217937
0.808486
0.588135
0.541201
0.928145
0.549192
0.669646
0.719332
0.564594
0.532118
0.698665
0.664798
0.434576
0.3642
0.392499
0.377744
0.492801
0.398304
0.217488
0.320419
0.162327
0.825322
0.194479
0.131931
0.576999
0.774712
0.267601
0.669013
0.693418
0.483669
0.319327
0.266881
0.435075
0.25103
0.437053
0.173967
0.08823
0.138882
0.475329
0.570006
0.595265
0.314805
0.364558
0.9392
0.3285
0.063867
0.931702
0.521225
0.33171
0.985237
0.33487
0.945175
0.069939
0.767643
0.704461
0.070827
0.638319
0.095392
0.156172
0.479861
0.856856
0.772181
0.0228
0.235464
0.078373
0.56431
0.26095
0.900788
0.263593
0.595957
0.015332
0.473707
0.679149
0.327174
0.16995
0.220246
0.510954
0.485505
0.414107
0.562946
0.348115
0.962826
0.980332
0.232685
0.69598
0.694874
0.026495
0.013367
0.441864
0.337194
0.395359
0.174325
0.421173
0.615741
0.136276
0.354915
0.931664
0.653097
0.371136
0.944586
0.219361
0.133618
0.55936
0.025724
0.449575
0.469984
0.000879
0.95867
0.446238
0.314985
0.560403
0.036277
0.800395
0.099471
0.705752
0.215136
0.128895
0.7481
0.731686
0.551341
0.327999
0.47381
0.991036
0.380937
0.562536
0.310488
0.960943
0.368528
0.245901
0.797492
0.773204
0.146619
0.891176
0.339061
0.603452
0.612585
0.491288
0.351072
0.795467
0.754463
0.032822
0.761575
0.7719
0.296951
0.444497
0.8676
0.45153
0.102376
0.950894
0.130296
0.187004
0.098842
0.284277
0.993632
0.805589
0.958488
0.442292
0.373736
0.843659
0.055915
0.414646
0.493334
0.504009
0.893475
0.149513
0.283895
0.018537
0.101265
0.098358
0.125068
0.9466
0.289793
0.442297
0.382125
0.826606
0.72781
0.773014
0.445179
0.409088
0.182944
0.167398
0.095736
0.537291
0.538771
0.780232
0.537279
0.357738
0.776226
0.676979
0.573772
0.60262
0.869374
0.0873
0.913207
0.148623
0.649985
0.079406
0.228738
0.04831
0.285416
0.763755
0.257827
0.836223
0.386227
0.513819
0.493114
0.853401
0.164161
0.886498
0.597252
0.699717
0.387201