1024 2
0
819
875
1
1007
1017
2
398
774
3
208
1002
4
585
855
0
5
430
6
266
771
7
436
687
8
258
940
9
704
1013
10
554
935
11
34
896
12
168
777
13
124
398
14
163
366
15
421
773
16
475
628
17
380
848
18
394
929
19
180
299
20
381
826
21
692
938
22
398
404
23
483
729
24
235
344
25
564
690
26
176
431
27
312
519
28
29
573
29
533
577
1
30
625
31
572
773
32
584
899
33
598
714
34
280
931
35
232
347
36
702
810
18
37
610
38
502
797
39
223
243
40
759
1020
41
212
757
42
845
938
43
708
894
44
49
732
45
171
469
46
122
500
47
299
897
48
530
939
49
132
314
50
52
498
51
224
967
52
507
737
53
97
618
54
423
974
55
546
580
56
125
964
57
182
306
58
317
395
59
116
342
60
772
841
61
136
582
5
62
532
63
183
506
64
164
503
51
65
887
39
66
67
8
67
662
68
112
256
69
142
350
70
190
251
71
200
359
72
122
222
6
73
179
74
270
513
2
75
514
76
493
522
25
77
388
78
330
418
79
239
730
80
667
727
56
81
1009
82
168
222
83
444
866
84
631
975
85
428
953
86
249
780
87
180
450
88
394
946
89
429
925
90
632
738
91
180
425
92
282
607
93
828
851
94
682
955
91
95
905
96
601
625
70
97
954
98
223
1004
99
274
524
100
149
816
101
293
440
0
102
137
103
340
420
104
132
317
105
597
852
106
280
893
107
866
881
108
198
224
109
255
865
110
350
816
111
193
214
6
16
112
113
561
822
114
410
635
115
769
944
116
414
1016
117
303
620
118
336
980
110
119
551
120
464
808
121
501
815
122
184
229
123
180
996
35
124
181
125
392
412
126
141
777
127
413
905
79
128
202
129
735
928
130
178
1011
131
495
823
132
580
605
133
415
763
134
463
669
135
239
385
136
534
991
137
408
439
114
138
152
10
139
773
44
140
830
141
767
1011
142
180
751
143
158
425
144
541
756
15
145
388
146
461
484
147
627
791
148
478
840
149
267
663
139
150
704
108
151
989
152
438
744
131
153
223
154
299
488
155
317
929
97
156
379
157
612
949
150
158
320
159
535
892
160
324
631
161
578
614
80
162
492
163
227
383
164
216
248
121
165
1007
166
967
995
167
408
891
132
138
168
169
775
895
170
344
638
171
308
610
172
348
566
173
195
573
174
556
913
175
754
794
176
262
494
177
494
813
178
297
896
179
370
577
180
538
971
21
181
509
134
182
372
183
289
789
161
184
990
118
185
426
151
186
292
187
988
1011
188
918
995
10
189
923
190
202
454
191
506
931
186
192
576
193
243
677
73
194
615
195
567
747
71
196
988
197
260
299
198
502
1002
22
199
619
200
260
896
96
201
928
163
202
765
203
358
671
204
351
727
186
205
486
195
206
668
32
207
754
208
382
490
12
209
990
176
210
267
211
368
919
53
212
700
213
772
947
214
619
847
215
646
955
197
216
351
158
217
671
218
436
995
219
402
629
220
249
328
221
374
746
142
222
467
152
223
454
224
575
818
188
225
345
226
328
486
227
895
940
228
999
1008
116
229
287
230
438
1011
231
727
872
232
283
436
233
460
829
66
234
1021
235
436
864
79
236
815
129
237
602
238
361
809
141
189
239
125
240
980
4
241
705
242
839
933
74
243
700
50
244
736
245
464
760
106
246
342
0
247
911
248
482
796
97
249
856
250
558
824
54
251
465
95
252
362
253
264
756
254
335
501
255
323
809
256
761
908
202
257
792
193
258
327
5
259
686
148
260
892
261
339
779
262
729
938
263
557
607
264
442
973
265
460
575
266
479
508
267
339
643
36
268
357
269
284
877
270
651
964
271
394
604
272
563
724
223
273
337
110
274
752
41
275
987
30
276
597
277
783
987
278
368
569
279
483
829
143
280
880
206
281
391
282
642
1019
283
590
743
284
328
738
56
285
375
30
225
286
262
287
787
65
288
326
289
711
788
290
901
973
291
811
959
9
292
535
192
293
842
188
294
774
81
295
854
12
296
615
297
449
619
115
298
379
299
585
835
300
322
604
132
301
459
302
542
730
303
855
984
304
316
588
71
305
562
220
306
550
307
354
909
21
231
308
19
309
443
58
200
310
147
311
355
12
312
942
224
313
974
188
314
330
315
529
802
115
316
438
317
557
919
270
318
980
319
416
592
274
320
841
321
921
1009
252
322
522
317
323
338
310
324
690
249
325
625
326
430
980
324
327
601
328
496
675
252
329
831
330
603
689
331
904
1023
180
332
914
93
333
652
334
529
961
335
345
708
305
336
915
337
481
841
323
338
837
339
390
908
340
699
810
341
644
645
70
342
827
291
326
343
344
710
889
203
345
771
111
346
875
347
752
777
245
348
561
349
466
624
350
628
667
50
272
351
170
352
434
69
353
511
354
802
832
355
603
1011
119
312
356
357
715
864
104
358
365
359
472
859
341
360
753
361
468
766
362
768
786
363
398
688
364
368
796
124
365
894
324
366
897
316
367
1013
368
530
620
369
509
586
251
257
370
74
371
950
209
372
990
272
373
688
374
702
924
19
86
375
205
376
831
214
377
561
205
378
976
379
633
959
89
380
449
225
381
822
382
568
883
236
383
963
97
347
384
150
385
898
12
386
767
114
387
809
388
724
968
389
526
530
371
390
638
359
391
555
392
466
600
11
393
539
394
909
968
395
595
763
173
396
409
306
397
688
63
398
818
399
691
698
366
400
482
189
401
639
167
402
635
219
294
403
33
404
442
156
405
830
271
406
512
407
699
735
408
490
880
113
409
880
410
702
799
411
826
1015
362
412
455
30
413
735
414
758
787
415
461
545
416
426
679
276
417
753
105
418
988
162
202
419
274
420
905
4
415
421
125
422
903
264
423
583
424
579
737
425
448
513
287
426
438
234
294
427
296
428
659
429
847
878
253
430
730
160
292
431
191
432
904
8
297
433
6
434
863
435
565
968
436
599
889
437
508
695
6
438
910
439
537
762
25
440
732
441
603
756
424
442
742
104
286
443
444
705
915
445
969
991
436
446
913
132
447
697
2
448
634
449
810
958
78
450
977
340
451
764
452
817
898
150
181
453
311
454
730
318
455
489
456
703
921
0
457
885
458
982
992
306
459
857
19
460
906
461
526
755
394
462
939
463
562
798
464
643
907
452
465
488
386
466
911
467
651
1008
45
468
684
139
399
469
163
470
946
471
628
969
472
775
800
385
473
624
418
474
573
475
898
1008
472
476
511
477
500
802
159
478
567
479
568
718
480
829
1019
117
481
831
37
482
862
182
404
483
484
518
885
485
565
747
111
209
486
94
431
487
202
488
585
391
489
607
95
245
490
239
466
491
58
492
914
493
528
945
494
772
992
495
510
875
496
511
541
398
485
497
185
498
872
389
499
872
401
500
1005
501
599
789
502
745
913
76
119
503
161
223
504
505
517
1007
206
506
637
507
633
868
398
508
732
509
528
922
67
510
714
511
548
808
57
512
726
29
348
513
488
514
910
487
515
551
260
516
873
351
486
517
518
879
945
237
519
968
376
506
520
512
521
956
522
666
770
245
523
803
86
518
524
199
525
969
219
526
557
93
285
527
79
80
528
307
529
1001
530
644
870
92
531
809
532
871
985
59
533
878
458
534
602
306
374
535
102
536
746
537
566
1022
197
538
997
539
561
583
326
540
819
541
576
683
542
812
970
543
755
871
85
378
544
61
307
545
407
546
632
363
547
561
548
932
980
194
549
550
219
550
976
272
551
734
395
552
904
553
841
869
127
554
1015
244
509
555
78
556
747
39
557
635
189
558
566
486
559
867
251
560
672
488
561
741
177
335
562
197
558
563
186
392
564
554
565
864
500
532
566
567
694
824
80
568
798
475
569
934
182
570
702
289
361
571
18
167
572
14
573
751
48
574
793
150
505
575
134
576
688
577
579
671
511
578
1021
36
579
797
396
580
741
94
581
643
582
583
811
329
583
952
144
584
633
48
376
585
556
586
607
587
671
878
588
721
1014
466
589
925
347
559
590
591
637
900
124
592
632
258
593
891
140
594
1003
63
440
595
29
596
647
474
597
760
304
598
914
2
599
904
330
480
600
601
842
919
209
602
688
521
603
920
171
555
604
95
605
929
524
606
709
154
607
793
498
608
767
353
497
609
209
409
610
611
835
918
264
612
989
320
613
865
436
586
614
17
615
656
571
608
616
119
617
722
152
618
734
196
475
619
527
620
790
412
494
621
566
622
711
141
623
683
624
759
936
625
663
709
226
578
626
494
627
693
460
628
809
251
629
927
500
630
891
517
560
631
619
632
734
121
303
633
634
758
928
176
512
635
120
636
719
351
637
873
125
500
638
99
328
639
640
740
937
560
640
641
534
642
874
643
743
852
497
644
990
172
221
645
156
366
646
70
397
647
648
926
963
343
544
649
410
650
654
190
241
651
636
652
713
209
357
653
483
654
722
207
290
655
230
523
656
173
365
657
132
606
658
120
659
814
660
679
904
661
782
1014
662
884
995
272
306
663
343
494
664
186
575
665
188
365
666
258
345
667
596
668
895
174
506
669
153
670
1007
397
469
671
410
672
941
153
673
773
60
674
803
551
558
675
676
861
969
56
171
677
567
678
768
679
842
882
229
680
763
493
681
938
197
553
682
78
681
683
270
410
684
570
685
794
267
507
686
343
687
842
518
688
717
552
689
915
150
174
690
287
670
691
291
692
980
693
724
813
209
525
694
184
695
918
600
651
696
310
520
697
405
485
698
225
366
699
224
527
700
13
701
997
554
702
937
305
703
862
704
765
875
27
193
705
51
333
706
122
707
991
258
708
711
38
578
709
342
710
825
605
711
964
496
712
715
129
713
862
407
714
802
158
715
870
346
681
716
407
717
991
304
586
718
182
719
895
141
346
720
453
645
721
240
619
722
185
642
723
277
678
724
500
610
725
64
726
920
418
627
727
448
728
879
681
729
897
730
799
870
89
731
905
10
450
732
549
733
927
94
572
734
735
779
788
110
510
736
53
129
737
4
723
738
403
739
782
18
227
740
227
741
743
359
742
935
33
743
1005
281
744
856
17
409
745
159
746
883
283
494
747
339
748
768
105
749
776
39
623
750
287
751
976
191
415
752
395
571
753
260
690
754
231
755
762
99
573
756
28
597
757
219
343
758
691
759
856
186
615
760
594
648
761
255
762
841
382
639
763
652
764
892
212
551
765
330
609
766
150
767
925
101
464
768
769
770
822
304
505
770
40
344
771
364
556
772
84
678
773
144
774
1020
64
603
775
462
679
776
718
777
833
377
513
778
606
768
779
690
780
801
77
382
781
682
710
782
107
781
783
450
784
871
96
271
785
583
664
786
369
787
853
149
512
788
320
569
789
362
766
790
366
791
952
250
792
875
89
793
864
316
762
794
178
317
795
796
917
1011
121
797
885
329
531
798
57
799
911
731
800
823
41
801
857
261
593
802
34
803
969
48
804
920
763
798
805
374
806
817
67
423
807
345
803
808
539
809
856
277
638
810
532
766
811
286
801
812
236
300
813
318
503
814
430
633
815
196
689
816
817
851
926
294
304
818
284
660
819
189
321
820
198
821
843
157
622
822
57
90
823
269
702
824
508
658
825
489
777
826
88
611
827
160
306
828
777
829
873
23
505
830
331
831
972
738
832
1016
699
833
839
834
875
1017
132
395
835
110
836
845
83
311
837
766
815
838
273
382
839
82
767
840
121
519
841
138
842
923
253
634
843
149
844
924
262
845
940
217
588
846
503
582
847
466
839
848
310
707
849
792
850
966
98
242
851
140
852
994
241
549
853
221
854
996
855
882
902
164
496
856
280
376
857
165
196
858
356
510
859
356
527
860
400
475
861
386
862
1019
425
428
863
864
876
1018
65
717
865
175
866
931
359
784
867
174
298
868
296
707
869
621
870
1013
112
871
993
32
743
872
398
704
873
337
607
874
72
819
875
298
548
876
272
711
877
163
839
878
414
601
879
604
721
880
418
881
971
146
218
882
230
681
883
765
884
911
639
885
906
271
273
886
342
545
887
251
469
888
312
859
889
438
801
890
142
891
936
705
892
952
453
868
893
101
894
999
472
895
953
289
502
896
504
735
897
498
791
898
703
829
899
192
870
900
378
901
977
830
899
902
471
903
959
37
761
904
522
793
905
715
793
906
462
907
955
154
498
908
171
484
909
7
765
910
318
826
911
345
587
912
800
913
956
361
842
914
60
617
915
322
916
1015
305
628
917
32
615
918
355
573
919
629
647
920
149
834
921
235
631
922
48
410
923
548
748
924
636
692
925
340
829
926
365
448
927
226
926
928
388
590
929
290
585
930
286
669
931
15
52
932
52
835
933
303
382
934
617
658
935
179
671
936
365
829
937
365
816
938
190
605
939
611
758
940
143
321
941
700
783
942
31
292
943
464
810
944
255
639
945
325
447
946
84
589
947
735
948
999
914
934
949
379
643
950
845
951
960
22
771
952
362
948
953
632
770
954
138
455
955
508
583
956
579
956
957
772
847
958
839
954
959
769
777
960
144
348
961
618
962
995
359
963
966
306
941
964
294
507
965
529
966
1006
601
800
967
237
933
968
1
799
969
66
494
970
807
971
983
492
894
972
123
913
973
528
888
974
43
424
975
597
664
976
496
529
977
616
655
978
542
952
979
347
579
980
672
714
981
122
309
982
41
198
983
188
454
984
266
940
985
429
484
986
88
564
987
82
827
988
152
989
1014
157
539
990
44
352
991
368
668
992
166
717
993
81
847
994
284
476
995
377
645
996
62
886
997
5
151
998
646
659
999
607
980
1000
76
299
1001
74
630
1002
486
544
1003
281
450
1004
154
726
1005
612
643
1006
144
867
1007
356
377
1008
398
550
1009
751
830
1010
429
489
1011
408
526
1012
257
901
1013
302
893
1014
444
769
1015
496
817
1016
10
552
1017
397
994
1018
162
337
1019
423
760
1020
389
634
1021
561
655
1022
533
825
1023
0.630254
0.727994
0.763204
0.863959
0.113534
0.97909
0.212272
0.809479
0.759622
0.362465
0.931305
0.33553
0.711468
0.766829
0.0953
0.049708
0.705291
0.781666
0.297172
0.579477
0.949454
0.508739
0.153382
0.961094
0.417011
0.331043
0.677583
0.126532
0.916363
0.613301
0.430831
0.4711
0.899851
0.001869
0.284526
0.579463
0.962396
0.557796
0.84368
0.707946
0.222262
0.342897
0.577689
0.158143
0.278506
0.679499
0.102622
0.688445
0.221359
0.248796
0.787045
0.641613
0.557037
0.745739
0.015343
0.649792
0.430093
0.724457
0.338954
0.588072
0.744322
0.527587
0.008818
0.912392
0.366622
0.277111
0.037473
0.862108
0.279916
0.993218
0.891912
0.669062
0.365994
0.722229
0.695002
0.158758
0.139913
0.860772
0.852042
0.126844
0.01341
0.232667
0.668452
0.71663
0.294016
0.334103
0.938412
0.162466
0.372659
0.137597
0.504126
0.942449
0.24572
0.873892
0.261546
0.144313
0.592876
0.653416
0.340692
0.779017
0.162176
0.725667
0.441969
0.953168
0.731084
0.555146
0.861014
0.374022
0.209688
0.033908
0.870616
0.567156
0.19026
0.023309
0.183143
0.287999
0.853749
0.696406
0.249481
0.36483
0.759179
0.519258
0.306989
0.458624
0.313784
0.802992
0.335739
0.062546
0.99853
0.851133
0.804161
0.825845
0.695615
0.65136
0.576679
0.534953
0.544015
0.638122
0.96403
0.321546
0.708928
0.06369
0.043775
0.799787
0.445576
0.687515
0.842453
0.828621
0.541127
0.380854
0.287813
0.340605
0.423932
0.911468
0.709449
0.744112
0.182815
0.127597
0.874881
0.608768
0.187861
0.286563
0.361252
0.790089
0.662373
0.411815
0.520846
0.327423
0.200877
0.907976
0.958469
0.953518
0.952356
0.454838
0.869071
0.465487
0.241968
0.550831
0.939632
0.224261
0.643857
0.051362
0.539748
0.906431
0.413905
0.602441
0.837303
0.586989
0.157081
0.416692
0.279376
0.693622
0.411779
0.870875
0.612914
0.903893
0.443817
0.213455
0.530931
0.048073
0.193728
0.93319
0.512687
0.825306
0.666155
0.448153
0.10926
0.265291
0.611759
0.987243
0.49806
0.272065
0.196904
0.527746
0.02689
0.364074
0.943621
0.336356
0.84289
0.63134
0.169069
0.784126
0.544698
0.047498
0.043234
0.888206
0.980741
0.11084
0.328535
0.85204
0.750444
0.677796
0.429292
0.316872
0.986951
0.08012
0.129258
0.451313
0.154069
0.593831
0.768893
0.491239
0.237177
0.14472
0.229902
0.587653
0.661944
0.192929
0.17158
0.339672
0.892591
0.307678
0.080927
0.689503
0.852469
0.659623
0.742676
0.115666
0.00103
0.147805
0.819605
0.744129
0.807112
0.756525
0.462186
0.342847
0.309559
0.671048
0.133886
0.041524
0.809662
0.776957
0.139296
0.962876
0.359946
0.382687
0.814082
0.598545
0.414151
0.305773
0.097934
0.493109
0.031484
0.97852
0.858664
0.097288
0.002804
0.04036
0.165534
0.433985
0.945288
0.886153
0.064998
0.052606
0.77574
0.900377
0.927139
0.450589
0.5951
0.664588
0.851839
0.124598
0.291748
0.245565
0.237785
0.694719
0.733306
0.414191
0.353052
0.718406
0.298447
0.056743
0.799147
0.520835
0.841876
0.790259
0.852876
0.774908
0.561498
0.321445
0.884678
0.728326
0.776108
0.821294
0.660353
0.422296
0.024741
0.658327
0.852701
0.907333
0.82568
0.370566
0.70431
0.598074
0.964571
0.306402
0.54166
0.618117
0.554329
0.062841
0.412008
0.19158
0.180448
0.439451
0.363941
0.326064
0.283028
0.866344
0.988165
0.311926
0.237018
0.463137
0.064239
0.359253
0.075397
0.051408
0.839954
0.9337
0.895121
0.290355
0.773285
0.292703
0.082849
0.347411
0.341189
0.571878
0.613863
0.777648
0.099569
0.775159
0.417227
0.03448
0.203887
0.965654
0.217556
0.416204
0.197019
0.526962
0.345404
0.373658
0.505491
0.130979
0.986977
0.872481
0.780616
0.214901
0.084573
0.91992
0.294448
0.386745
0.474298
0.093199
0.915656
0.382092
0.434771
0.091675
0.377815
0.087672
0.330852
0.855031
0.120555
0.906593
0.434389
0.026171
0.083736
0.110396
0.770268
0.579824
0.687121
0.378909
0.061512
0.451779
0.763535
0.834947
0.705219
0.66386
0.821497
0.224835
0.595572
0.420907
0.488072
0.997421
0.250139
0.057757
0.794604
0.40774
0.207539
0.248187
0.442535
0.795654
0.854199
0.80465
0.531697
0.232487
0.714722
0.21098
0.209303
0.226353
0.164146
0.776826
0.732817
0.356994
0.861414
0.245704
0.930988
0.468334
0.379587
0.427658
0.915834
0.344155
0.369453
0.888185
0.065726
0.186261
0.815088
0.187061
0.774339
0.790687
0.942851
0.21805
0.815251
0.213213
0.512034
0.476119
0.593189
0.025697
0.706767
0.600512
0.727728
0.387397
0.331494
0.471619
0.009137
0.888985
0.273571
0.36526
0.822864
0.883186
0.385274
0.302446
0.382864
0.922375
0.421843
0.709942
0.120293
0.657335
0.289314
0.952765
0.932197
0.118268
0.961166
0.381711
0.703013
0.232829
0.615886
0.719911
0.847557
0.460137
0.309456
0.668653
0.468559
0.027791
0.584657
0.87128
0.14092
0.199814
0.860528
0.090278
0.145291
0.457432
0.569196
0.899185
0.65846
0.717481
0.572786
0.568693
0.504482
0.695635
0.158712
0.654805
0.148664
0.751695
0.621359
0.902948
0.339435
0.727907
0.39073
0.006318
0.089615
0.911768
0.607639
0.453587
0.71851
0.72199
0.134086
0.613131
0.677414
0.181086
0.407885
0.308063
0.776729
0.147915
0.022039
0.23925
0.25996
0.621785
0.560234
0.915907
0.290105
0.785841
0.958666
0.866479
0.995637
0.475559
0.740377
0.615918
0.092817
0.443729
0.344895
0.70652
0.058049
0.854783
0.361623
0.095684
0.815037
0.218803
0.740507
0.503897
0.386873
0.77607
0.926322
0.870938
0.830483
0.155122
0.431373
0.882862
0.601251
0.876343
0.811588
0.031799
0.90071
0.416045
0.297471
0.102428
0.740712
0.077644
0.648903
0.804613
0.330767
0.945865
0.89237
0.112815
0.245483
0.650471
0.894565
0.024701
0.352251
0.944745
0.595182
0.238153
0.242706
0.052147
0.469315
0.887441
0.840209
0.673901
0.273431
0.719522
0.241354
0.460764
0.174033
0.644516
0.640217
0.87224
0.360765
0.076825
0.830038
0.996473
0.278893
0.198915
0.935476
0.162954
0.368992
0.516169
0.727516
0.494857
0.413111
0.062563
0.72902
0.076991
0.452991
0.009346
0.720772
0.79283
0.764879
0.199722
0.735343
0.113213
0.493101
0.608863
0.18711
0.043299
0.648668
0.49827
0.765917
0.51268
0.579149
0.383297
0.251676
0.924903
0.497958
0.304516
0.679928
0.352615
0.200726
0.057687
0.720249
0.124241
0.184914
0.170582
0.520919
0.440761
0.847886
0.042244
0.178482
0.574995
0.134463
0.762813
0.927714
0.74514
0.812012
0.997644
0.060665
0.540331
0.119717
0.011822
0.617837
0.376048
0.800346
0.549296
0.830306
0.103392
0.996166
0.996348
0.383746
0.032786
0.723541
0.051911
0.34492
0.711855
0.366374
0.68218
0.746515
0.53617
0.680878
0.058662
0.172894
0.923727
0.725727
0.139394
0.904223
0.829781
0.408185
0.091387
0.848116
0.29401
0.772212
0.177191
0.170159
0.192185
0.460946
0.085884
0.065
0.279968
0.090184
0.478017
0.187746
0.707177
0.983648
0.520326
0.721337
0.402277
0.259649
0.72218
0.990787
0.959302
0.327835
0.313975
0.168584
0.779908
0.665269
0.759875
0.307909
0.187189
0.126822
0.74054
0.426986
0.612081
0.538311
0.749501
0.832949
0.495733
0.07222
0.038844
0.652728
0.286223
0.884053
0.51478
0.351922
0.853464
0.407544
0.483002
0.530799
0.677639
0.781308
0.558026
0.577819
0.385582
0.624191
0.826067
0.526836
0.502555
0.363061
0.654833
0.594627
0.962699
0.733214
0.864203
0.371427
0.91058
0.693023
0.222912
0.566027
0.608462
0.516694
0.155787
0.226895
0.87265
0.039153
0.0379
0.168086
0.932732
0.035255
0.755274
0.319198
0.659339
0.344346
0.434163
0.934143
0.337514
0.933533
0.635076
0.729336
0.454943
0.780825
0.562748
0.381617
0.826977
0.442866
0.937
0.858942
0.5152
0.446635
0.368107
0.481051
0.341659
0.894534
0.478026
0.495224
0.518366
0.98767
0.629686
0.924885
0.559149
0.555289
0.335829
0.035549
0.81427
0.435937
0.903138
0.248734
0.893154
0.450143
0.773578
0.146723
0.691534
0.233312
0.794873
0.170532
0.899325
0.732709
0.793544
0.129071
0.86356
0.857766
0.4434
0.813463
0.409236
0.726273
0.236349
0.143478
0.044287
0.331418
0.045735
0.684021
0.010911
0.381469
0.477872
0.663318
0.514575
0.275494
0.567879
0.039153
0.905541
0.172982
0.694966
0.806777
0.832088
0.249847
0.599507
0.687045
0.186061
0.679185
0.034577
0.191653
0.981586
0.113337
0.249269
0.172268
0.797536
0.579643
0.845545
0.17942
0.360984
0.463142
0.038055
0.950896
0.525041
0.72463
0.912489
0.844845
0.1892
0.960007
0.153172
0.20511
0.282165
0.21418
0.611749
0.071064
0.31765
0.134569
0.771312
0.367343
0.035014
0.409473
0.844282
0.799693
0.165288
0.823879
0.2272
0.810435
0.547617
0.690574
0.714811
0.047923
0.470704
0.054898
0.989021
0.566063
0.663773
0.786925
0.955674
0.79177
0.349756
0.775628
0.857166
0.512587
0.539252
0.417335
0.288224
0.592317
0.497104
0.449351
0.548954
0.701805
0.554361
0.262512
0.766612
0.145869
0.442848
0.92743
0.985673
0.495029
0.828295
0.386914
0.383127
0.117897
0.539889
0.324087
0.483865
0.337591
0.205998
0.417878
0.377134
0.424805
0.799765
0.516377
0.056885
0.196851
0.991854
0.144233
0.435611
0.60446
0.089361
0.444916
0.616055
0.237173
0.335963
0.389288
0.54681
0.88947
0.104505
0.221587
0.062437
0.441321
0.778827
0.261589
0.347734
0.918992
0.292693
0.289991
0.703337
0.984479
0.050085
0.495793
0.333075
0.53271
0.158021
0.986862
0.336079
0.377321
0.579127
0.559359
0.938539
0.368372
0.419099
0.541143
0.092579
0.957628
0.69205
0.8282
0.972619
0.994766
0.839827
0.547216
0.332484
0.922483
0.583321
0.876885
0.891003
0.846272
0.025477
0.625191
0.127116
0.328753
0.361627
0.499018
0.362972
0.240197
0.707003
0.155495
0.032445
0.67276
0.775102
0.562802
0.147649
0.667981
0.56587
0.574585
0.249733
0.246823
0.023516
0.8731
0.213625
0.909106
0.777986
0.103341
0.641587
0.326362
0.726732
0.731376
0.094618
0.940098
0.681609
0.124543
0.908816
0.927805
0.533251
0.945407
0.948035
0.169916
0.492771
0.565082
0.781384
0.100061
0.903045
0.322672
0.424401
0.140525
0.916964
0.201074
0.85663
0.046208
0.269672
0.74596
0.831367
0.785411
0.270354
0.790911
0.416644
0.500939
0.576478
0.82396
0.335131
0.58818
0.563438
0.263779
0.192923
0.894939
0.310039
0.429885
0.002855
0.818093
0.104979
0.4338
0.71371
0.261845
0.82814
0.574083
0.35218
0.530102
0.235729
0.093856
0.050314
0.698585
0.071333
0.664584
0.378731
0.810224
0.776638
0.592437
0.534977
0.844974
0.274333
0.486035
0.52007
0.62038
0.006873
0.731725
0.841577
0.793318
0.24942
0.104809
0.41769
0.785196
0.35978
0.353685
0.161229
0.593888
0.5168
0.368516
0.414144
0.510313
0.851821
0.247659
0.782475
0.776417
0.065699
0.036473
0.698168
0.95832
0.11807
0.473092
0.203058
0.963419
0.599517
0.328038
0.934684
0.511048
0.433445
0.420082
0.549121
0.148553
0.560201
0.810161
0.094257
0.022687
0.872065
0.565491
0.815942
0.370035
0.599759
0.308946
0.29784
0.236477
0.631463
0.560033
0.798662
0.075874
0.113419
0.091676
0.709083
0.519083
0.381265
0.22707
0.660107
0.041292
0.684845
0.131839
0.426005
0.516976
0.120847
0.208888
0.071746
0.405593
0.246158
0.811756
0.513897
0.710373
0.59239
0.677881
0.833952
0.342524
0.019603
0.087451
0.449501
0.223027
0.979036
0.721713
0.187694
0.183757
0.188591
0.635084
0.037047
0.769654
0.267663
0.393603
0.859887
0.646673
0.898269
0.51972
0.211994
0.133007
0.337578
0.146767
0.316182
0.021648
0.687162
0.299416
0.088349
0.07796
0.346768
0.485291
0.271385
0.89351
0.708861
0.134956
0.622543
0.036484
0.344847
0.858208
0.538136
0.462484
0.456173
0.756172
0.517409
0.489896
0.640007
0.100354
0.049045
0.421276
0.509376
0.502947
0.378168
0.916125
0.822923
0.794332
0.669558
0.151619
0.029908
0.531798
0.183818
0.111041
0.159397
0.688526
0.350263
0.389469
0.295323
0.197056
0.366039
0.545036
0.295509
0.641581
0.732338
0.766305
0.292524
0.00468
0.125661
0.441759
0.116599
0.270291
0.630348
0.447789
0.802836
0.699008
0.827011
0.784334
0.083597
0.341589
0.961328
0.947785
0.094656
0.827048
0.588974
0.092048
0.581534
0.998337
0.742125
0.11003
0.914504
0.761897
0.570471
0.909228
0.533639
0.662832
0.797297
0.165286
0.06401
0.072576
0.626925
0.716356
0.845726
0.045213
0.238104
0.964854
0.810537
0.838274
0.116137
0.254814
0.396408
0.242108
0.129103
0.540877
0.712052
0.610965
0.144015
0.366478
0.904174
0.799886
0.757041
0.421898
0.263528
0.881699
0.417336
0.48269
0.642689
0.445431
0.500638
0.713596
0.407574
0.161673
0.968091
0.080404
0.47325
0.172173
0.486574
0.156446
0.306813
0.634015
0.842739
0.372993
0.561336
0.768548
0.136632
0.964046
0.887649
0.952992
0.129905
0.030502
0.407528
0.685507
0.520574
0.390482
0.768152
0.434084
0.617858
0.494886
0.540928
0.020692
0.804221
0.107535
0.862745
0.721127
0.295538
0.360151
0.322476
0.282593
0.405393
0.103739
0.025567
0.862798
0.192682
0.101048
0.397631
0.493764
0.918576
0.098226
0.392627
0.523247
0.015613
0.087652
0.690736
0.93486
0.175134
0.930739
0.180534
0.646181
0.875265
0.074498
0.295128
0.981422
0.102057
0.88254
0.939418
0.812783
0.146014
0.774519
0.556768
0.568376
0.193995
0.007532
0.070181
0.040926
0.664501
0.908154
0.430528
0.754937
0.340309
0.329812
0.942874
0.090607
0.932804
0.066094
0.669274
0.810082
0.072149
0.497315
0.107535
0.169414
0.80962
0.403894
0.331242
0.296535
0.959336
0.087529
0.283781
0.828155
0.93423
0.41658
0.317229
0.214329
0.956492
0.711585
0.100295
0.954709
0.800394
0.483174
0.014255
0.176188
0.342281
0.503042
0.225453
0.036934
0.34803
0.111496
0.008438
0.799362
0.797715
0.232074
0.443673
0.93101
0.469543
0.010012
0.92052
0.660704
0.939254
0.622285
0.242605
0.214658
0.595094
0.896681
0.472525
0.242139
0.454175
0.549764
0.662305
0.274679
0.846214
0.006269
0.279088
0.212566
0.474522
0.773435
0.522399
0.313731
0.432941
0.170662
0.540166
0.181607
0.154785
0.979757
0.96366
0.903071
0.832169
0.182092
0.649791
0.361221
0.137716
0.372788
0.135974
0.330441
0.018401
0.604519
0.116838
0.110286
0.876771
0.535232
0.08745
0.65
0.800713
0.689717
0.695939
0.439321
0.761721
0.658205
0.34295
0.684786
0.288623
0.620728
0.823121
0.646282
0.236721
0.762508
0.729871
0.235279
0.538533
0.578811
0.51593
0.504396
0.491198
0.439661
0.821043
0.567341
0.854376
0.119349
0.270551
0.619078
0.980584
0.794673
0.712741
0.509768
0.694522
0.062598
0.664364
0.446415
0.293653
0.334443
0.283329
0.448309
0.638393
0.188407
0.744253
0.812461
0.371392
0.073203
0.617116
0.247196
0.694761
0.648651
0.69905
0.127888
0.971482
0.383188
0.953301
0.063308
0.647109
0.963498
0.16032
0.123237
0.435756
0.499718
0.247674
0.084597
0.590591
0.049279
0.391545
0.307166
0.173838
0.239067
0.081054
0.538587
0.088767
0.400631
0.967325
0.946183
0.206443
0.342958
0.320578
0.574043
0.976739
0.587488
0.867228
0.40393
0.147469
0.044927
0.670494
0.968012
0.528381
0.360715
0.194407
0.393974
0.835756
0.558792
0.964224
0.445745
0.285234
0.85829
0.294407
0.637044
0.219746
0.060902
0.668276
0.384244
0.591541
0.931544
0.245922
0.868708
0.149959
0.020762
0.863278
0.602335
0.275018
0.828696
0.892606
0.05064
0.769701
0.461377
0.65229
0.964769
0.619061
0.576308
0.194017
0.311823
0.544058
0.59164
0.489612
0.419494
0.575877
0.82864
0.952783
0.922167
0.341154
0.419149
0.918333
0.552681
0.752315
0.449321
0.488284
0.180682
0.686611
0.141758
0.19586
0.911382
0.396165
0.174492
0.823527
0.125693
0.80612
0.794213
0.203705
0.266412
0.635122
0.134824
0.270839
0.041246
0.316096
0.823633
0.725139
0.303648
0.254836
0.321686
0.719087
0.595499
0.983038
0.395739
0.311869
0.795291
0.324496
0.581194
0.688054
0.961775
0.765518
0.674898
0.039899
0.972423
0.5332
0.835069
0.232217
0.148803
0.401867
0.946178
0.309976
0.423158
0.324419
0.616846
0.298086
0.52307
0.46017
0.519794
0.052099
0.443796
0.189344
0.876546
0.819048
0.409329
0.404206
0.017912
0.017924
0.617583
0.12533
0.418033
0.831539
0.710237
0.910989
0.253382
0.880485
0.05978
0.437449
0.068292
0.237099
0.637982
0.57319
0.348674
0.218804
0.939614
0.064753
0.460687
0.844083
0.668396
0.542165
0.842121
0.353896
0.282271
0.824062
0.041634
0.827755
0.410522
0.846063
0.619574
0.830802
0.681848
0.178723
0.09553
0.895369
0.677899
0.962696
0.286771
0.813061
0.73043
0.386643
0.078727
0.695695
0.859251
0.053501
0.926563
0.328755
0.807224
0.502043
0.194081
0.937161
0.481977
0.314711
0.305509
0.266771
0.551695
0.481487
0.847859
0.141987
0.617088
0.275416
0.268303
0.194398
0.332074
0.07983
0.948518
0.413608
0.086384
0.288025
0.580446
0.826365
0.50959
0.397884
0.793183
0.624878
0.325041
0.165621
0.322664
0.456344
0.257469
0.431705
0.021222
0.912821
0.778515
0.48774
0.522411
0.856526
0.460781
0.596633
0.485313
0.599064
0.326069
0.026586
0.84265
0.472353
0.174735
0.621946
0.284611
0.574239
0.052019
0.07779
0.004818
0.343432
0.799784
0.882009
0.413094
0.359179
0.783415
0.419168
0.028039
0.825238
0.091967
0.637254
0.243869
0.00956
0.23953
0.012428
0.671752
0.331793
0.508906
0.650454
0.015381
0.815992
0.844532
0.7562
0.120611
0.473055
0.165274
0.101469
0.507833
0.964564
0.616475
0.442777
0.905593
0.138016
0.498096
0.237261
0.783076
0.393423
0.653506
0.606386
0.313363
0.776053
0.99978
0.432759
0.956391
0.511808
0.46152
0.826496
0.054439
0.961323
0.394032
0.406803
0.283559
0.758738
0.889349
0.898273
0.306676
0.176732
0.809608
0.094713
0.922504
0.845568
0.124532
0.621631
0.216173
0.276229
0.770202
0.062246
0.386389
0.513711
0.675433
0.423107
0.542132
0.940665
0.466307
0.773664
0.88085
0.631842
0.180676
0.910357
0.565335
0.782985
0.161926
0.298359
0.73501
0.895478
0.14422
0.999624
0.182073
0.674657
0.027468
0.046142
0.689519
0.558424
0.142261
0.194672
0.800167
0.954185
0.531441
0.792147
0.132891
0.852865
0.862918
0.663641
0.523475
0.433245
0.31615
0.682834
0.242047
0.600223
0.157726
0.985087
0.941937
0.676618
0.592988
0.567966
0.388855
0.956239
0.918575
0.267414
0.802223
0.514922
0.931072
0.607864
0.916152
0.979822
0.900581
0.270642
0.101173
0.072647
0.149538
0.603033
0.915113
0.498532
0.72171
0.215102
0.287775
0.945157
0.519708
0.086718
0.659992
0.607785
0.987545
0.299838
0.392758
0.453371
0.855894
0.537495
0.6231
0.51519
0.048901
0.264398
0.39048
0.712761
0.531413
0.506065
0.552862
0.014654
0.619441
0.468198
0.465679
0.779484
0.842113
0.522425
0.649604
0.694058
0.81139
0.902645
0.350457
0.546931
0.517998
0.514331
0.689697
0.588053
0.871959
0.813447
0.000471
0.771111
0.618885
0.756626
0.344139
0.942896
0.575543
0.021437
0.733946
0.946759
0.146114
0.469511
0.218001
0.865205
0.918579
0.363915
0.282735
0.518389
0.370337
0.009106
0.03761
0.859294
0.514655
0.820562
0.752751
0.971861
0.165224
0.621109
0.764345
0.27878
0.212475
0.933736
0.965553
0.531282
0.353594
0.337247
0.303845
0.458102
0.728817
0.171412
0.393527
0.965775
0.506254
0.972886
0.203894
0.106325
0.026763
0.880502
0.133502
0.702178
0.079062
0.075727
0.648756
0.716019
0.087106
0.364395
0.401313
0.301371
0.506095
0.332618
0.849208
0.560859
0.916487
0.419857
0.888152
0.904572
0.399608
0.77766
0.581497
0.481432
0.93183
0.911423
0.73285
0.14605
0.904812
0.626114
0.681523
0.709546
0.559737
0.655187
0.666825
0.050462
0.556646
0.925765
0.406457
0.214493
0.602909
0.590468
0.404496
0.205734
0.539896
0.979999
0.314662
0.584109
0.939402
0.362074
0.777781
0.480187
0.682484
0.001807
0.604822
0.037459
0.251136
0.531695
0.387428
0.471923
0.798344
0.466327
0.592284
0.597443
0.499117
0.478712
0.214198
0.094773
0.994349
0.709261
0.28054
0.43233
0.115082
0.519081
0.717421
0.899351
0.933634
0.415828
0.987595
0.770681
0.815887
0.813048
0.896736
0.033182
0.653793
0.31101
0.848786
0.027499
0.503518
0.885534
0.371009
0.274532
0.949065
0.889367
0.875539
0.473489
0.415824
0.933097
0.45756
0.575032
0.170061
0.783766
0.395982
0.822945
0.914705
0.776826
0.058406
0.68856
0.163765
0.129968
0.37033
0.26688
0.590374
0.822765
0.506014
0.698288
0.888018
0.461472
0.054986
0.022498
0.718924
0.350109
0.646586
0.926334
0.41326
0.222646
0.432323
0.706605
0.709734
0.275722
0.101158
0.030989
0.109403
0.37532
0.750189
0.293105
0.481966
0.035811
0.648089
0.827231
0.274534
0.869024
0.851044
0.759385
0.956843
0.354426
0.980851
0.19353
0.191963
0.851121
0.128421
0.93661
0.739484
0.302083
0.007324
0.85217
0.26303
0.386439
0.585624
0.078545
0.235366
0.931989
0.715145
0.324358
0.778665
0.603691
0.142423
0.23007
0.138899
0.605224
0.634781
0.177527
0.095823
0.78576
0.753533
0.571995
0.116223
0.988793
0.134015
0.923255
0.642772
0.107546
0.994535
0.704668
0.230916
0.758937
0.020465
0.992569
0.828382
0.03712
0.495865
0.804262
0.644182
0.420797
0.260528
0.760896
0.862841
0.917192
0.288778
0.239051
0.131551
0.567263
0.121702
0.111952
0.468889
0.73418
0.993023
0.160307
0.313502
0.658043
0.67444
0.01536
0.718119
0.661548
0.868595
0.576448
0.53236
0.037887
0.181869
0.478143
0.980701
0.345433
0.719194
0.541744
0.178245
0.223737
0.171084
0.991149
0.064615
0.167413
0.476131
0.420349
0.521119
0.094714
0.130803
0.177595
0.130819
0.286061
0.720032
0.59273
0.981525
0.113218
0.112994
0.717717
0.264434
0.450382
0.281296
0.043032
0.326146
0.10745
0.365858
0.788307
0.601179
0.54798
0.610697
0.241994
0.473461
0.815497
0.082451
0.337206
0.418186
0.608736
0.49294
0.893477
0.91962
0.167959
0.355434
0.254902
0.191483
0.829777
0.075542
0.968515
0.586407
0.356493
0.178028
0.588586
0.475049
0.44035
0.122352
0.391039
0.857689
0.500754
0.09704
0.574571
0.679645
0.335994
0.942708
0.496669
0.133744
0.058182
0.008827
0.487159
0.734369
0.78785
0.979181
0.160506
0.527031
0.667506
0.922912
0.475386
0.828506
0.800414
0.449154
0.388763
0.274378
0.706635
0.603637
0.730982
0.301981
0.635721
0.771751
0.98179
0.282709
0.760169
0.486424
0.67107
0.855666
0.821128
0.058933
0.320922
0.159057
0.674794
0.977026
0.172178
0.599091
0.112604
0.408754
0.256971
0.931192
0.484449
0.740139
0.472025
0.799777
0.342504
0.969731
0.738643
0.549055
0.356987
0.33588
0.204497
0.717698
0.73628
0.866441
0.274311
0.530342
0.779093
0.608697
0.638949
0.630728
0.109426
0.037437
0.615149
0.945966
0.531775
0.272002
0.515899
0.222105
0.162294
0.55083
0.993778
0.844871
0.808442
0.213534
0.907793
0.250912
0.94084
0.973694
0.574431
0.446969
0.047721
0.769714
0.797962
0.095303
0.519739
0.479454
0.595068
0.766687
0.722952
0.601449
0.035674
0.815886
0.019456
0.823753
0.210899
0.608946
0.912881
0.977549
0.64859
0.933371
0.616043
0.126214
0.068351
0.328998
0.443188
0.377183
0.10517
0.55525
0.102415
0.207094
0.005669
0.993226
0.504049
0.476015
0.453006
0.06499
0.963811
0.110651
0.092525
0.272538
0.410898
0.860655
0.875022
0.236062
0.137842
0.998906
0.99884
0.061637
0.74778
0.163283
0.143784
0.027639
0.173866
0.071962
0.513075
0.268013
0.800489
0.979172
0.406975
0.811607
0.967178
0.385983
0.782887
0.939886
0.779222
0.943905
0.68231
0.077135
0.578436
0.443621
0.912906
0.948935
0.74207
0.357069
0.139392
0.064837
0.580746
0.635252
0.385315
0.567332
0.591372
0.928585
0.597433
0.606917
0.283806
0.693852
0.807727
0.88024
0.083255
0.548417
0.8061
0.421802
0.703724
0.122051
0.449635
0.331292
0.660302
0.98703
0.636669
0.674791
0.646073
0.903571
0.287563
0.553335
0.242315
0.920873
0.892133
0.011706
0.936853
0.086173
0.628546
0.889269
0.39015
0.218292
0.832766
0.151116
0.36082
0.929487
0.017669
0.182743
0.926509
0.276391
0.380834
0.347938
0.245708
0.688541
0.600658
0.546076
0.843979
0.164858
0.551867
0.582819
0.147933
0.294349
0.235818
0.923317
0.083724
0.020044
0.914966
0.01865
0.634255
0.284746
0.101287
0.707774
0.382931
0.845538
0.082964
0.976096
0.687147
0.220908
0.019456
0.380583
0.983003
0.049664
0.135054
0.147372
0.410507
0.873282
0.90047
0.790143
0.771411
0.739177
0.814521
0.036388
0.090063
0.786903
0.562515
0.044266
0.123213
0.360357
0.060341
0.567637
0.101482
0.175009
0.863148
0.019375
0.549555
0.380266
0.845672
0.109726
0.632926
0.670364
0.180508
0.795289
0.286478
0.384597
0.683832
0.038267
0.803609
0.241127
0.991555
0.59123
0.441133
0.830676
0.663136
0.669457
0.152899
0.257828
0.153678
0.954432
0.705542
0.382657
0.207653
0.049814
0.30046
0.619664
0.503183
0.564396
0.018602
0.141178
0.545715
0.496747
0.538382
0.63299
0.819852
0.46321
0.4494
0.065512
0.378646
0.300408
0.950522
0.966286
0.995437
0.334373
0.0267
0.266279
0.325761
0.10138
0.887364
0.137992
0.692196
0.83358
0.258839
0.121256
0.576436
0.292394
0.427086
0.117408
0.73174
0.731436
0.598308
0.013654
0.356954
0.78453
0.068137
0.3309
0.645779
0.854152
0.676928
0.487074
0.493368
0.51564
0.918052
0.393401
0.52861
0.284839
0.952916
0.715028
0.630631
0.594613
0.684234
0.044433
0.300169
0.329971
0.153096
0.567943
0.76517
0.744041
0.98776
0.147634
0.648661
0.62678
0.185551
0.201608
0.77849
0.206869
0.628194
0.795482
0.358212
0.318436
0.569118
0.620991
0.281
0.319547
0.182967
0.307398
0.135559
0.365682
0.088232
0.346813
0.771833
0.352503
0.355541
0.050627
0.382661
0.600804
0.657041
0.518407
0.953187
0.473269
0.239443
0.091011
0.762409
0.933073
0.97909
0.380156
0.437008
0.215505
0.173157
0.757872
0.677509
0.497183
0.388994
0.74102
0.202145
0.509462
0.699573
0.874277
0.190268
0.450556
0.607162
0.373163
0.53977
0.400608
0.880227
0.21401
0.707228
0.37301
0.259909
0.125738
0.881012
0.755514
0.452405
0.78269
0.853271
0.628996
0.581514
0.294235
0.322261
0.879141
0.804494
0.860014
0.924578
0.539658
0.098906
0.008
0.665527
0.73779
0.802974
0.417774
0.963142
0.548233
0.264961
0.774257
0.654898
0.609895
0.671136
0.017509
0.043391
0.505615
0.023537
0.866804
0.017926
0.814743
0.21345
0.259839
0.439964
0.171904
0.311228
0.92904
0.873817
0.187153
0.852913
0.75244
0.418909
0.77484
0.284177
0.481343
0.510617
0.770029
0.911236
0.064487
0.543943
0.614669
0.29074
0.174137
0.711818
0.861726
0.61035
0.377554
0.852696
0.134438
0.163816
0.619113
0.76225
0.704419
0.394838
0.482793
0.14606
0.374804
0.822431
0.069308
0.534081
0.543611
0.277084
0.852185
0.224714
0.494126
0.472515
0.036487
0.395691
0.080542
0.239836
0.915642
0.314559
0.515006
0.349322
0.516264
0.508108
0.039469
0.057796
0.157212
0.903342
0.788951
0.646783
0.681501
0.183268
0.126872
0.335933
0.126135
0.75773
0.273512
0.736769
0.375006
0.193026
0.306516
0.58828
0.635698
0.094526
0.136412
0.400619
0.121304
0.243802
0.370378
0.070716
0.880398
0.323731
0.075876
0.976166
0.721099
0.471403
0.716839
0.744895
0.848234
0.043496
0.084589
0.690699
0.325645
0.870694
0.114275
0.481783
0.429677
0.881863
0.232127
0.321918
0.905971
0.301422
0.310533
0.03584
0.883754
0.367591
0.205521
0.097575
0.495964
0.123396
0.59733
0.576908
0.3091
0.1593
0.198837
0.151499
0.157
0.209379
0.031636
0.112901
0.551139
0.742016
0.684183
0.675462
0.442336
0.883982
0.681295
0.115937
0.137357
0.806773
0.957709
0.847029
0.652268
0.029674
0.851393
0.690318
0.947783
0.091088
0.161713
0.139414
0.923639
0.17773
0.463834
0.195351
0.410863
0.417536
0.438186
0.035416
0.809124
0.964301
0.315762
0.566048
0.288983
0.311155
0.080252
0.221025
0.520792
0.617977
0.200434
0.737518
0.451489
0.174558
0.503882
0.850698
0.36069
0.287113
0.976426
0.818658
0.318651
0.176683
0.572844
0.187518
0.092351
0.830149
0.607035
0.836685
0.449463
0.837263
0.636993
0.106249
0.904916
0.024011
0.460418
0.389273
0.866062
0.421858
0.349447
0.59431
0.307326
0.204635
0.209661
0.877648
0.381666
0.419286
0.116597
0.337102
0.715398
0.782563
0.0366
0.841408
0.318929
0.16447
0.746454
0.387388
0.337272
0.656493
0.976044
0.354428
0.473536
0.67976
0.688541
0.641916
0.871851
0.844591
0.05914
0.964938
0.739668
0.755453
0.533484
0.569483
0.520267
0.691391
0.409054
0.616176
0.017707
0.810186
0.040391
0.886324
0.642833
0.900608
0.950431
0.417894
0.561508
0.86486
0.465905
0.786264
0.029255
0.177078
0.360215
0.234148
0.259627
0.373127
0.426447
0.597988
0.201738
0.244868
0.671196
0.481891
0.411957
0.499308
0.593291
0.414154
0.257433
0.215374
0.032134
0.000435
0.727976
0.300122
0.321104
0.677716
0.444884
0.579703
0.881483
0.48432
0.697343
0.517925
0.720917
0.91754
0.230961
0.991007
0.723004
0.23334
0.130253
0.022295
0.513705
0.408575
0.632591
0.846438
0.87259
0.806177
0.005758
0.879918
0.865039
0.587298
0.209116
0.356341
0.641898
0.121653
0.720451
0.439982
0.773717
0.382288
0.427534
0.80952
0.448239
0.836086
0.979906
0.074456
0.560377
0.171475
0.522909
0.160848
0.710361
0.579306
0.62296
0.15431
0.042947
0.773708
0.972347
0.092954
0.089589
0.249012
0.166173
0.00998
0.637838
0.682002
0.583589
0.766639
0.611756
0.108377
0.477652
0.847025
0.492522
0.933186
0.870738
0.250483
0.9829
0.685088
0.929547
0.70642
0.406606
0.201598
0.430357
0.829443
0.609839
0.850701
0.812213
0.159693
0.861894
0.839934
0.07601
0.140795
0.47153
0.795414
0.644888
0.239003
0.082486
0.875999
0.20041
0.731902
0.289967
0.99858
0.753744
0.02196
0.136355
0.988433
0.619431
0.52869
0.048462
0.344566
0.844345
0.128441
0.272485
0.02227
0.241099
0.765937
0.747889
0.059051
0.80327
0.235256
0.429419
0.090938
0.330977
0.538119
0.201339
0.208164
0.253295
0.911009
0.496302
0.52652
0.740649
0.57927
0.473686
0.159463
0.698856
0.438646
0.793187
0.753173
0.745845
0.917109
0.142292
0.346484
0.687487
0.218867
0.627841
0.939346
0.78725
0.541305
0.130696
0.186968
0.835487
0.980838
0.327325
0.648125
0.962808
0.319833
0.225201
0.384699
0.143227
0.64471
0.043006
0.319392
0.516517
0.483991
0.40248
0.755854
0.682817
0.613194
0.805588
0.367076
0.344484
0.013717
0.633334
0.340084
0.143122
0.915858
0.054505
0.516745
0.397511
0.430969
0.606835
0.191936
0.759766
0.89307
0.210499
0.723759
0.967096
0.119403
0.271579
0.737043
0.297879
0.26444
0.807076
0.302339
0.929215
0.025585
0.111658
0.662003
0.598578
0.257038
0.436081
0.624271
0.239066
0.140114
0.409898
0.357926
0.797435
0.2714
0.879697
0.691824
0.996911
0.960537
0.916159
0.571051
0.242674
0.744941
0.491574
0.596556
0.162648
0.895096
0.098932
0.518018
0.761135
0.58094
0.912668
0.277878
0.730609
0.539517
0.773008
0.146461
0.732543
0.510949
0.357176
0.771076
0.071374
0.630851
0.934117
0.224708
0.342537
0.191443
0.38478
0.096159
0.358545
0.179225
0.598503
0.842584
0.532437
0.266533
0.749418
0.571125
0.709947
0.950737
0.550063
0.967282
0.849675
0.757739
0.699237
0.063999
0.005187
0.189954
0.705782
0.316329
0.197328
0.169607
0.769655
0.636821
0.150805
0.635013
0.669283
0.906595
0.380596
0.693781
0.657893
0.079318
0.001164
0.113947
0.469145
0.870383
0.669329
0.041457
0.04406
0.112878
0.271634
0.076501
0.018259
0.928811
0.572289
0.459684
0.01773
0.695559
0.501187
0.12201
0.484458
0.329667
0.117333
0.460056
0.555026
0.921138
0.511912
0.647177
0.318277
0.983971
0.31563
0.328659
0.468349
0.275458
0.389744
0.114923
0.179637
0.150775
0.635188
0.721687
0.678481
0.157649
0.325863
0.007876
0.204492
0.877372
0.338857
0.247775
0.023185
0.579229
0.412996
0.299463
0.422009
0.18951
0.353757
0.608019
0.980092
0.560147
0.212829
0.811169
0.666966
0.339233
0.264887
0.245136
0.081065
0.2372
0.736434
0.200222
0.963998
0.325251
0.368713
0.597193
0.881387
0.622085
0.057417
0.376491
0.771626
0.552799
0.893259
0.551065
0.192487
0.107586
0.916688
0.477865
0.304636
0.089631
0.726652
0.063862
0.709612
0.272606
0.924986
0.383759
0.731072
0.979198
0.193654
0.677051
0.295343
0.779823
0.786788
0.781965
0.981837
0.843232
0.125753
0.516224
0.566467
0.634694
0.741186
0.244206
0.043451
0.495209
0.200529
0.014434
0.720886
0.285219
0.470657
0.062916
0.441247
0.704028
0.757245
0.26977
0.074125
0.906605
0.694778
0.368106
0.648081
0.735487
0.535413
0.541737
0.048905
0.115022
0.959473
0.922093
0.628832
0.628733
0.883246
0.550061
0.819415
0.416173
0.626154
0.134982
0.673374
0.714674
0.864401
0.200533
0.064104
0.929385
0.548675
0.443587
0.0521
0.07055
0.637763
0.149529
0.12443
0.665364
0.757366
0.126879
0.331213
0.680295
0.185409
0.260207
0.095099
0.85819
0.38384
0.885792
0.943748
0.16133
0.278321
0.98061
0.408478
0.133285
0.660815
0.063521
0.376156
0.302094
0.268668
0.684587
0.989089
0.002254
0.465462
0.314393
0.148053
0.994455
0.766796
0.886817
0.79392
0.383025
0.823207
0.823354
0.763497
0.190509
0.155727
0.518405
0.896182
0.318756
0.216364
0.786432
0.976684
0.433533
0.555999
0.044639
0.675317
0.581718
0.859958
0.113678
0.240305
0.280358
0.714551
0.036789
0.564745
0.179193
0.50226
0.577333
0.47793
0.301878
0.489895
0.276771
0.508961
0.968642
0.389339
0.388312
0.434838
0.75576
0.184336
0.349333
0.195585
0.555313
0.712552
0.291811
0.660638
0.519022
0.75287
0.682321
0.465483
0.2573
0.719577
0.231512
0.41503
0.974683
0.492399
0.156091
0.772623
0.648924
0.297595
0.727065
0.202301
0.729089
0.357124
0.697886
0.762728
0.079956
0.450519
0.653871
0.755769
0.563664
0.004001
0.28027
0.03443
0.969588
0.131359
0.668666
0.027657
0.575024
0.494896
0.988716
0.156764
0.12769
0.121212
0.761692
0.691474
0.251057
0.175925
0.109104
0.85821
0.156895
0.288298
0.776962
0.482353
0.735862
0.560293
0.077738
0.252586
0.920782
0.803429
0.781607
0.249773
0.072552
0.681547
0.141768
0.137491
0.078663
0.139219
0.869802
0.396915
0.020576
0.567325
0.376956
0.17863
0.511758
0.865296
0.823432
0.34365
0.818478
0.906863
0.628227
0.490691
0.025086
0.335855
0.396909
0.069681
0.590945
0.178895
0.274366
0.203776
0.143878
0.389593
0.026462
0.555321
0.271666
0.182768
0.662831
0.207793
0.287115
0.022824
0.05488
0.950438
0.775185
0.30051
0.797266
0.134463
0.771557
0.412235
0.297434
0.28889
0.44115
0.870788
0.394852
0.740895
0.813905
0.13383
0.148899
0.110315
0.977465
0.33286
0.347576
0.242819
0.358744
0.413203
0.839067
0.801477
0.041384
0.354088
0.845556
0.734277
0.3283
0.619578
0.8028
0.736594
0.001263
0.447149
0.363407
0.331744
0.9778
0.33113
0.140921
0.726908
0.094879
0.129518
0.022606
0.450919
0.012396
0.070439
0.137556
0.562706
0.400831
0.861267
0.575688
0.195733
0.310723
0.280316
0.772573
0.728342
0.133975
0.401966
0.295877
0.251747
0.568747
0.138996
0.576116
0.653549
0.456452
0.317687
0.624251
0.280476
0.65973
0.946646
0.378842
0.777243
0.894241
0.065568
0.752056
0.542985
0.618492
0.320445
0.965701
0.877866
0.361311
0.661614
0.627477
0.581579
0.951034
0.640366
0.210162
0.425494
0.980797
0.853272
0.653841
0.605117
0.140049
0.870806
0.590411
0.048921
0.378335
0.799202
0.558973
0.259733
0.954628
0.384699
0.080122
0.179751
0.725533
0.050525
0.333515
0.28879
0.042699
0.403272
0.833342
0.716978
0.056682
0.980071
0.677728
0.161656
0.550424
0.750141
0.892374
0.147366
0.276332
0.309279
0.692399
0.376659
0.85032
0.035978
0.391935
0.654793
0.127127
0.74456
0.001837
0.208188
0.281973
0.13763
0.307529
0.12062
0.580101
0.183927
0.815928
0.983596
0.27891
0.093145
0.505692
0.254714
0.558259
0.462573
0.613336
0.317334
0.765605
0.194486
0.954911
0.839566
0.200952
0.0864
0.721644
0.444355
0.05033
0.490316
0.728623
0.833867
0.108605
0.938174
0.9126
0.306833
0.513003
0.128686
0.745557
0.574534
0.773595
0.513738
0.8162
0.857119
0.133666
0.864912
0.320305
0.758395
0.72657
0.209337
0.009782
0.023067
0.44254
0.833526
0.495165
0.722862
0.151533
0.233081
0.900907
0.931377
0.96548
0.245305
0.17522
0.027466
0.165064
0.398779
0.659237
0.233784
0.813408
0.883364
0.445666
0.569491
0.805537
0.834717
0.233145
0.783476
0.039799
0.078793
0.096947
0.307739
0.947678
0.648028
0.256989
0.177934
0.722123
0.567324
0.469611
0.301043
0.973335
0.342857
0.154053
0.071989
0.480453
0.007153
0.333005
0.318917
0.306778
0.276642
0.657753
0.10413
0.457126
0.541236
0.734066
0.048754
0.908888
0.46514
0.457768
0.468047
0.950852
0.887374
0.133849
0.213725
0.940394
0.010315
0.95146
0.157672
0.284123
0.258244
0.097176
0.855754
0.531383
0.666489
0.169888
0.909168
0.234166
0.388722
0.912451
0.901329
0.08037
0.333874
0.188594
0.18607
0.408389
0.348456
0.831833
0.165702
0.157156
0.9386
0.230105
0.378186
0.928056
0.249164
0.319418
0.618002
0.346011
0.71753
0.552445
0.352173
0.309134
0.965182
0.888093
0.396147
0.122953
0.096648
0.709907
0.936925
0.692885
0.786156
0.456775
0.610932
0.66388
0.653398
0.288887
0.389819
0.271167
0.018701
0.371754
0.339395
0.890669
0.385838
0.672708
0.750507
0.293278
0.377623
0.859234
0.510815
0.809751
0.001257
0.826094
0.493123
0.825695
0.677642
0.562603
0.183069
0.387353
0.441251
0.935768
0.907378
0.789547
0.199348
0.5447
0.25175
0.380821
0.613006
0.50146
0.867089
0.20288
0.978158
0.074545
0.043512
0.378744
0.184393
0.670207
0.263798
0.650922
0.767264
0.12105
0.764812
0.996933
0.268755
0.915766
0.021004
0.743364
0.363124
0.989232
0.072853
0.160946
0.950274
0.021886
0.793997
0.153472
0.990169
0.218088
0.22976
0.964406
0.379151
0.429415
0.622394
0.904211
0.174054
0.661636
0.277127
0.828944
0.595815
0.648369
0.279778
0.083487
0.765419
0.897184
0.655843
0.072544
0.215127
0.379411
0.53783
0.652056
0.568495
0.968828
0.776747
0.430671
0.528152
0.236974
0.111045
0.064534
0.04305
0.344697
0.098675
0.933058
0.332908
0.65759
0.962818
0.987981
0.4779
0.551607
0.554109
0.080296
0.874669
0.391853
0.807541
0.787502
0.570276
0.444476
0.561136
0.880904
0.41461
0.052056
0.752443
0.822319
0.351574
0.534659
0.387571
0.525238
0.401847
0.132069
0.886845
0.673102
0.109371
0.492518
0.468609
0.6788
0.542927
0.311421
0.442433
0.944918
0.775381
0.884579
0.488597
0.088469
0.827546
0.172791
0.422345
0.627976
0.549213
0.837758
0.694214
0.987869
0.435939
0.654671
0.130061
0.258736
0.272877
0.425236
0.286709
0.86193
0.156074
0.233658
0.21003
0.64461
0.577863
0.613545
0.454132
0.257391
0.254978
0.018691
0.097448
0.374623
0.385777
0.536811
0.826651
0.125495
0.465112
0.264797
0.512665
0.732808
0.690128
0.167373
0.670116
0.691951
0.472263
0.532127
0.563126
0.005754
0.084325
0.734481
0.538008
0.322076
0.659953
0.862355
0.862374
0.108893
0.052102
0.116415
0.287787
0.727467
0.776222
0.131775
0.935877
0.148276
0.128505
0.121814
0.816529
0.619735
0.272761
0.417353
0.632384
0.856494
0.11791
0.456702
0.533723
0.192324
0.961106
0.869289
0.579232
0.838301
0.01884
0.636723
0.293191
0.413944
0.150755
0.459121
0.793481
0.203178
0.637168
0.577888
0.441516
0.951828
0.341843
0.326033
0.795523
0.120679
0.901144
0.339715
0.49149
0.421077
0.617341
0.510156
0.216435
0.662147
0.993432
0.126361
0.60624
0.097998
0.123641
0.629218
0.108459
2.9e-05
0.026037
0.818801
0.084406
0.650308
0.443662
0.652571
0.1823
0.93843
0.001017
0.090518
0.464202
0.127936
0.413726
0.667153
0.350808
0.247064
0.189092
0.37963
0.113723
0.690344
0.28198
0.84307
0.956742
0.842232
0.308246
0.760798
0.241678
0.524325
0.326986
0.038784
0.504262
0.805564
0.204476
0.384256
0.848794
0.123697
0.69288
0.809565
0.913094
0.013358
0.632764
0.152884
0.300426
0.944023
0.72035
0.26817
0.603204
0.877919
0.548974
0.626945
0.190782
0.454703
0.325213
0.733354
0.12174
0.923694
0.182699
0.892647
0.631291
0.523336
0.263923
0.028654
0.290743
0.450486
0.325231
0.132273
0.795675
0.338269
0.780471
0.890199
0.966252
0.046436
0.747498
0.255662
0.823775
0.112283
0.696298
0.350054
0.571146
0.279963
0.982274
0.01018
0.835265
0.389448
0.098644
0.84355
0.02654
0.1937
0.2659
0.575124
0.983214
0.827568
0.083104
0.477973
0.42074
0.480832
0.427219
0.916459
0.096741
0.811131
0.167521
0.192114
0.828396
0.490678
0.74418
0.688087
0.31732
0.983159
0.483662
0.010869
0.538779
0.43116
0.253556
0.263275
0.199941
0.64786
0.705048
0.964633
0.688515
0.970863
0.43805
0.530261
0.60107
0.825493
0.741818
0.492797
0.758421
0.883869
0.631494
0.668132
0.396359
0.849604
0.779825
0.698267
0.814737
0.507317
0.449676
0.698367
0.630662
0.630497
0.568448
0.145781
0.935037
0.165487
0.821785
0.735566
0.162983
0.887538
0.135161
0.441327
0.210186
0.996914
0.493952
0.105452
0.73705
0.385494
0.466347
0.399762
0.522219
0.920835
0.735932
0.310919
0.969033
0.786255
0.327586
0.444948
0.334299
0.628015
0.789525
0.29635
0.440232
0.652189
0.16551
0.031455
0.775805
0.859839
0.935048
0.703899
0.424731
0.772993
0.046257
0.850928
0.661875
0.629707
0.065131
0.247011
0.282504
0.540537
0.51075
0.934118
0.367995
0.823508
0.517346
0.370127
0.220064
0.781796
0.375521
0.732001
0.994591
0.790916
0.876502
0.815634
0.845648
0.514669
0.161506
0.587265
0.238074
0.044761
0.036057
0.119136
0.234473
0.861352
0.713888
0.403201
0.826621
0.071266
0.834071
0.668477
0.918743
0.547857
0.398758
0.648364
0.014765
0.102891
0.75617
0.416086
0.773944
0.261509
0.851278
0.856433
0.530136
0.910213
0.654871
0.548996
0.261205
0.722363
0.668892
0.857445
0.731432
0.284943
0.222514
0.955984
0.667667
0.977821
0.483418
0.002704
0.640023
0.611613
0.454606
0.086929
0.631228
0.477851
0.729523
0.50065
0.944679
0.756584
0.337086
0.616434
0.820544
0.537352
0.312138
0.037601
0.952377
0.83499
0.50197
0.350813
0.847275
0.844669
0.196944
0.850215
0.195145
0.190873
0.821056
0.171779
0.388773
0.330317
0.328226
0.711054
0.669055
0.022322
0.621796
0.549535
0.211222
0.671386
0.709738
0.408023
0.331405
0.136469
0.483705
0.780174
0.672987
0.19061
0.173642
0.064495
0.913586
0.489115
0.280794
0.867881
0.982853
0.968849
0.283784
0.176435
0.864489
0.018234
0.805728
0.209334
0.426425
0.535051
0.793337
0.738897
0.431007
0.232983
0.824526
0.376162
0.98445
0.663289
0.431931
0.731392
0.577351
0.332169
0.640129
0.164866
0.319334
0.784363
0.529683
0.933976
0.672639
0.848951
0.047034
0.686908
0.088767
0.947552
0.940317
0.879915
0.57583
0.930487
0.69542
0.186152
0.475233
0.102673
0.456479
0.797424
0.552653
0.880863
0.809348
0.104096
0.428895
0.542313
0.355735
0.583751
0.372946
0.801927
0.210848
0.895019
0.906471
0.512044
0.133454
0.964428
0.402588
0.410343
0.704711
0.659839
0.84642
0.125064
0.767115
0.131828
0.56357
0.237464
0.08108
0.628371
0.497894
0.188031
0.459011
0.065274
0.429542
0.351178
0.138817
0.301646
0.888107
0.228121
0.965495
0.578717
0.21543
0.00101
0.115322
0.01742
0.344949
0.517785
0.412728
0.488131
0.68558
0.957092
0.719639
0.177883
0.884948
0.743959
0.52508
0.480363
0.035738
0.891406
0.836833
0.241104
0.707391
0.556223
0.924254
0.798933
0.634281
0.502912
0.837146
0.904958
0.137275
0.778823
0.403816
0.688686
0.279404
0.860357
0.270814
0.506927
0.95758
0.538407
0.889807
0.650634
0.438527
0.441593
0.093629
0.966537
0.268906
0.850051
0.890412
0.584112
0.648793
0.930996
0.339503
0.137333
0.978613
0.435639
0.619447
0.238289
0.13694
0.797025
0.959015
0.345202
0.325231
0.130238
0.124766
0.737253
0.753022
0.764694
0.315012
0.514669
0.38452
0.883579
0.996978
0.268213
0.771463
0.166184
0.188839
0.454808
0.937945
0.908204
0.632919
0.35019
0.616197
0.394599
0.946844
0.013732
0.023739
0.258913
0.63199
0.293632
0.804672
0.363034
0.572206
0.278291
0.774221
0.796672
0.209256
0.619468
0.087353
0.698754
0.037523
0.35312
0.22947
0.131475
0.370969
0.379147
0.59274
0.498183
0.02162
0.788499
0.251865
0.911154
0.278726
0.631742
0.79483
0.004502
0.15732
0.807378
0.054406
0.294736
0.094878
0.850792
0.834455
0.864684
0.889098
0.240653
0.286084
0.071715
0.543507
0.833085
0.341126
0.1662
0.316807
0.493107
0.555575
0.285969
0.092843
0.876083
0.704573
0.820556
0.890295
0.937335
0.960383
0.738325
0.283165
0.182264
0.420902
0.388032
0.285413
0.070762
0.213996
0.79129
0.482848
0.530441
0.378795
0.859169
0.219265
0.535786
0.299962
0.925488
0.833152
0.628391
0.295645
0.457445
0.02171
0.103457
0.347661
0.731829
0.57099
0.442795
0.431033
0.807012
0.611525
0.888568
0.765027
0.165435
0.094075
0.638104
0.390906
0.163698
0.256137
0.457113
0.425109
0.580035
0.908379
0.408256
0.06913
0.388591
0.617744
0.150086
0.169455
0.444894
0.125087
0.590931
0.423019
0.472353
0.515491
0.9783
0.983905
0.082021
0.313216
0.10839
0.943269
0.136326
0.507264
0.202958
0.403373
0.802753
0.602109
0.519873
0.239538
0.093001
0.803705
0.779453
0.767706
0.471429
0.446395
0.927004
0.677467
0.472686
0.64434
0.125918
0.664509
0.29877
0.165444
0.476747
0.429708
0.400838
0.13688
0.835763
0.846313
0.262583
0.595371
0.919291
0.031474
0.762228
0.251446
0.5169
0.158543
0.802534
0.776035
0.33998
0.185971
0.95234
0.467345
0.908848
0.027851
0.955632
0.127305
0.764864
0.100963
0.761735
0.238404
0.588151
0.987783
0.955055
0.636558
0.761351
0.341662
0.871197
0.227593
0.516251
0.661569
0.864357
0.423276
0.002236
0.766234
0.820365
0.973543
0.446644
0.493622
0.799876
0.605405
0.588794
0.443383
0.717471
0.548918
0.315892
0.932424
0.284726
0.008836
0.929017
0.376264
0.754881
0.070029
0.363071
0.068396
0.662279
0.050218
0.012304
0.685051
0.702823
0.544651
0.775178
0.114476
0.490623
0.884652
0.581059
0.333238
0.330544
0.84979
0.663892
0.551776
0.157832
0.038051
0.611414
0.510899
0.915415
0.701226
0.044356
0.822345
0.778988
0.363831
0.013684
0.530978
0.474288
0.058116
0.127036
0.300925
0.963934
0.844772
0.27042
0.637327
0.611324
0.279859
0.016908
0.93619
0.760437
0.618733
0.087433
0.19996
0.084549
0.530403
0.5656
0.75877
0.02201
0.251346
0.150106
0.742063
0.661936
0.621355
0.06742
0.229352
0.845101
0.992257
0.712869
0.724646
0.329729
0.179156
0.417111
0.300901
0.661578
0.370364
0.887722
0.414028
0.148398
0.814593
0.66548
0.526083
0.435433
0.042653
0.39632
0.037197
0.783233
0.515815
0.390407
0.428089
0.1449
0.560644
0.781957
0.282225
0.610472
0.528413
0.551119
0.647751
0.954266
0.517649
0.995555
0.013297
0.679275
0.774669
0.576851
0.519339
0.06625
0.695906
0.28162
0.805914
0.101474
0.811862
0.101928
0.795837
0.118166
0.739765
0.545365
0.468027
0.926309
0.390133
0.70292
0.102612
0.567497
0.746025
0.505724
0.163095
0.757128
0.072105
0.677607
0.340595
0.919547
0.45736
0.921817
0.739022
0.039192
0.226795
0.578239
0.226464
0.661038
0.016171
0.956502
0.650587
0.006778
0.899883
0.296821
0.145827
0.18932
0.369934
0.431514
0.590982
0.46783
0.361975
0.174453
0.813139
0.379881
0.000215
0.835037
0.689411
0.937038
0.91422
0.532248
0.518221
0.063728
0.676903
0.867275
0.420109
0.284767
0.68956
0.346292
0.875412
0.083154
0.633764
0.776292
0.854489
0.558077
0.130801
0.125641
0.022948
0.949509
0.645193
0.864935
0.737352
0.727773
0.775732
0.42521
0.548639
0.20762
0.395523
0.474883
0.697891
0.764361
0.320165
0.776873
0.137778
0.313072
0.240763
0.642219
0.289742
0.612074
0.199768
0.896214
0.931373
0.363537
0.680271
0.466116
0.482955
0.661889
0.856453
0.183498
0.734242
0.40669
0.28901
0.948054
0.531744
0.411206
0.38417
0.1236
0.976612
0.666506
0.689448
0.171921
0.848743
0.145527
0.700495
0.037988
0.683408
0.232945
0.570728
0.480046
0.29251
0.193441
0.074865
0.820086
0.671111
0.078531
0.771198
0.827427
0.339554
0.802075
0.790546
0.227595
0.906988
0.33724
0.126565
0.477361
0.328629
0.634197
0.758431
0.651361
0.226349
0.927174
0.265997
0.86347
0.338434
0.631689
0.823603
0.03573
0.406889
0.718753
0.345184
0.467277
0.688238
0.281298
0.326878
0.258623
0.017213
0.206953
0.527693
0.984575
0.395163
0.15649
0.505078
0.679329
0.724451
0.638735
0.636259
0.196923
0.482513
0.470847
0.353632
0.566121
0.690883
0.351751
0.329934
0.772365
0.429175
0.647168
0.121745
0.537012
0.823423
0.95139
0.227623
0.864806
0.47196
0.02238
0.158153
0.143953
0.147223
0.281132
0.742672
0.281024
0.392476
0.068218
0.706925
0.576656
0.096718
0.949003
0.623346
0.496872
0.024289
0.263009
0.461726
0.382904
0.909808
0.555922
0.319581
0.604901
0.893944
0.297817
0.97991
0.329569
0.653766
0.855061
0.946221
0.054966
0.385635
0.724755
0.962302
0.745011
0.63639
0.3516
0.055823
0.690338
0.33553
0.57234
0.683642
0.974323
0.305303
0.510133
0.752468
0.993179
0.66082
0.099578
0.932413
0.610677
0.255554
0.390339
0.989886
0.998882
0.334509
0.821376
0.257318
0.323684
0.233409
0.768069
0.488434
0.86704
0.229438
0.890304
0.466219
0.39626
0.533685
0.228175
0.336877
0.094609
0.361899
0.602476
0.797706
0.673043
0.782412
0.435484
0.378617
0.392813
0.710234
0.667745
0.309669
0.006796
0.050123
0.624857
0.845187
0.789962
0.952082
0.592387
0.296203
0.935487
0.150799
0.924764
0.180498
0.367337
0.321433
0.180906
0.385952
0.962333
0.221391
0.369355
0.747612
0.649652
0.679331
0.089807
0.860127
0.353178
0.611563
0.199096
0.894438
0.793842
0.216288
0.422899
0.592093
0.282744
0.868101
0.329386
0.415668
0.814976
0.063163
0.66936
0.979277
0.827145
0.825115
0.886448
0.962068
0.354441
0.178237
0.246865
0.021939
0.492512
0.087287
0.867799
0.326236
0.591659
0.697753
0.964925
0.835258
0.067661
0.515291
0.965411
0.953855
0.736301
0.974393
0.4842
0.859947
0.078485
0.566361
0.452813
0.649821
0.53663
0.554174
0.201135
0.1376
0.01141
0.839605
0.327512
0.472181
0.18242
0.423282
0.392886
0.981688
0.036696
0.473344
0.351825
0.896589
0.920638
0.796455
0.190911
0.503793
0.545677
0.645683
0.085867
0.048868
0.452153
0.829413
0.938915
0.635571
0.969063
0.950037
0.925625
0.54303
0.471443
0.520344
0.137629
0.538373
0.323304
0.572141
0.718511
0.327879
0.908202
0.686197
0.032295
0.032558
0.448931
0.087575
0.048264
0.491558
0.03576
0.881043
0.670609
0.105551
0.182697
0.712853
0.882712
0.307686
0.384109
0.039391
0.163783
0.169691
0.560563
0.963447
0.910201
0.337761
0.977279
0.486612
0.492422
0.957378
0.377498
0.413665
0.695596
0.978592
0.106499
0.03804
0.91896
0.231317
0.545307
0.974021
0.341871
0.803139
0.807573
0.62102
0.692519
0.938153
0.989038
0.57988
0.716899
0.205809
0.231555
0.189523
0.378149
0.401362
0.680572
0.797123
0.975527
0.076715
0.232214
0.217266
0.570071
0.511504
0.92074
0.078204
0.221087
0.973866
0.06614
0.086937
0.167224
0.130271
0.820833
0.049543
0.83935
0.367511
0.291571
0.114358
0.637454
0.441788
0.837929
0.960898
0.230377
0.737144
0.171212
0.800056
0.344334
0.411618
0.399481
0.699749
0.786251
0.189346
0.597742
0.216199
0.865681
0.563501
0.692434
0.981247
0.554766
0.785892
0.670516
0.619135
0.659745
0.84048
0.47824
0.331065
0.544176
0.184714
0.60303
0.545897
0.405882
0.337242
0.943303
0.878873
0.772395
0.16037
0.760567
0.672334
0.452447
0.749886
0.185493
0.319272
0.387408
0.093048
0.507502
0.850092
0.808259
0.868577
0.848536
0.799108
0.571063
0.897636
0.389144
0.115511
0.887956
0.099862
0.729201
0.178924
0.37343
0.907798
0.89663
0.796668
0.187881
0.713097
0.578278
0.822129
0.79958
0.488639
0.224585
0.013978
0.221402
0.237129
0.029677
0.802019
0.516495
0.006605
0.46286
0.191118
0.762674
0.953213
0.876676
0.804709
0.79661
0.121154
0.56835
0.331761
0.975875
0.703519
0.653638
0.348822
0.71565
0.67624
0.281806
0.145569
0.589831
0.624195
0.263971
0.226971
0.229042
0.174953
0.53756
0.088691
0.071341
0.370766
0.854936
0.50759
0.657883
0.480051
0.559565
0.307921
0.175972
0.346435
0.31671
0.003361
0.453018
0.539999
0.141224
0.09314
0.800854
0.744141
0.20569
0.599816
0.906105
0.628156
0.893277
0.581935
0.912965
0.775638
0.329116
0.132716
0.983325
0.716263
0.50416
0.291171
0.192886
0.798963
0.784699
0.462642
0.348859
0.062104
0.454168
0.993184
0.011152
0.197148
0.464667
0.271093
0.723877
0.265538
0.46518
0.182779
0.687585
0.648373
0.432952
0.109254
0.711526
0.665357
0.727814
0.370472
0.220508
0.399675
0.679833
0.041459
0.401292
0.342927
0.467754
0.196365
0.364866
0.375829
0.815615
0.388562
0.735947
0.522797
0.802024
0.786361
0.328058
0.325195
0.32045
0.83619
0.570926
0.920179
0.462976
0.855456
0.611638
0.321864
0.691142
0.604585
0.255737
0.365505
0.068137
0.653055
0.539468
0.51171
0.488153
0.974361
0.080362
0.72817
0.551151
0.310869
0.479711
0.083964
0.263602
0.210717
0.58768
0.783214
0.732527
0.266781
0.932195
0.607266
0.25793
0.601847
0.578092
0.12938
0.60184
0.734919
0.901345
0.154159
0.758827
0.300137
0.108459
0.491666
0.041778
0.190167
0.383268
0.244259
0.96756
0.886634
0.876525
0.493471
0.249489
0.693532
0.97178
0.188021
0.806792
0.067767
0.258199
0.338548
0.277843
0.1459
0.105426
0.782689
0.965749
0.307233
0.339232
0.46211
0.402197
0.409123
0.220677
0.687624
0.863069
0.805941
0.52147
0.73476
0.840755
0.297451
0.111037
0.958495
0.825466
0.997507
0.926235
0.554676
0.933722
0.694253
0.871469
0.533132
0.105224
0.193626
0.302444
0.448207
0.113059
0.333431
0.832968
0.880306
0.360002
0.903525
0.099881
0.150245
0.076694
0.246356
0.031318
0.697133
0.730473
0.93398
0.503809
0.335635
0.087256
0.854693
0.075241
0.169712
0.029784
0.210105
0.07238
0.81638
0.914783
0.3492
0.796261
0.755888
0.260382
0.594948
0.101984
0.060093
0.927613
0.346423
0.986943
0.308381
0.065394
0.956895
0.288636
0.777242
0.408796
0.318881
0.278149
0.74349
0.152224
0.56932
0.867215
0.414572
0.991797
0.707566
0.95523
0.158235
0.095301
0.905926
0.853741
0.953818
0.742423
0.511083
0.504255
0.803502
0.628377
0.948018
0.759228
0.467185
0.943866
0.28397
0.371139
0.937806
0.781776
0.876481
0.975428
0.054188
0.22349
0.400542
0.460686
0.084661
0.180122
0.066308
0.355937
0.541481
0.593328
0.947423
0.921195
0.884887
0.733431
0.25912
0.465054
0.252443
0.651479
0.618104
0.632075
0.699249
0.112102
0.817914
0.077253
0.232425
0.835702
0.721815
0.650009
0.291859
0.58588
0.287385
0.382144
0.901022
0.026062
0.556087
0.796838
0.86032
0.921714
0.039521
0.099708
0.100878
0.448695
0.530783
0.391535
0.903411
0.053782
0.042422
0.123354
0.158699
0.499671
0.289482
0.616797
0.543359
0.335837
0.483126
0.698138
0.335856
0.442639
0.618358
0.102946
0.549041
0.265404
0.857569
0.27076
0.965655
0.997804
0.25981
0.503765
0.811401
0.315478
0.940752
0.101734
0.810204
0.992693
0.833327
0.269257
0.084244
0.459355
0.434005
0.102922
0.061856
0.183457
0.772115
0.117014
0.270401
0.618057
0.095957
0.381772
0.383253
0.45051
0.016856
0.651251
0.831162
0.619525
0.450886
0.843515
0.308711
0.233635
0.14368
0.164621
0.308889
0.515435
0.538687
0.808283
0.105864
0.422411
0.71188
0.789402
0.770288
0.192248
0.558462
0.066914
0.875832
0.753233
0.967256
0.572539
0.159894
0.113524
0.518507
0.358894
0.194865
0.481401
0.47951
0.656509
0.397105
0.155051
0.806258
0.654259
0.183653
0.997467
0.171665
0.513255
0.664615
0.857796
0.943407
0.318648
0.481418
0.471562
0.702352
0.360366
0.557275
0.42405
0.403404
0.621887
0.78138
0.379744
0.079523
0.837126
0.967814
0.961743
0.726857
0.589081
0.989769
0.281609
0.426158
0.462242
0.154003
0.073663
0.125557
0.269746
0.407013
0.033717
0.89869
0.134562
0.135763
0.399524
0.763392
0.044427
0.66468
0.994439
0.366677
0.318811
0.107088
0.327599
0.651099
0.816796
0.318393
0.801866
0.190822
0.785057
0.976614
0.731263
0.591061
0.285814
0.612536
0.492868
0.487479
0.211839
0.693502
0.125681
0.379642
0.815918
0.330737
0.514505
0.583097
0.405512
0.147139
0.881274
0.847947
0.827301
0.706739
0.642062
0.76615
0.584415
0.396936
0.734737
0.895893
0.163759
0.762236
0.569642
0.717735
0.073734
0.346505
0.771748
0.583954
0.509624
0.522738
0.121898
0.092987
0.24086
0.388639
0.772848
0.46633
0.563877
0.749322
0.430437
0.27077
0.273268
0.708149
0.9372
0.091692
0.497907
0.967131
0.028372
0.238403
0.838236
0.879702
0.682348
0.90923
0.294047
0.119379
0.761569
0.368278
0.264545
0.627667
0.542149
0.223617
0.922753
0.622555
0.370383
0.291636
0.461426
0.902411
0.538209
0.23788
0.363399
0.726492
0.400832
0.174083
0.366831
0.172002
0.134001
0.693609
0.616615
0.157261
0.277637
0.539147
0.816499
0.15381
0.834674
0.048758
0.299404
0.191358
0.461997
0.388126
0.90289
0.042717
0.493082
0.919618
0.649933
0.34774
0.596702
0.84402
0.403831
0.807852
0.111268
0.84169
0.80739
0.711668
0.57807
0.867241
0.147175
0.684156
0.927958
0.053397
0.045097
0.557545
0.691986
0.370231
0.87419
0.81413
0.552646
0.121514
0.786201
0.375583
0.734642
0.298897
0.143783
0.597683
0.388357
0.602396
0.866172
0.596497
0.935431
0.169238
0.453503
0.222581
0.130403
0.732987
0.726261
0.059821
0.482994
0.769172
0.451208
0.128466
0.085512
0.076737
0.543826
0.085915
0.013462
0.129188
0.108291
0.827453
0.988913
0.777368
0.381003
0.565037
0.571969
0.424031
0.298349
0.109176
0.88053
0.576606
0.185964
0.164025
0.396781
0.462968
0.250291
0.55936
0.332855
0.490117
0.469272
0.129627
0.147781
0.235271
0.430047
0.875647
0.725019
0.082145
0.150218
0.579066
0.25634
0.521846
0.939723
0.506258
0.664052
0.401349
0.720812
0.044969
0.301151
0.185782
0.767267
0.684392
0.81174
0.288246
0.580406
0.789078
0.925305
0.09896
0.391
0.223525
0.49722
0.969495
0.567855
0.287239
0.373789
0.735111
0.488601
0.471748
0.406298
0.697888
0.624081
0.570879
0.032595
0.310163
0.994244
0.519645
0.430439
0.531674
0.971721
0.654037
0.103371
0.024777
0.245697
0.131588
0.506184
0.446049
0.155801
0.305902
0.846
0.400067
0.23739
0.642345
0.31268
0.437445
0.607091
0.899532
0.332488
0.274892
0.117508
0.341155
0.56476
0.207561
0.743481
0.449749
0.669442
0.733821
0.0927
0.738199
0.838957
0.345063
0.14494
0.702494
0.10147
0.080101
0.964204
0.359216
0.352063
0.551414
0.512029
0.163047
0.871171
0.023443
0.895205
0.328122
0.819479
0.14031
0.828375
0.165029
0.370118
0.764966
0.784223
0.578658
0.279927
0.967909
0.180966
0.241702
0.404058
0.225444
0.740845
0.670791
0.408235
0.269478
0.137802
0.021213
0.448233
0.506329
0.128752
0.705129
0.641426
0.805907
0.949229
0.334384
0.929897
0.483262
0.940652
0.719318
0.888758
0.069849
0.319699
0.673363
0.487799
0.241065
0.753546
0.099689
0.999523
0.294016
0.14931
0.404063
0.915271
0.609007
0.057777
0.575453
0.690791
0.636881
0.598845
0.578727
0.294976
0.300232
0.118042
0.234749
0.625251
0.431551
0.042248
0.756058
0.194852
0.049542
0.976371
0.312708
0.717589
0.448006
0.205658
0.451012
0.219209
0.624193
0.229724
0.428788
0.283868
0.309951
0.048063
0.191309
0.908953
0.768384
0.659042
0.377789
0.899669
0.479213
0.449598
0.109396
0.52568
0.755946
0.808123
0.298321
0.761047
0.52707
0.362658
0.332523
0.380975
0.984815
0.369152
0.571874
0.893356
0.066597
0.573734
0.502883
0.01815
0.863286
0.03889
0.260565
0.376943
0.688589
0.250356
0.108373
0.145602
0.644137
0.975884
0.535719
0.278334
0.450253
0.557479
0.667018
0.480659
0.390254
0.95996
0.137042
0.365568
0.334392
0.419851
0.926658
0.58097
0.004584
0.465612
0.639491
0.242714
0.906821
0.734795
0.661012
0.115128
0.732009
0.889797
0.636485
0.571871
0.171211
0.192975
0.847302
0.280497
0.149451
0.084726
0.619768
0.938205
0.994178
0.918625
0.647331
0.40368
0.812836
0.859725
0.926855
0.826617
0.976826
0.081858
0.783542
0.740616
0.799683
0.069866
0.381802
0.68528
0.953873
0.134139
0.986685
0.902447
0.711895
0.943829
0.707439
0.353627
0.492016
0.23175
0.398182
0.341993
0.437161
0.192171
0.538965
0.347413
0.292416
0.311024
0.852727
0.279092
0.315952
0.100072
0.085897
0.279269
0.694647
0.793892
0.341734
0.176145
0.62112
0.61607
0.550337
0.771485
0.564554
0.593814
0.452588
0.429177
0.72698
0.982447
0.931841
0.788609
0.438208
0.483749
0.71714
0.427381
0.359937
0.434923
0.993279
0.581237
0.86501
0.80086
0.813996
0.244018
0.073691
0.869782
0.766096
0.405404
0.919042
0.56449
0.362708
0.057778
0.418912
0.826987
0.963686
0.634773
0.947436
0.98561
0.46231
0.761307
0.957919
0.675576
0.407772
0.590046
0.108729
0.986687
0.260997
0.085507
0.856897
0.55968
0.629721
0.449815
0.230482
0.850795
0.072866
0.373774
0.973117
0.804488
0.034263
0.924699
0.256816
0.690535
0.136325
0.754392
0.667411
0.170588
0.419226
0.174457
0.908525
0.839624
0.568145
0.735272
0.497202
0.573579
0.594819
0.163567
0.574005
0.754023
0.770677
0.477121
0.471087
0.897843
0.072114
0.492004
0.001946
0.308253
0.253109
0.509116
0.384876
0.251683
0.538129
0.166468
0.402482
0.37795
0.812739
0.076617
0.093365
0.307939
0.296559
0.605688
0.595955
0.716159
0.623719
0.282587
0.208117
0.361672
0.281607
0.377774
0.452518
0.711916
0.698353
0.742257
0.249299
0.87294
0.522255
0.838333
0.077619
0.896135
0.357396
0.815046
0.604115
0.207608
0.280051
0.75172
0.273904
0.631801
0.108682
0.111446
0.086511
0.849868
0.768857
0.028725
0.587277
0.695334
0.782113
0.176634
0.033999
0.012451
0.171896
0.382568
0.636384
0.409008
0.390945
0.733965
0.778544
0.500768
0.951181
0.288089
0.711522
0.08361
0.664409
0.634129
0.304904
0.669783
0.13285
0.960142
0.76405
0.48519
0.045001
0.589771
0.43588
0.405011
0.70995
0.160239
0.005347
0.222386
0.184095
0.101016
0.613528
0.905096
0.139893
0.044951
0.856403
0.16807
0.908395
0.96266
0.164643
0.691061
0.470388
0.444759
0.405561
0.436548
0.235283
0.717583
0.828361
0.476839
0.944557
0.971741
0.458032
0.519667
0.36117
0.250027
0.776315
0.510034
0.680866
0.244369
0.264415
0.867226
0.152611
0.442505
0.951585
0.491465
0.103943
0.759081
0.942309
0.122281
0.463238
0.899049
0.6562
0.245144
0.579694
0.222935
0.600592
0.066812
0.443329
0.825907
0.710667
0.237663
0.857748
0.65479
0.897305
0.054617
0.153159
0.526504
0.684911
0.996544
0.468964
0.464845
0.603312
0.250866
0.815613
0.587116
0.986868
0.336958
0.854888
0.995759
0.485113
0.220377
0.043692
0.525023
0.650822
0.021121
0.76268
0.775631
0.915375
0.008919
0.005714
0.656309
0.183773
0.074519
0.263089
0.301093
0.536773
0.386329
0.194982
0.10074
0.958197
0.34082
0.755337
0.803214
0.668996
0.510763
0.494298
0.923037
0.877816
0.309158
0.050831
0.940638
0.040091
0.258084
0.149646
0.257355
0.087803
0.832994
0.432989
0.529022
0.340802
0.989093
0.517184
0.337381
0.737556
0.846761
0.188974
0.228425
0.582115
0.638039
0.290234
0.848148
0.18199
0.347981
0.975594
0.458026
0.08425
0.96891
0.714539
0.351898
0.589046
0.649813
0.685197
0.928927
0.458258
0.202891
0.550418
0.74638
0.27193
0.380129
0.897124
0.353137
0.375732
0.707439
0.015595
0.3005
0.263882
0.416589
0.437142
0.780915
0.872855
0.231996
0.421253
0.50811
0.19826
0.034579
0.838104
0.63479
0.458787
0.086739
0.039176
0.945223
0.006205
0.831046
0.138532
0.13153
0.924862
0.871253
0.047753
0.256564
0.355331
0.09094
0.208966
0.296136
0.437181
0.566093
0.113725
0.477389
0.476792
0.28634
0.666224
0.061248
0.072718
0.841255
0.979636
0.695126
0.501626
0.988147
0.680157
0.130225
0.994639
0.585828
0.712263
0.305519
0.934433
0.505837
0.413915
0.638879
0.454825
0.158935
0.191269
0.710636
0.544527
0.875521
0.732285
0.852189
0.118698
0.020025
0.384172
0.353221
0.374654
0.124051
0.048603
0.116609
0.840368
0.245017
0.229276
0.706466
0.680782
0.731496
0.430493
0.584477
0.294944
0.697867
0.546557
0.740912
0.016823
0.145172
0.472019
0.40114
0.695036
0.356162
0.049521
0.584344
0.073776
0.021581
0.721324
0.899909
0.070849
0.747444
0.515125
0.893854
0.18086
0.195856
0.74371
0.311687
0.104521
0.371275
0.470642
0.99571
0.664432
0.404719
0.821807
0.244231
0.949935
0.267597
0.170046
0.199704
0.401004
0.385684
0.078134
0.45256
0.377097
0.206942
0.507134
0.692837
0.852473
0.062871
0.60973
0.350991
0.433152
0.967115
0.638427
0.499557
0.715787
0.495312
0.640186
0.93119
0.788764
0.465791
0.965683
0.84458
0.438322
0.867594
0.811106
0.865661
0.091667
0.79349
0.221211
0.471587
0.511897
0.922418
0.349617
0.249068
0.215311
0.190644
0.786009
0.873247
0.209001
0.929041
0.370655
0.820083
0.166905
0.009803
0.243861
0.588182
0.39516
0.698034
0.692025
0.493398
0.737237
0.657224
0.008226
0.757715
0.851857
0.420673
0.823322
0.51014
0.172895
0.807743
0.938219
0.002248
0.215371
0.713999
0.381059
0.609311
0.188264
0.582991
0.317802
0.075955
0.897545
0.494561
0.74777
0.903426
0.196951
0.685263
0.676479
0.592631
0.048024
0.042188
0.297912
0.041488
0.902132
0.071684
0.924896
0.094512
0.988254
0.498363
0.733667
0.22228
0.789716
0.609097
0.380971
0.07111
0.077138
0.899063
0.793375
0.109249
0.778314
0.95694
0.503956
0.077737
0.006273
0.71435
0.364871
0.898332
0.423546
0.336456
0.448717
0.651959
0.974656
0.687956
0.257955
0.592111
0.634669
0.003793
0.971214
0.014909
0.530424
0.559909
0.371123
0.9477
0.905848
0.526644
0.89448
0.802559
0.35429
0.543218
0.091663
0.839782
0.373886
0.17376
0.136374
0.470926
0.585605
0.314306
0.251333
0.389971
0.105023
0.959697
0.53763
0.674714
0.30083
0.690709
0.530404
0.903495
0.926526
0.574681
0.740916
0.737168
0.507623
0.86883
0.980367
0.728562
0.944122
0.378794
0.982252
0.618819
0.732027
0.638829
0.745446
0.727204
0.410854
0.310823
0.762665
0.942434
0.910713
0.933889
0.044581
0.839065
0.428389
0.028675
0.395566
0.162898
0.380218
0.809442
0.115379
0.036533
0.049717
0.757227
0.914971
0.355591
0.350215
0.186934
0.850176
0.076647
0.328399
0.924102
0.579676
0.143504
0.71955
0.289071
0.03291
0.262567
0.380507
0.332638
0.250049
0.958616
0.373742
0.51652
0.034281
0.078149
0.292829
0.269618
0.541215
0.423026
0.916206
0.559496
0.92013
0.386438
0.238338
0.16396
0.725536
0.891511
0.383364
0.969753
0.77436
0.263776
0.068222
0.017274
0.126596
0.445379
0.430121
0.774694
0.436884
0.10158
0.873735
0.456579
0.384127
0.272382
0.162779
0.417276
0.905505
0.500481
0.029399
0.525734
0.224572
0.713557
0.497376
0.157267
0.953005
0.21629
0.283658
0.35149
0.224127
0.442325
0.831988
0.07622
0.617266
0.966414
0.66491
0.705951
0.414981
0.996491
0.475677
0.174023
0.946572
0.052551
0.461938
0.594055
0.229192
0.537059
0.200637
0.419621
0.637897
0.502249
0.96047
0.009084
0.279932
0.195225
0.478427
0.146372
0.201379
0.74098
0.460247
0.648191
0.478464
0.335863
0.895319
0.347857
0.815058
0.44737
0.110818
0.396535
0.486385
0.77067
0.586193
0.320324
0.095106
0.396939
0.858932
0.63685
0.101859
0.724678
0.468854
0.030204
0.787245
0.706209
0.431772
0.648809
0.343349
0.367697
0.748131
0.971916
0.798284
0.757861
0.916403
0.521172
0.358926
0.462549
0.113451
0.828452
0.774509
0.975397
0.743219
0.123513
0.54208
0.136626
0.605365
0.966449
0.124179
0.646278
0.728028
0.454682
0.971452
0.800304
0.034329
0.703304
0.613613
0.294078
0.091862
0.541693
0.876704
0.732579
0.664528
0.681919
0.666167
0.21447
0.246528
0.224661
0.047217
0.453055
0.741919
0.451257
0.858001
0.603731
0.5676
0.950355
0.95084
0.448944
0.667845
0.453234
0.956973
0.746974
0.941179
0.413173
0.403086
0.366424
0.090309
0.257644
0.815077
0.32539
0.969606
0.46586
0.638546
0.685591
0.397318
0.709511
0.565974
0.05228
0.60816
0.684244
0.499752
0.550408
0.805119
0.604289
0.168587
0.757075
0.548784
0.562241
0.220158
0.953415
0.349604
0.765032
0.00197
0.433379
0.661983
0.55887
0.621234
0.587708
0.351969
0.22256
0.649864
0.100722
0.19978
0.173661
0.900814
0.462555
0.678675
0.936926
0.220012
0.474589
0.173336
0.761722
0.955915
0.477667
0.612121
0.236624
0.097578
0.503681
0.378117
0.411011
0.444665
0.791939
0.152326
0.249276
0.377005
0.965706
0.584743
0.709659
0.111927
0.735494
0.52523
0.012122
0.428851
0.424865
0.589727
0.769036
0.628608
0.847739
0.625167
0.084317
0.159937
0.754997
0.71571
0.106969
0.952217
0.144057
0.315156
0.703229
0.397733
0.482096
0.548834
0.021394
0.146907
0.536468
0.626211
0.426749
0.262418
0.102838
0.384417
0.30046
0.08379
0.755414
0.723066
0.941713
0.709385
0.651579
0.56746
0.44277
0.148153
0.154218
0.661794
0.75893
0.900643
0.680994
0.563911
0.766702
0.825103
0.364571
0.489993
0.694387
0.251802
0.213858
0.842268
0.906401
0.26139
0.648796
0.584758
0.350633
0.80589
0.871278
0.11748
0.759712
0.202643
0.695665
0.422154
0.692616
0.129819
0.177329
0.815063
0.573554
0.090313
0.99064
0.983729
0.64404
0.607881
0.851667
0.128508
0.062589
0.432634
0.97481
0.506597
0.888961
0.740938
0.837599
0.064096
0.389886
0.250656
0.763269
0.537838
0.557102
0.628486
0.104718
0.872107
0.573666
0.324056
0.857283
0.743086
0.602373
0.381483
0.778484
0.730678
0.34277
0.537841
0.798904
0.455481
0.571231
0.058381
0.887274
0.759643
0.017605
0.862574
0.761781
0.390206
0.660917
0.959709
0.066514
0.826945
0.640212
0.27925
0.416457
0.083674
0.285981
0.092652
0.350489
0.503631
0.126102
0.857756
0.116768
0.526851
0.780223
0.02554
0.90802
0.957268
0.468509
0.02373
0.107148
0.886559
0.532722
0.957571
0.741325
0.279781
0.250653
0.348373
0.148062
0.755551
0.261702
0.373633
0.801771
0.005963
0.943969
0.251264
0.053217
0.804941
0.852503
0.030972
0.620366
0.822145
4.2e-05
0.028713
0.237638
0.05952
0.899056
0.498217
0.109969
0.322947
0.446817
0.056313
0.962542
0.781055
0.095188
0.312325
0.043303
0.732723
0.85524
0.379682
0.411944
0.160791
0.486776
0.932003
0.400505
0.920441
0.3723
0.156367
0.167996
0.274586
0.752386
0.923916
0.850567
0.4461
0.821178
0.584369
0.877768
0.246097
0.096358
0.354856
0.042139
0.155276
0.462433
0.875689
0.806373
0.418622
0.559139
0.53331
0.871218
0.544045
0.841404
0.935744
0.152903
0.25358
0.745846
0.616227
0.05882
0.737958
0.494636
0.572973
0.951481
0.321201
0.379102
0.822712
0.364813
0.241776
0.618699
0.711392
0.416804
0.321384
0.07452
0.388047
0.997077
0.123537
0.436427
0.561351
0.568256
0.510307
0.521497
0.006488
0.459773
0.230866
0.527018
0.301751
0.165435
0.381358
0.974027
0.472512
0.63217
0.182968
0.931577
0.264961
0.140701
0.257394
0.351557
0.299466
0.758732
0.300501
0.110723
0.100882
0.832657
0.060797
0.247706
0.938074
0.527199
0.493326
0.252629
0.098484
0.307729
0.025397
0.607119
0.244211
0.191931
0.655946
0.811647
0.019152
0.851481
0.996119
0.590867
0.737905
0.855641
0.04856
0.525472
0.634672
0.152129
0.920607
0.046872
0.201931
0.011293
0.618824
0.26869
0.478162
0.429756
0.234374
0.179799
0.320448
0.034491
0.15347
0.831173
0.289793
0.817088
0.217387
0.900159
0.996393
0.382437
0.850922
0.371577
0.456849
0.162481
0.983148
0.439265
0.45623
0.322868
0.837723
0.857327
0.94909
0.124578
0.520406
0.276577
0.671828
0.721091
0.258375
0.538658
0.206316
0.468154
0.39495
0.098736
0.883178
0.833007
0.83595
0.363929
0.958535
0.291994
0.284242
0.891924
0.086274
0.216581
0.458994
0.302407
0.633115
0.359422
0.831095
0.202879
0.140426
0.361308
0.967097
0.70381
0.48753
0.312246
0.527678
0.029611
0.99093
0.336275
0.532126
0.81257
0.61722
0.238651
0.878447
0.47519
0.741687
0.396647
0.835163
0.715806
0.599608
0.858914
0.341441
0.721988
0.382939
0.200783
0.319669
6.1e-05
0.623442
0.249007
0.167664
0.234112
0.127945
0.597677
0.723157
0.7149
0.795656
0.006163
0.097534
0.468251
0.854274
0.609788
0.949414
0.418463
0.288921
0.760233
0.792595
0.0839
0.302652
0.628039
0.470361
0.529772
0.596057
0.842079
0.097999
0.29943
0.536058
0.180011
0.487602
0.859187
0.159746
0.6777
0.900551
0.569124
0.150563
0.880709
0.792779
0.880948
0.606618
0.473422
0.091577
0.146509
0.881955
0.045561
0.811295
0.236184
0.151723
0.261236
0.614132
0.596687
0.070727
0.892973
0.365462
0.562818
0.124933
0.647232
0.157006
0.20553
0.997588
0.67895
0.315961
0.559988
0.448016
0.940043
0.778206
0.282133
0.501683
0.296808
0.522897
0.193975
0.014266
0.896513
0.03843
0.78772
0.503149
0.640059
0.513896
0.556404
0.413502
0.040273
0.44573
0.547868
0.7568
0.805789
0.340847
0.74649
0.249875
0.506485
0.610969
0.601307
0.942327
0.638638
0.656509
0.588705
0.899677
0.320655
0.107053
0.809618
0.320845
0.138126
0.88986
0.94484
0.341916
0.353134
0.05288
0.615164
0.354073
0.74762
0.766477
0.757021
0.836219
0.442111
0.960009
0.12896
0.34586
0.22308
0.97682
0.93129
0.768984
0.239846
0.749837
0.282968
0.946381
0.060964
0.949738
0.079017
0.638526
0.140009
0.480662
0.853903
0.489972
0.318061
0.80243
0.283204
0.703584
0.205685
0.533784
0.30687
0.557645
0.774948
0.575424
0.831026
0.398814
0.796403
0.313574
0.658812
0.226071
0.68431
0.811711
0.607809
0.96382
0.289308
0.345945
0.698117
0.136641
0.083002
0.653818
0.7974
0.315468
0.092972
0.090143
0.181716
0.497023
0.119862
0.308677
0.575455
0.953102
0.836934
0.228716
0.675257
0.666335
0.797849
0.145892
0.865996
0.331888
0.169604
0.1383
0.720773
0.383724
0.923871
0.109202
0.96007
0.231854
0.600643
0.983816
0.378256
0.342468
0.858828
0.69452
0.743496
0.200529
0.202346
0.215296
0.588332
0.605612
0.839617
0.850672
0.532965
0.846846
0.314517
0.075599
0.585934
0.553427
0.532325
0.104473
0.364719
0.523893
0.362684
0.404394
0.408067
0.693404
0.258436
0.304227
0.669505
0.549446
0.627627
0.148398
0.841448
0.243108
0.808669
0.801734
0.184373
0.342988
0.593048
0.923833
0.237008
0.306986
0.93684
0.715458
0.239943
0.792806
0.275045
0.758155
0.482468
0.331659
0.143025
0.986434
0.209762
0.371647
0.749377
0.871373
0.888915
0.455335
0.643657
0.874883
0.157241
0.409504
0.263224
0.833626
0.85168
0.763836
0.965468
0.601899
0.953153
0.835244
0.342965
0.635256
0.03452
0.431226
0.614568
0.368207
0.078503
0.332957
0.492834
0.235334
0.866201
0.827873
0.529363
0.964458
0.207512
0.684416
0.776391
0.575055
0.744561
0.774803
0.168773
0.660705
0.33994
0.410224
0.735146
0.481892
0.835686
0.557727
0.111458
0.92145
0.684616
0.330489
0.205485
0.779151
0.467987
0.440863
0.521849
0.274865
0.749058
0.621695
0.039896
0.976451
0.703425
0.376938
0.942985
0.397335
0.584131
0.181773
0.523838
0.291713
0.753158
0.014843
0.191845
0.426747
0.951049
0.604254
0.393561
0.191082
0.499289
0.676223
0.175451
0.947579
0.083151
0.257869
0.654067
0.251552
0.837976
0.897618
0.058314
0.942736
0.458021
0.655787
0.376366
0.233602
0.960625
0.031083
0.544701
0.280941
0.446404
0.20433
0.275745
0.636134
0.600897
0.201719
0.349581
0.752262
0.26636
0.952703
0.358381
0.200508
0.964063
0.679857
0.424243
0.060455
0.304159
0.975576
0.291229
0.015921
0.346976
0.886495
0.611805
0.315181
0.050536
0.101054
0.110159
0.777805
0.903706
0.431665
0.181257
0.189911
0.143319
0.784101
0.773883
0.432405
0.795859
0.447234
0.129039
0.436911
0.822445
0.471965
0.869178
0.28938
0.271901
0.805477
0.489937
0.326335
0.368794
0.046019
0.68497
0.021761
0.935891
0.987823
0.453826
0.964887
0.745026
0.655106
0.44738
0.906155
0.401
0.534249
0.554401
0.030434
0.439658
0.433638
0.367761
0.475422
0.622702
0.052362
0.426074
0.470085
0.645386
0.011536
0.60448
0.152006
0.378082
0.105195
0.264858
0.025848
0.585022
0.879857
0.969626
0.831531
0.037851
0.316899
0.119653
0.66882
0.474144
0.357361
0.889569
0.934935
0.816765
0.776564
0.30254
0.175966
0.190054
0.220513
0.853744
0.152321
0.282483
0.243364
0.696128
0.651409
0.734091
0.803239
0.151284
0.579924
0.242129
0.880055
0.757384
0.282565
0.369057
0.489205
0.860927
0.307945
0.964898
0.673423
0.060363
0.771724
0.845454
0.434908
0.058269
0.935061
0.948394
0.947352
0.81167
0.578971
0.694094
0.837019
0.913167
0.553089
0.456854
0.379554
0.153611
0.113981
0.078489
0.86299
0.142681
0.996341
0.708505
0.422282
0.95875
0.100816
0.274886
0.43088
0.061961
0.865508
0.797308
0.681784
0.007009
0.304428
0.459812
0.601975
0.831351
0.128825
0.222662
0.536535
0.473313
0.972654
0.385281
0.393334
0.381659
0.615201
0.160266
0.141941
0.657572
0.259542
0.375474
0.775256
0.694818
0.26781
0.128269
0.090087
0.283036
0.229338
0.07226
0.672943
0.045064
0.322411
0.629935
0.576051
0.477389
0.642789
0.119638
0.007625
0.045141
0.79012
0.515691
0.264133
0.814353
0.431393
0.889484
0.350874
0.062681
0.093376
0.123527
0.969733
0.614339
0.55118
0.092601
0.320449
0.782926
0.575596
0.043202
0.150489
0.727798
0.117945
0.012523
0.527919
0.127468
0.591298
0.889282
0.807841
0.337231
0.762252
0.168272
0.778285
0.923658
0.52097
0.074995
0.07082
0.57268
0.457252
0.051099
0.514524
0.79249
0.173381
0.41464
0.994325
0.986003
0.957033
0.730535
0.570547
0.20977
0.14353
0.780608
0.270355
0.755809
0.975432
0.924077
0.402226
0.327404
0.631041
0.636684
0.64724
0.889481
0.375548
0.374341
0.004421
0.324915
0.240023
0.506574
0.678726
0.646577
0.84225
0.575371
0.13471
0.408288
0.055567
0.260224
0.098159
0.286704
0.59226
0.898086
0.945863
0.842296
0.653522
0.066217
0.885158
0.565958
0.02907
0.935949
0.007963
0.491769
0.370457
0.598934
0.828016
0.149886
0.167625
0.449516
0.234308
0.731699
0.249099
0.614194
0.246738
0.148911
0.266257
0.866279
0.136341
0.319816
0.866374
0.877973
0.585433
0.11686
0.811299
0.439442
0.38823
0.797654
0.567996
0.334816
0.828369
0.047426
0.334449
0.038093
0.917777
0.032845
0.169265
0.579547
0.744304
0.985159
0.071374
0.436014
0.243824
0.086124
0.090794
0.195543
0.310989
0.413779
0.52624
0.862425
0.246761
0.93919
0.648538
0.879214
0.650568
0.870343
0.749754
0.999118
0.418835
0.828717
0.830291
0.74736
0.121638
0.091276
0.956958
0.396872