1024 2
0
116
306
1
235
679
2
460
840
3
222
493
4
114
513
5
776
976
6
658
665
7
244
563
8
849
1008
9
574
769
10
389
790
11
271
838
12
557
743
13
356
389
14
246
978
15
33
567
16
141
290
17
576
809
18
42
340
19
703
801
20
618
917
18
21
502
22
296
499
23
124
169
24
99
369
25
520
566
26
313
717
27
204
265
28
195
874
29
154
211
30
466
698
31
289
474
32
763
825
33
431
704
20
34
850
35
907
931
36
755
772
37
498
927
31
38
754
39
418
949
40
190
283
41
109
630
42
765
993
43
92
502
44
786
940
45
362
661
46
337
476
47
189
785
48
247
498
49
434
564
50
160
996
51
272
449
52
942
1013
53
613
625
54
109
659
55
117
1005
16
56
223
57
62
599
58
61
624
59
155
165
60
407
689
61
681
687
62
73
180
63
737
801
64
81
293
65
84
1009
66
705
724
67
521
691
68
229
913
69
406
838
70
202
301
71
771
968
72
352
903
73
254
881
34
74
278
67
75
359
76
317
648
74
77
110
6
78
125
79
667
774
19
80
762
81
410
716
3
13
82
83
457
599
73
84
410
85
485
535
86
460
901
87
498
960
88
408
477
89
450
527
90
207
291
18
68
91
92
194
532
93
870
949
94
95
813
95
816
1004
96
355
776
97
397
626
98
261
314
40
99
683
8
100
848
101
374
464
102
574
644
103
135
802
104
147
812
105
497
575
106
500
664
35
107
414
92
108
987
109
412
638
110
312
361
111
128
926
112
441
1016
113
363
456
114
942
1006
115
591
988
116
396
764
68
117
447
118
308
352
119
564
870
120
239
433
118
121
959
122
229
240
25
92
123
124
234
271
125
685
979
126
855
1013
127
258
881
128
488
912
129
695
903
130
761
898
10
131
267
132
873
1007
133
890
954
134
363
1013
135
309
395
119
136
860
110
137
913
138
263
492
139
316
319
140
225
722
141
620
993
41
142
503
143
176
903
144
367
644
145
929
955
146
154
748
147
737
970
88
148
556
65
149
847
107
150
1022
151
180
676
152
581
665
153
357
699
154
714
859
155
729
824
156
197
1006
3
157
810
128
158
828
43
159
399
160
497
566
161
601
863
162
321
940
69
163
433
164
344
569
165
334
491
166
202
743
167
874
976
168
278
323
169
241
908
170
323
608
171
330
795
172
503
854
173
402
568
8
174
890
175
264
751
176
638
1006
11
177
771
178
312
596
179
216
521
118
180
799
181
541
739
124
182
638
183
273
494
184
322
421
185
542
966
186
201
784
187
431
693
164
181
188
131
189
1021
190
203
540
191
563
1022
192
392
481
193
459
779
194
286
466
78
195
538
196
373
405
197
216
861
198
238
243
199
380
860
33
200
516
201
598
1022
65
202
552
203
819
942
200
204
857
205
444
1018
181
206
669
207
639
714
208
582
820
30
209
403
184
210
852
186
211
972
59
212
892
122
210
213
214
375
387
215
461
741
68
216
951
21
217
258
218
351
671
219
669
903
220
861
932
221
225
690
46
222
325
223
551
695
224
420
858
225
345
572
226
422
995
227
288
963
228
511
970
229
750
800
176
230
936
231
815
858
232
260
400
105
233
402
76
79
234
120
235
489
236
398
607
237
280
472
238
296
755
239
349
814
240
502
706
155
241
309
242
302
876
120
131
243
244
499
859
245
508
715
242
246
968
122
247
913
248
456
992
249
624
959
115
250
758
138
251
282
252
653
980
237
253
284
94
254
938
255
879
881
256
280
367
257
309
1016
222
258
409
259
747
910
260
356
990
261
543
914
18
167
262
217
263
330
156
264
300
166
265
864
200
266
994
267
672
789
268
382
919
61
269
845
156
270
553
122
271
940
272
889
930
186
273
615
274
721
865
256
275
717
123
276
775
103
256
277
278
389
1019
279
327
595
280
498
717
197
281
607
282
677
937
283
301
425
110
284
690
285
774
796
286
585
903
287
559
597
288
397
641
289
308
366
89
290
627
212
291
714
36
292
872
293
344
857
294
318
872
295
350
427
8
296
401
12
297
695
182
298
595
38
299
958
300
550
639
38
301
948
284
302
768
93
303
516
288
304
915
147
305
314
221
243
306
55
307
893
13
308
929
112
309
783
310
465
498
309
311
815
312
823
988
313
796
823
314
640
955
198
315
1020
55
316
824
59
317
499
318
720
724
191
319
326
320
521
577
155
321
917
322
533
663
125
176
323
324
546
852
81
325
919
326
694
751
269
327
573
170
328
966
329
378
473
330
446
543
21
331
704
332
802
900
67
333
552
253
334
1021
335
620
870
336
536
969
337
673
882
74
338
435
339
493
554
157
340
660
341
660
737
342
684
905
343
867
962
43
344
673
221
345
421
19
346
596
347
590
966
348
653
999
349
927
1021
350
679
684
351
389
849
302
352
792
99
353
930
298
354
967
53
355
927
356
443
462
357
495
757
162
358
925
163
258
359
162
360
607
245
361
634
362
580
807
363
445
988
120
348
364
292
365
553
49
86
366
255
367
497
208
320
368
315
369
676
219
278
370
358
371
373
285
372
799
373
697
866
198
374
377
184
375
637
376
749
772
176
377
722
102
350
378
53
379
620
380
401
773
18
278
381
382
909
1007
280
383
858
384
766
768
42
385
529
373
386
559
105
257
387
363
388
973
380
389
584
341
390
911
315
391
847
392
621
678
135
393
842
22
394
847
395
454
468
396
446
950
397
558
699
312
398
572
147
399
942
400
738
750
238
384
401
402
637
891
403
744
919
222
404
701
382
405
899
406
623
932
407
516
550
408
638
808
409
710
912
397
410
850
86
411
527
56
412
909
413
437
853
414
854
985
340
415
445
219
416
642
54
328
417
403
418
616
419
878
893
420
565
1001
205
421
685
422
660
726
304
423
902
424
456
615
32
177
425
366
426
710
427
453
752
405
428
738
429
655
989
430
502
897
222
302
431
337
432
1012
418
433
888
434
933
1017
435
628
949
377
436
456
437
795
924
16
438
457
355
439
754
142
440
560
252
389
441
442
743
1019
282
292
443
245
444
629
445
630
643
47
446
626
447
621
991
380
448
553
82
88
449
450
553
563
350
451
915
452
620
667
262
453
893
15
411
454
21
133
455
448
456
959
52
457
483
241
396
458
229
365
459
460
603
650
135
369
461
195
288
462
228
463
588
177
464
691
279
465
633
466
739
985
12
467
553
204
468
751
140
469
694
408
470
608
328
336
471
190
202
472
415
473
988
247
474
523
65
475
542
149
476
964
398
477
574
478
855
893
318
478
479
391
480
695
326
372
481
380
482
658
81
483
556
484
742
819
90
485
640
384
486
659
473
482
487
343
399
488
18
489
537
490
606
729
491
958
964
275
492
744
14
477
493
158
494
572
383
495
955
274
496
554
497
579
1010
16
498
953
499
820
985
138
157
500
22
501
533
76
502
941
284
387
503
288
386
504
154
505
643
120
506
764
507
628
639
508
577
950
509
875
892
510
597
895
198
511
540
512
529
651
67
513
985
85
514
528
192
515
766
15
516
991
20
362
517
393
518
534
279
519
768
328
520
548
205
521
603
522
528
934
523
712
921
524
744
956
525
700
833
526
642
878
2
527
875
230
528
831
529
647
699
530
667
772
446
531
752
136
532
919
101
201
533
271
314
534
354
535
879
228
287
536
341
537
814
509
538
742
539
875
1015
202
540
826
116
513
541
287
523
542
309
543
973
544
688
725
262
477
545
35
546
733
421
547
759
548
627
942
365
549
939
550
667
960
259
477
551
521
552
894
148
202
553
278
554
852
483
534
555
556
559
955
359
557
741
75
558
1001
196
559
721
27
246
560
17
561
920
150
562
976
88
563
873
564
591
877
88
565
661
535
566
964
278
477
567
461
568
586
569
773
958
93
570
609
91
571
576
572
780
796
376
526
573
574
739
861
146
575
669
373
544
576
22
577
786
50
578
1017
579
951
952
178
509
580
140
581
651
582
860
950
45
114
583
325
441
584
585
737
753
166
586
780
79
375
587
151
588
894
218
589
763
407
526
590
401
591
966
40
103
592
509
593
1011
71
566
594
595
740
888
596
697
913
270
597
790
598
825
924
320
393
599
513
600
733
601
612
860
203
277
602
346
487
603
6
604
725
310
592
605
606
783
930
387
513
607
249
608
731
374
609
933
81
234
610
204
266
611
503
612
903
295
613
703
575
614
869
43
389
615
243
616
739
617
644
967
618
642
731
174
619
721
541
544
620
234
475
621
165
622
887
192
314
623
26
624
948
625
802
1011
626
646
980
149
509
627
184
628
779
76
629
985
311
630
632
389
631
804
205
632
785
44
633
940
416
634
972
271
630
635
17
581
636
637
818
936
638
754
808
500
639
852
258
640
685
283
641
1016
290
642
655
361
643
821
157
227
644
357
645
1001
24
498
646
304
316
647
586
648
983
49
649
930
131
375
650
267
651
765
652
654
1022
269
415
653
51
460
654
266
610
655
642
655
656
453
657
999
253
658
849
169
659
830
438
660
959
219
661
718
89
662
1008
26
287
663
487
664
842
354
618
665
214
431
666
630
667
859
499
668
772
255
669
903
312
412
670
184
671
680
376
610
672
18
673
799
349
586
674
616
675
921
221
676
886
525
677
826
123
458
678
124
618
679
182
674
680
64
352
681
305
682
764
653
683
934
184
684
993
79
642
685
682
686
1013
121
434
687
263
422
688
479
689
971
651
690
974
365
675
691
221
346
692
242
261
693
163
694
803
342
512
695
181
694
696
423
592
697
643
698
875
699
924
948
700
907
923
656
701
950
610
702
990
147
464
703
326
704
944
401
657
705
311
655
706
19
707
832
566
708
853
118
709
994
710
779
933
270
277
711
291
712
725
261
482
713
76
714
890
605
715
826
122
175
716
110
717
761
26
219
718
142
305
719
468
720
774
352
477
721
29
722
799
84
249
723
246
724
918
529
725
916
227
719
726
727
873
993
443
728
915
729
846
878
322
730
942
48
731
981
288
732
787
57
523
733
299
734
739
583
735
1018
536
648
736
737
764
782
501
554
738
31
739
994
243
441
740
26
138
741
695
742
926
292
743
802
618
744
859
48
745
1002
347
505
746
54
500
747
529
748
786
122
580
749
434
750
866
105
751
921
396
546
752
381
753
969
347
503
754
569
755
980
587
756
774
47
323
757
101
381
758
167
651
759
558
717
760
670
719
761
155
551
762
121
163
763
206
559
764
543
765
827
348
689
766
622
748
767
422
768
811
316
605
769
248
770
980
337
742
771
376
475
772
558
721
773
774
808
933
443
775
886
352
464
776
453
777
944
97
245
778
118
779
883
96
382
780
169
264
781
562
773
782
122
129
783
36
339
784
131
251
785
24
64
786
18
504
787
123
576
788
335
789
962
788
790
939
627
791
812
23
394
792
192
203
793
432
794
867
456
784
795
122
614
796
458
531
797
369
798
868
128
222
799
289
800
980
166
801
815
160
597
802
758
803
923
570
639
804
57
805
938
733
806
816
281
411
807
418
705
808
798
809
815
800
810
880
118
673
811
97
482
812
195
813
967
156
615
814
154
815
994
176
257
816
343
509
817
260
407
818
373
729
819
367
820
1011
667
821
884
343
682
822
455
539
823
99
146
824
399
444
825
60
138
826
142
484
827
5
828
1011
194
581
829
434
830
999
425
434
831
180
248
832
261
673
833
200
834
936
88
835
871
176
303
836
837
944
958
334
838
873
839
873
885
626
840
989
367
427
841
246
790
842
60
843
929
566
597
844
498
571
845
222
283
846
167
245
847
611
848
970
112
593
849
559
791
850
851
881
958
26
153
852
853
1009
1017
26
509
854
165
534
855
17
698
856
5
513
857
110
493
858
223
743
859
403
488
860
347
348
861
809
862
883
686
774
863
685
857
864
274
641
865
480
866
935
217
867
999
23
772
868
592
712
869
736
870
884
613
811
871
183
468
872
154
873
893
59
211
874
686
817
875
312
777
876
616
877
1010
245
878
968
9
63
879
550
822
880
108
400
881
152
882
884
159
883
893
567
884
886
81
680
885
700
767
886
317
367
887
282
856
888
685
889
934
705
890
931
409
572
891
308
467
892
178
893
984
399
894
969
424
895
982
480
629
896
61
319
897
482
766
898
348
613
899
130
135
900
326
842
901
175
902
997
394
903
988
307
494
904
302
494
905
402
906
1011
586
907
1022
749
905
908
83
485
909
170
491
910
225
444
911
149
195
912
686
913
1015
754
802
914
676
896
915
578
916
1010
603
679
917
376
396
918
743
919
965
51
672
920
372
424
921
349
824
922
122
279
923
118
759
924
265
888
925
740
926
978
730
927
1010
305
746
928
32
383
929
449
913
930
79
839
931
354
675
932
351
724
933
428
934
938
685
799
935
576
835
936
565
656
937
319
778
938
27
936
939
77
480
940
148
757
941
53
588
942
113
731
943
292
769
944
839
945
1010
472
874
946
76
365
947
499
876
948
522
949
988
236
644
950
876
946
951
287
952
964
228
284
953
411
924
954
203
222
955
782
917
956
415
767
957
452
958
1010
541
730
959
53
263
960
80
961
973
692
901
962
576
679
963
73
723
964
14
175
965
828
858
966
1
249
967
10
275
968
614
652
969
60
132
970
31
537
971
166
964
972
55
142
973
315
372
974
586
868
975
398
795
976
127
746
977
727
883
978
193
352
979
151
918
980
36
867
981
580
678
982
298
873
983
793
876
984
410
559
985
26
602
986
20
636
987
5
567
988
623
881
989
241
882
990
144
324
991
132
658
992
462
649
993
136
691
994
650
734
995
662
840
996
138
362
997
35
826
998
589
808
999
480
973
1000
180
675
1001
852
948
1002
21
753
1003
287
565
1004
46
368
1005
643
871
1006
429
846
1007
631
782
1008
414
564
1009
143
920
1010
234
701
1011
176
888
1012
380
955
1013
537
780
1014
213
355
1015
86
835
1016
108
365
1017
778
780
1018
602
918
1019
0
572
1020
0
688
1021
122
678
1022
44
139
1023
0.532174
0.55327
0.271666
0.650804
0.058536
0.999084
0.869807
0.831985
0.32981
0.514968
0.155373
0.692007
0.244691
0.876037
0.283449
0.885857
0.141718
0.348957
0.151931
0.907129
0.77626
0.832763
0.199607
0.217459
0.924283
0.539535
0.397539
0.509979
0.221658
0.206302
0.932999
0.352944
0.74084
0.657403
0.041856
0.874039
0.682046
0.002987
0.341133
0.792439
0.249657
0.669792
0.743217
0.784206
0.467116
0.951407
0.743389
0.540942
0.993271
0.81224
0.556552
0.828914
0.307011
0.869422
0.697272
0.525317
0.947412
0.972251
0.657918
0.346894
0.335044
0.554926
0.67707
0.83056
0.479793
0.145729
0.693704
0.595952
0.592785
0.84102
0.713232
0.818842
0.870423
0.624962
0.987056
0.678886
0.793305
0.920548
0.938457
0.400542
0.954277
0.215875
0.335894
0.189315
0.533465
0.859344
0.432496
0.707329
0.064759
0.55876
0.481905
0.723663
0.087499
0.215972
0.01731
0.429676
0.306266
0.158109
0.134629
0.402328
0.883406
0.708213
0.381632
0.557446
0.528587
0.072999
0.558221
0.55877
0.073747
0.079049
0.67305
0.473589
0.245311
0.610108
0.513552
0.623206
0.943351
0.072638
0.569891
0.90762
0.340792
0.142038
0.047515
0.108805
0.084088
0.784866
0.005254
0.080986
0.396472
0.676148
0.015456
0.562892
0.110376
0.723543
0.789941
0.229694
0.495357
0.65912
0.195439
0.353899
0.490129
0.624584
0.779341
0.828633
0.409883
0.260827
0.198316
0.38624
0.982312
0.41068
0.358893
0.51333
0.601354
0.805689
0.532542
0.127323
0.086166
0.452086
0.583058
0.634526
0.474137
0.973416
0.966955
0.629948
0.692807
0.267353
0.914899
0.404607
0.27148
0.67231
0.963095
0.427163
0.093682
0.518625
0.518288
0.018094
0.429022
0.003186
0.36093
0.326078
0.777978
0.370774
0.980387
0.884598
0.571954
0.322827
0.861908
0.827407
0.560023
0.989097
0.573892
0.958416
0.950814
0.759782
0.53208
0.065566
0.733138
0.688105
0.395139
0.979705
0.40314
0.902817
0.333267
0.572793
0.001528
0.830281
0.913167
0.390517
0.784494
0.249949
0.798009
0.922932
0.584089
0.270113
0.709241
0.653111
0.480492
0.770701
0.694687
0.495673
0.031649
0.02496
0.610747
0.649846
0.779859
0.520222
0.291264
0.210875
0.589454
0.789903
0.420125
0.487331
0.175198
0.374122
0.444647
0.727324
0.570093
0.672484
0.383725
0.585275
0.881267
0.610615
0.601059
0.937621
0.210854
0.577405
0.812494
0.168299
0.806582
0.607198
0.668404
0.912005
0.373653
0.050854
0.58954
0.200268
0.137556
0.821396
0.760306
0.661554
0.94604
0.857606
0.852725
0.140651
0.284717
0.74594
0.766362
0.863308
0.877356
0.593553
0.750298
0.229322
0.264334
0.156449
0.719225
0.057874
0.602386
0.607398
0.524037
0.110167
0.892297
0.321406
0.339234
0.201477
0.058249
0.441372
0.811333
0.697944
0.835707
0.847584
0.203719
0.291263
0.294215
0.04546
0.90749
0.879564
0.866844
0.74982
0.241544
0.978982
0.064909
0.090449
0.375211
0.513961
0.47697
0.412118
0.957238
0.552301
0.162924
0.034604
0.045975
0.904159
0.838546
0.627441
0.598072
0.643827
0.403998
0.780122
0.686534
0.057649
0.795642
0.273922
0.63344
0.689773
0.162818
0.767749
0.934711
0.912954
0.114337
0.196882
0.498064
0.586884
0.531946
0.275923
0.090338
0.072267
0.991485
0.643179
0.599872
0.937602
0.590392
0.09972
0.76162
0.436146
0.452464
0.068847
0.310612
0.359776
0.384014
0.15747
0.087709
0.174048
0.417682
0.831771
0.641407
0.755788
0.722592
0.50927
0.415449
0.626582
0.158129
0.006733
0.716506
0.491747
0.218405
0.41014
0.92903
0.639843
0.452268
0.378171
0.582172
0.668159
0.735413
0.985137
0.744915
0.535848
0.664055
0.127767
0.62292
0.06548
0.518357
0.377062
0.61177
0.094043
0.251247
0.220054
0.139133
0.214152
0.837243
0.899621
0.595258
0.56662
0.05174
0.942
0.125519
0.884783
0.184111
0.742534
0.53048
0.547481
0.250115
0.261027
0.515194
0.941307
0.009263
0.007882
0.844147
0.420171
0.571529
0.73242
0.84795
0.024945
0.69461
0.488155
0.363548
0.129269
0.403445
0.376839
0.00142
0.836175
0.76336
0.727997
0.987226
0.494517
0.806079
0.229455
0.611879
0.722067
0.896355
0.474319
0.322035
0.383411
0.477957
0.238458
0.209952
0.138163
0.740694
0.038387
0.618608
0.785585
0.474436
0.454259
0.239261
0.62145
0.00484
0.486379
0.450506
0.904957
0.095776
0.000993
0.585754
0.705328
0.060587
0.582706
0.598968
0.598762
0.232336
0.933738
0.087206
0.34756
0.468162
0.348737
0.023345
0.415409
0.082498
0.369028
0.521183
0.867172
0.654378
0.524164
0.178098
0.283073
0.535293
0.998298
0.029986
0.925561
0.81695
0.7479
0.862905
0.810416
0.495195
0.280118
0.490552
0.852666
0.033252
0.914762
0.831076
0.135952
0.114687
0.311102
0.176564
0.027097
0.463916
0.059601
0.490134
0.389153
0.190858
0.293218
0.713758
0.967609
0.095357
0.40008
0.818074
0.074794
0.461172
0.101919
0.982295
0.816018
0.134108
0.703335
0.550426
0.659134
0.54638
0.063087
0.151326
0.620716
0.496165
0.869677
0.447176
0.188681
0.38014
0.877754
0.924796
0.795814
0.100156
0.001905
0.769582
0.791799
0.451971
0.761786
0.483608
0.444936
0.642378
0.906019
0.844484
0.294891
0.547917
0.726221
0.095747
0.850214
0.645764
0.941683
0.790531
0.527664
0.270816
0.064189
0.350609
0.316066
0.620152
0.152705
0.245417
0.751598
0.696907
0.31021
0.912523
0.845804
0.628232
0.172847
0.320438
0.130005
0.652437
0.192517
0.407241
0.714202
0.951578
0.018445
0.473352
0.41716
0.503927
0.988546
0.788584
0.860231
0.216553
0.111253
0.769032
0.786631
0.468433
0.255061
0.192318
0.861079
0.485232
0.634247
0.797093
0.24407
0.34997
0.944628
0.601563
0.833775
0.894708
0.549501
0.035353
0.12348
0.210934
0.811026
0.947661
0.204558
0.726615
0.454521
0.866394
0.462017
0.785614
0.158987
0.049792
0.498881
0.825557
0.283681
0.291796
0.764448
0.029346
0.239894
0.332211
0.638276
0.024099
0.840225
0.918086
0.886904
0.686142
0.874749
0.062556
0.955874
0.172819
0.344174
0.048213
0.946708
0.182579
0.53202
0.403039
0.617084
0.459511
0.151953
0.406807
0.534851
0.233802
0.303316
0.925922
0.419011
0.677914
0.812289
0.747603
0.235606
0.663826
0.92874
0.034178
0.025593
0.944707
0.63929
0.34534
0.608942
0.451342
0.349304
0.252539
0.688446
0.706411
0.212466
0.46294
0.657476
0.414358
0.384734
0.96458
0.666995
0.525339
0.567638
0.825448
0.149397
0.04951
0.509531
0.738765
0.209717
0.30227
0.445417
0.100985
0.388378
0.949547
0.769994
0.011368
0.8329
0.486657
0.674777
0.173947
0.234794
0.528742
0.845436
0.371731
0.642249
0.777268
0.194857
0.660457
0.082555
0.968377
0.014761
0.059868
0.136036
0.783106
0.324641
0.744971
0.868416
0.970467
0.749136
0.018351
0.459431
0.280202
0.527167
0.443204
0.616275
0.4948
0.629804
0.914738
0.636634
0.670628
0.901129
0.535435
0.106597
0.557853
0.079373
0.190692
0.83123
0.058912
0.390717
0.284342
0.056152
0.459083
0.906347
0.156737
0.925278
0.652602
0.801108
0.432647
0.494634
0.239681
0.999869
0.670683
0.114102
0.157494
0.952596
0.551297
0.462027
0.730238
0.501754
0.113154
0.04449
0.115069
0.498075
0.632002
0.536659
0.225921
0.938426
0.767631
0.472404
0.505146
0.412477
0.484698
0.487084
0.617454
0.964885
0.087113
0.796467
0.090329
0.88959
0.241223
0.693449
0.710573
0.035876
0.926653
0.710522
0.377294
0.240453
0.906142
0.408088
0.264618
0.600872
0.048777
0.27403
0.49079
0.138062
0.581135
0.534302
0.577941
0.498405
0.796096
0.729893
0.593471
0.381973
0.313719
0.078204
0.264913
0.29415
0.405651
0.288305
0.155316
0.647129
0.429525
0.63654
0.127665
0.252991
0.437336
0.512308
0.998469
0.444109
0.11904
0.553172
0.691605
0.240453
0.943307
0.431604
0.756449
0.905436
0.285112
0.927997
0.05958
0.72471
0.52652
0.34895
0.180972
0.257615
0.008046
0.109865
0.786804
0.146817
0.167824
0.677519
0.080427
0.393184
0.335119
0.484354
0.271491
0.504288
0.645135
0.706613
0.587509
0.178413
0.411798
0.19068
0.555691
0.673134
0.526562
0.799732
0.135703
0.89827
0.825178
0.186267
0.447593
0.457201
0.096718
0.155666
0.57365
0.555163
0.49199
0.580695
0.622069
0.706124
0.954263
0.579143
0.614138
0.750324
0.135035
0.683676
0.248519
0.410455
0.32868
0.130967
0.655517
0.355373
0.892083
0.611147
0.248787
0.62737
0.347657
0.52829
0.915192
0.607753
0.4686
0.492743
0.850547
0.029476
0.572479
0.765822
0.2453
0.501156
0.716364
0.509923
0.530797
0.223628
0.750873
0.780218
0.978563
0.138758
0.173275
0.962679
0.557897
0.887632
0.618196
0.717415
0.596399
0.554131
0.193504
0.72317
0.468549
0.008227
0.743449
0.351299
0.394926
0.924277
0.757786
0.578957
0.736744
0.407926
0.088648
0.126733
0.910405
0.356486
0.499079
0.189249
0.956148
0.340704
0.655307
0.857753
0.71731
0.334446
0.250713
0.273541
0.609353
0.493792
0.237057
0.517174
0.798407
0.742648
0.02626
0.399127
0.205172
0.684419
0.045566
0.993913
0.915568
0.537728
0.747819
0.28767
0.342433
0.613134
0.554153
0.797725
0.928412
0.745509
0.364526
0.922263
0.845006
0.794391
0.797911
0.257198
0.735035
0.926992
0.322703
0.796892
0.316825
0.523061
0.828555
0.559563
0.994081
0.375542
0.63139
0.429263
0.918358
0.073692
0.081798
0.205115
0.830832
0.447895
0.715986
0.528175
0.93276
0.960996
0.306868
0.317788
0.131503
0.456288
0.205619
0.92214
0.345153
0.653775
0.719523
0.30379
0.429172
0.59063
0.984747
0.228879
0.950015
0.225066
0.799993
0.211425
0.443589
0.418689
0.176941
0.633878
0.644673
0.121595
0.877237
0.727841
0.020932
0.00046
0.989092
0.891138
0.525443
0.34048
0.74138
0.031819
0.664784
0.128298
0.078327
0.362563
0.520863
0.45592
0.9752
0.915234
0.811893
0.468186
0.287294
0.947289
0.885213
0.792599
0.366466
0.708439
0.530248
0.493621
0.444535
0.84243
0.288596
0.33324
0.478664
0.303706
0.416743
0.791183
0.085706
0.807609
0.599347
0.673244
0.096061
0.879916
0.009485
0.507492
0.471392
0.359007
0.966866
0.004567
0.628369
0.179206
0.005889
0.389605
0.407454
0.946156
0.92678
0.407091
0.854057
0.910345
0.605343
0.429074
0.646822
0.022918
0.87894
0.547718
0.700435
0.212951
0.303971
0.830685
0.882555
0.820414
0.695958
0.334082
0.052306
0.858053
0.181733
0.111188
0.524597
0.98848
0.942118
0.39228
0.690243
0.704342
0.552099
0.77658
0.581175
0.815291
0.390218
0.25524
0.230019
0.214176
0.726354
0.579239
0.353524
0.982248
0.003435
0.895967
0.033044
0.199094
0.395776
0.089431
0.421397
0.128842
0.249524
0.190787
0.326849
0.400051
0.960791
0.488718
0.075734
0.776988
0.592933
0.98882
0.193545
0.785958
0.515617
0.712699
0.018666
0.955025
0.28697
0.914587
0.289071
0.129641
0.206339
0.977402
0.100206
0.403949
0.954285
0.684813
0.163022
0.84022
0.063507
0.945811
0.324699
0.800572
0.928152
0.765735
0.203535
0.050461
0.512823
0.416234
0.417389
0.12351
0.27965
0.278367
0.638922
0.376791
0.389159
0.093851
0.139908
0.814343
0.000594
0.102763
0.663535
0.042306
0.505282
0.396359
0.582535
0.379022
0.412058
0.461023
0.571072
0.244864
0.429276
0.135013
0.678987
0.140401
0.106777
0.177602
0.763993
0.187184
0.907871
0.022629
0.287898
0.65633
0.491179
0.923642
0.894563
0.36167
0.03519
0.704231
0.778273
0.926194
0.126435
0.618478
0.512086
0.479851
0.566336
0.985083
0.528084
0.042632
0.163264
0.901616
0.327214
0.892058
0.66957
0.479889
0.633548
0.491715
0.992258
0.453301
0.669048
0.77067
0.638383
0.123249
0.052787
0.540722
0.340965
0.510524
0.939555
0.31813
0.004018
0.839469
0.349022
0.102533
0.065127
0.731284
0.274568
0.905872
0.909554
0.529236
0.732427
0.881123
0.315684
0.945473
0.595318
0.65635
0.830304
0.93033
0.01894
0.245295
0.458584
0.949305
0.246699
0.678186
0.385836
0.335436
0.732923
0.100611
0.782627
0.945823
0.41999
0.685161
0.565387
0.428585
0.561353
0.853725
0.573072
0.719892
0.599632
0.004009
0.312833
0.060399
0.499848
0.833228
0.224434
0.088206
0.992558
0.241662
0.593854
0.857811
0.351388
0.446533
0.752337
0.643222
0.331974
0.661529
0.41823
0.78241
0.556272
0.777735
0.158719
0.506767
0.863355
0.578934
0.145398
0.685766
0.077137
0.0032
0.757678
0.88357
0.331069
0.439115
0.728126
0.34466
0.8864
0.677804
0.975632
0.41927
0.943054
0.342501
0.637697
0.188185
0.185654
0.330788
0.489693
0.334386
0.432684
0.416886
0.442158
0.831868
0.846029
0.048605
0.494623
0.166438
0.838831
0.168644
0.269306
0.847084
0.173476
0.521678
0.219026
0.336451
0.312463
0.58597
0.163951
0.708109
0.46709
0.398859
0.648486
0.993225
0.16561
0.549192
0.114767
0.367775
0.123694
0.570857
0.733991
0.40682
0.949752
0.136651
0.341587
0.474791
0.377104
0.377657
0.596399
0.376302
0.584723
0.950657
0.922697
0.138842
0.891231
0.219911
0.703077
0.721305
0.206371
0.310379
0.850523
0.161734
0.036343
0.6306
0.045424
0.831128
0.344848
0.672869
0.791102
0.246261
0.118001
0.990861
0.839294
0.653552
0.172684
0.162615
0.820723
0.00382
0.226517
0.288659
0.584936
0.22932
0.808392
0.044532
0.97075
0.137356
0.718244
0.296338
0.582067
0.8398
0.0961
0.317965
0.928682
0.469373
0.598293
0.096292
0.75401
0.883988
0.920764
0.782647
0.999515
0.243535
0.747488
0.840372
0.739461
0.96851
0.583135
0.084916
0.223366
0.799102
0.74264
0.486947
0.397644
0.184903
0.427833
0.256622
0.095798
0.84845
0.47116
0.751388
0.272861
0.14101
0.382594
0.613314
0.430713
0.517569
0.31151
0.994159
0.271898
0.458158
0.559731
0.340456
0.836598
0.024217
0.538006
0.29637
0.597979
0.26045
0.68617
0.610612
0.637561
0.810721
0.979915
0.656792
0.910641
0.765632
0.117666
0.826266
0.724549
0.195028
0.222433
0.779385
0.049861
0.674264
0.896497
0.513081
0.160146
0.968448
0.12712
0.302075
0.152835
0.985346
0.190994
0.085317
0.151632
0.487839
0.606364
0.10382
0.086778
0.037849
0.135455
0.501063
0.053375
0.233316
0.960809
0.244615
0.780017
0.495179
0.925908
0.874121
0.159271
0.327935
0.684947
0.35693
0.274246
0.12434
0.216822
0.5349
0.783386
0.219592
0.32245
0.613408
0.334842
0.009189
0.977823
0.598931
0.203872
0.021729
0.22321
0.947508
0.61694
0.054562
0.91074
0.426143
0.104744
0.130896
0.338616
0.590711
0.729808
0.521439
0.480119
0.875506
0.684613
0.524095
0.795248
0.791182
0.657836
0.16376
0.776649
0.143255
0.200164
0.069767
0.198476
0.469373
0.114909
0.361782
0.630144
0.618535
0.327002
0.800483
0.210718
0.777387
0.127316
0.374685
0.458319
0.178206
0.830853
0.32388
0.08835
0.906632
0.530644
0.307368
0.895212
0.936166
0.228664
0.149659
0.722678
0.407165
0.156141
0.751272
0.159297
0.336384
0.812476
0.339823
0.365317
0.065826
0.30252
0.516316
0.480192
0.875276
0.945198
0.867397
0.547695
0.329998
0.89844
0.120855
0.379081
0.811692
0.670181
0.677139
0.33273
0.818879
0.703188
0.056995
0.323242
0.616511
0.94706
0.064495
0.628247
0.11376
0.984708
0.33959
0.797989
0.866131
0.68055
0.158212
0.325076
0.846092
0.861528
0.090659
0.686027
0.396514
0.800302
0.21621
0.478197
0.60757
0.052825
0.79293
0.571648
0.534996
0.106155
0.886209
0.50263
0.731743
0.172031
0.997499
0.765322
0.189891
0.826947
0.654056
0.625474
0.277381
0.101693
0.548907
0.259504
0.534412
0.946429
0.399188
0.30638
0.530764
0.597565
0.56092
0.323622
0.52231
0.669837
0.721252
0.222223
0.476834
0.889467
0.055652
0.290538
0.483665
0.458018
0.808346
0.697385
0.438974
0.478011
0.953926
0.438495
0.585017
0.638686
0.197817
0.931547
0.185172
0.253073
0.104191
0.529293
0.162558
0.062544
0.206511
0.381807
0.20146
0.472516
0.897455
0.32054
0.443677
0.713711
0.929418
0.296474
0.105047
0.336314
0.010821
0.566662
0.083519
0.4855
0.565522
0.588439
0.818213
0.153271
0.091692
0.7355
0.681232
0.160898
0.553174
0.492098
0.896529
0.005302
0.322394
0.940209
0.980135
0.205786
0.651738
0.726771
0.102106
0.565028
0.887081
0.676471
0.918741
0.726596
0.095397
0.142098
0.184059
0.433454
0.59568
0.498672
0.171493
0.752243
0.026627
0.462409
0.635456
0.54127
0.536869
0.196654
0.563612
0.167579
0.691953
0.990789
0.091999
0.976668
0.828363
0.142713
0.395076
0.578286
0.285121
0.869895
0.791323
0.142982
0.921483
0.262433
0.100261
0.240911
0.849909
0.782673
0.457752
0.377427
0.782194
0.793033
0.083994
0.044365
0.148348
0.392525
0.59895
0.716558
0.305541
0.828288
0.122145
0.24334
0.434535
0.576108
0.794246
0.086269
0.929482
0.917425
0.181001
0.239198
0.005693
0.333113
0.340797
0.873446
0.992255
0.086863
0.653105
0.90836
0.188758
0.633552
0.701641
0.644072
0.454069
0.116816
0.759324
0.977447
0.824652
0.910664
0.247509
0.280726
0.074929
0.418256
0.003708
0.288042
0.055561
0.814886
0.005484
0.580062
0.906578
0.522009
0.786219
0.493126
0.159453
0.560076
0.937721
0.680864
0.72791
0.539002
0.561187
0.867484
0.546151
0.406292
0.151248
0.190195
0.199548
0.489454
0.276608
0.174475
0.649488
0.961123
0.449619
0.53287
0.61279
0.08185
0.486835
0.963692
0.037056
0.092771
0.796557
0.806369
0.800028
0.484044
0.358149
0.670763
0.240453
0.732922
0.58202
0.782068
0.570063
0.220694
0.775723
0.234368
0.771542
0.757608
0.435378
0.524865
0.039239
0.822854
0.261207
0.72813
0.355625
0.871518
0.797262
0.738653
0.452311
0.968784
0.564502
0.974145
0.930239
0.353435
0.830169
0.914364
0.046759
0.821887
0.790461
0.656256
0.524958
0.698241
0.554985
0.987033
0.620391
0.503049
0.441142
0.871509
0.862517
0.739821
0.846671
0.622871
0.044588
0.30425
0.811344
0.275517
0.167967
0.907452
0.458226
0.756073
0.30595
0.665251
0.31545
0.614186
0.963102
0.466213
0.404728
0.380716
0.079883
0.020538
0.333879
0.182273
0.257846
0.853957
0.80311
0.180481
0.183984
0.933539
0.900038
0.610805
0.774425
0.278193
0.007163
0.180082
0.203119
0.633151
0.691332
0.32344
0.89032
0.359297
0.902472
0.038541
0.764141
0.955643
0.447696
0.891569
0.85275
0.740121
0.201277
0.694708
0.161012
0.36087
0.849054
0.011343
0.759127
0.152781
0.134179
0.881273
0.341205
0.164584
0.379242
0.540378
0.650771
0.397078
0.2819
0.841013
0.402967
0.214286
0.058305
0.570333
0.109699
0.264192
0.821303
0.549704
0.834347
0.317036
0.502761
0.003363
0.68757
0.7205
0.511455
0.594053
0.888425
0.466074
0.754462
0.794911
0.404954
0.893616
0.295942
0.511645
0.047188
0.001298
0.77771
0.438962
0.064922
0.900336
0.166772
0.383365
0.008976
0.908667
0.163531
0.147793
0.323957
0.547095
0.538144
0.818868
0.121014
0.255075
0.227111
0.306057
0.771126
0.966566
0.602883
0.141848
0.157528
0.763459
0.898786
0.164258
0.305868
0.644996
0.181984
0.009355
0.385479
0.277472
0.333365
0.290792
0.405385
0.110816
0.909575
0.129035
0.745392
0.07711
0.087897
0.465536
0.8605
0.365733
0.386745
0.875837
0.778743
0.054427
0.211773
0.159327
0.191545
0.768281
0.584996
0.970424
0.603485
0.073532
0.549462
0.426562
0.634092
0.789255
0.690597
0.609382
0.197238
0.412462
0.904897
0.473172
0.753726
0.718163
0.224393
0.41392
0.931268
0.080078
0.516828
0.824419
0.980215
0.645734
0.833835
0.360435
0.630213
0.388044
0.290028
0.377367
0.159667
0.769862
0.180567
0.666093
0.049915
0.38273
0.575395
0.03665
0.350547
0.886307
0.593619
0.809407
0.550546
0.869294
0.555657
0.524946
0.234871
0.415581
0.084633
0.364344
0.439188
0.006571
0.29861
0.103704
0.309333
0.047343
0.072694
0.365081
0.850996
0.236226
0.154979
0.880441
0.585728
0.49892
0.061733
0.727052
0.142335
0.528503
0.069232
0.426102
0.540653
0.381721
0.243633
0.317939
0.137959
0.931567
0.916785
0.560169
0.157898
0.830225
0.943971
0.251139
0.307396
0.514762
0.382287
0.273184
0.453838
0.676178
0.352602
0.646385
0.25016
0.659508
0.132183
0.876907
0.219785
0.20621
0.531655
0.417769
0.887815
0.16279
0.331994
0.990588
0.205917
0.123044
0.263633
0.382736
0.405569
0.40798
0.37419
0.235293
0.766462
0.443442
0.471187
0.96459
0.577845
0.140112
0.40305
0.115598
0.079023
0.730639
0.017725
0.258456
0.41574
0.1826
0.276854
0.974273
0.200144
0.99456
0.353749
0.731998
0.348799
0.706942
0.220356
0.498539
0.86135
0.128628
0.459948
0.688296
0.568948
0.641184
0.839588
0.504319
0.876813
0.442276
0.320635
0.523482
0.060341
0.816492
0.605499
0.751642
0.557443
0.900019
0.235227
0.772471
0.519896
0.21972
0.037876
0.585321
0.629278
0.345438
0.683925
0.411567
0.075581
0.678301
0.971969
0.410897
0.414621
0.903258
0.606378
0.833234
0.533241
0.108325
0.320853
0.748067
0.1299
0.028062
0.059507
0.996606
0.825234
0.937012
0.096515
0.814541
0.219516
0.692974
0.093898
0.689074
0.614193
0.243987
0.789639
0.551107
0.422321
0.04549
0.875408
0.830791
0.503585
0.906003
0.927062
0.756805
0.153786
0.130741
0.673824
0.766548
0.778604
0.082537
0.51841
0.116559
0.050813
0.71124
0.421893
0.863067
0.018302
0.936792
0.626444
0.470445
0.789236
0.289476
0.102049
0.400723
0.157622
0.12827
0.695616
0.903969
0.848569
0.661205
0.944296
0.721042
0.649611
0.241614
0.820565
0.232637
0.701967
0.845046
0.451418
0.006076
0.187189
0.621171
0.780251
0.909981
0.683192
0.68552
0.498076
0.953952
0.464318
0.531566
0.273203
0.13731
0.086842
0.851904
0.38486
0.499096
0.495416
0.406033
0.33071
0.188228
0.19887
0.612885
0.033
0.446825
0.013629
0.647813
0.244608
0.025751
0.612604
0.490387
0.46953
0.147245
0.78284
0.481975
0.901644
0.984604
0.95721
0.078554
0.160975
0.536861
0.281905
0.944324
0.567806
0.942723
0.426765
0.184571
0.278365
0.576922
0.469521
0.695516
0.535675
0.328039
0.242038
0.022049
0.453138
0.781793
0.689017
0.667999
0.911499
0.208821
0.875211
0.893449
0.993778
0.725128
0.139164
0.239268
0.535754
0.080521
0.311658
0.359394
0.076612
0.357955
0.063346
0.450679
0.048537
0.947686
0.696062
0.282366
0.173789
0.341199
0.922487
0.343321
0.927199
0.230253
0.773289
0.09086
0.821507
0.202127
0.667171
0.903159
0.351342
0.863052
0.721004
0.738624
0.965525
0.675439
0.065299
0.10843
0.044387
0.915785
0.418159
0.946195
0.397383
0.367818
0.62675
0.171895
0.958084
0.825829
0.378264
0.190133
0.861332
0.234703
0.80779
0.597975
0.781915
0.605498
0.298672
0.779798
0.982406
0.81528
0.324922
0.629243
0.912719
0.901571
0.64995
0.933744
0.289994
0.696533
0.859822
0.946059
0.611798
0.395479
0.206119
0.572285
0.195725
0.516837
0.850921
0.703687
0.760242
0.927656
0.294837
0.628831
0.12506
0.928448
0.311818
0.557211
0.340292
0.680023
0.730971
0.027104
0.75302
0.685855
0.098767
0.143797
0.252419
0.032331
0.937337
0.464217
0.236799
0.285857
0.19498
0.254587
0.592919
0.537281
0.498472
0.358226
0.935744
0.558267
0.590468
0.247895
0.046342
0.626316
0.82374
0.025848
0.465677
0.294577
0.337506
0.556797
0.690124
0.738546
0.971892
0.952343
0.561206
0.035233
0.506005
0.847867
0.485867
0.832505
0.860071
0.849242
0.705385
0.327495
0.946161
0.187803
0.913361
0.019965
0.370918
0.433752
0.776038
0.607931
0.235217
0.756716
0.605041
0.479155
0.124565
0.450635
0.746752
0.635116
0.89635
0.142726
0.16503
0.696502
0.323097
0.122969
0.856708
0.894267
0.379811
0.336827
0.860876
0.013764
0.929198
0.360854
0.141312
0.678043
0.013075
0.490417
0.23145
0.59145
0.692816
0.979171
0.469453
0.604606
0.85388
0.771899
0.350927
0.859002
0.067794
0.464328
0.036201
0.625802
0.505919
0.532763
0.280673
0.84892
0.891622
0.804685
0.422655
0.564531
0.829378
0.56051
0.753155
0.591342
0.464478
0.308175
0.268552
0.22165
0.80993
0.828634
0.666683
0.886255
0.887409
0.605353
0.587997
0.622413
0.102207
0.642182
0.837908
0.913136
0.220752
0.776682
0.15236
0.53981
0.486622
0.950065
0.598729
0.964474
0.940586
0.963244
0.92867
0.133272
0.303894
0.851744
0.513592
0.10463
0.666536
0.817755
0.372748
0.841819
0.718491
0.750009
0.67459
0.921345
0.503528
0.248374
0.56054
0.572474
0.816317
0.171046
0.254737
0.718149
0.860271
0.761351
0.791471
0.556672
0.451412
0.216133
0.134621
0.537567
0.35417
0.855839
0.038847
0.403978
0.842279
0.088881
0.896872
0.754257
0.686249
0.81049
0.089067
0.904015
0.46922
0.531642
0.437769
0.926201
0.296679
0.270619
0.195851
0.147115
0.24302
0.17638
0.255318
0.913517
0.752989
0.141795
0.487205
0.50726
0.220964
0.146341
0.978046
0.392033
0.831027
0.099427
0.511253
0.574934
0.899815
0.59444
0.887776
0.045794
0.158354
0.960878
0.634889
0.007349
0.56635
0.717573
0.366741
0.120109
0.490219
0.399422
0.420857
0.69953
0.599942
0.235282
0.010051
0.365976
0.325619
0.512305
0.877168
0.804412
0.999516
0.743074
0.528757
0.191689
0.5529
0.990537
0.932796
0.022549
0.084443
0.364137
0.646888
0.755265
0.111773
0.49343
0.162535
0.909575
0.924842
0.425847
0.045713
0.941757
0.851489
0.186508
0.853993
0.415931
0.578762
0.337737
0.062477
0.043083
0.352527
0.650315
0.149674
0.039117
0.486587
0.151471
0.448782
0.432863
0.502511
0.681325
0.46429
0.838956
0.224915
0.38216
0.352235
0.479495
0.943866
0.608604
0.357054
0.272558
0.165332
0.095242
0.642629
0.832218
0.246314
0.458939
0.788438
0.044264
0.764225
0.283604
0.215318
0.70131
0.824366
0.452091
0.01507
0.596699
0.431775
0.921459
0.889507
0.653839
0.835905
0.560401
0.914052
0.735694
0.845641
0.51563
0.51244
0.532902
0.677926
0.504322
0.161407
0.716996
0.86403
0.517956
0.009562
0.413133
0.781727
0.497306
0.444815
0.099516
0.237918
0.488877
0.883846
0.729405
0.448765
0.147876
0.153163
0.195964
0.166008
0.757889
0.843515
0.343906
0.057749
0.093322
0.694973
0.535608
0.315951
0.357629
0.664021
0.710989
0.020946
0.005588
0.321255
0.952293
0.690543
0.910536
0.461841
0.48015
0.961832
0.730027
0.379373
0.487392
0.197692
0.639221
0.816337
0.285032
0.828727
0.658661
0.815589
0.52004
0.162902
0.768075
0.935653
0.117483
0.347074
0.389394
0.728096
0.706158
0.002449
0.434733
0.786843
0.23937
0.302636
0.201469
0.135675
0.112263
0.494406
0.398808
0.365275
0.703421
0.897275
0.986667
0.646344
0.632818
0.526769
0.774346
0.677363
0.222333
0.850016
0.310833
0.86712
0.372474
0.118667
0.739729
0.228224
0.763487
0.102315
0.762099
0.338519
0.803866
0.870578
0.257522
0.012313
0.729576
0.379693
0.809908
0.953111
0.116419
0.539088
0.013719
0.742087
0.046506
0.557999
0.996883
0.27384
0.103786
0.63472
0.737027
0.924344
0.401671
0.185508
0.550932
0.814657
0.033627
0.874444
0.90812
0.666914
0.224187
0.046608
0.871222
0.476325
0.21123
0.917134
0.542879
0.748532
0.883466
0.3282
0.8549
0.236511
0.713649
0.941573
0.59907
0.23367
0.079275
0.114925
0.511452
0.765684
0.077748
0.822702
0.070708
0.914602
0.416017
0.678319
0.223012
0.644118
0.188276
0.010267
0.594555
0.398197
0.270343
0.428934
0.546707
0.895875
0.688246
0.051949
0.772637
0.447712
0.907306
0.353445
0.859407
0.722949
0.579863
0.287348
0.929275
0.473757
0.530564
0.345134
0.677439
0.288482
0.920908
0.463812
0.97304
0.227202
0.867743
0.570575
0.87769
0.308622
0.433301
0.63416
0.695646
0.804024
0.772266
0.530566
0.67156
0.057752
0.9895
0.861347
0.977236
0.436601
0.441629
0.043174
0.594696
0.434861
0.016921
0.282501
0.149744
0.532751
0.982644
0.234108
0.972579
0.359895
0.250803
0.274484
0.766939
0.598544
0.254149
0.561218
0.707198
0.817195
0.342818
0.574356
0.960005
0.816533
0.155863
0.000306
0.382909
0.920853
0.535302
0.834766
0.419782
0.677912
0.432306
0.808678
0.686982
0.141594
0.114687
0.832078
0.184881
0.333227
0.866837
0.24664
0.597916
0.224303
0.299412
0.440442
0.694564
0.671606
0.94203
0.588382
0.658423
0.256161
0.742694
0.654441
0.649679
0.098127
0.603862
0.326868
0.399744
0.834724
0.471858
0.401776
0.021139
0.083981
0.75369
0.487054
0.391369
0.872812
0.20314
0.983801
0.6462
0.603261
0.7303
0.310921
0.98689
0.550123
0.064969
0.888264
0.870348
0.522719
0.844667
0.010176
0.616166
0.070304
0.864025
0.397058
0.083145
0.286324
0.842606
0.83481
0.851957
0.168227
0.340782
0.520361
0.41042
0.276944
0.299952
0.926037
0.408855
0.787424
0.770247
0.953102
0.439865
0.582203
0.695834
0.543577
0.129578
0.453564
0.814435
0.282953
0.473526
0.693131
0.925168
0.025433
0.42153
0.445542
0.104855
0.582285
0.490198
0.388053
0.273963
0.22938
0.313583
0.035775
0.625523
0.626702
0.062609
0.538433
0.06757
0.746175
0.11348
0.107337
0.189717
0.436407
0.409224
0.362295
0.440485
0.297609
0.977917
0.620582
0.417725
0.919133
0.69624
0.928222
0.897684
0.377644
0.790328
0.403742
0.420157
0.610438
0.985179
0.641261
0.888462
0.588412
0.791045
0.261508
0.866403
0.399071
0.322901
0.578221
0.868731
0.0321
0.920135
0.337592
0.6525
0.924136
0.991194
0.320394
0.208828
0.815857
0.769587
0.784111
0.539618
0.739569
0.924966
0.65343
0.577571
0.591193
0.26133
0.583959
0.259863
0.15726
0.212277
0.079515
0.599907
0.574591
0.954975
0.808233
0.835509
0.058585
0.089798
0.136942
0.656453
0.724238
0.607855
0.934506
0.195153
0.20281
0.497166
0.032999
0.364375
0.517
0.142043
0.666805
0.130798
0.855502
0.27555
0.709276
0.533111
0.215507
0.57089
0.335687
0.140055
0.00403
0.217827
0.18709
0.844515
0.556999
0.461249
0.852103
0.243243
0.688389
0.358522
0.361488
0.861035
0.389249
0.200612
0.461787
0.509239
0.373517
0.443941
0.09485
0.353527
0.50614
0.960953
0.024216
0.487816
0.506559
0.112047
0.468081
0.743239
0.451919
0.581654
0.075004
0.046519
0.374399
0.109331
0.587764
0.98742
0.017207
0.191942
0.641716
0.116888
0.190392
0.801119
0.204704
0.359341
0.820402
0.29091
0.10815
0.324749
0.338221
0.670035
0.050373
0.20409
0.399681
0.213191
0.740586
0.28519
0.220043
0.620277
0.394339
0.5349
0.348088
0.359575
0.954299
0.184789
0.976727
0.932997
0.850512
0.64904
0.014873
0.567082
0.800733
0.260757
0.997399
0.680713
0.529312
0.193831
0.981777
0.813406
0.063739
0.51534
0.865492
0.080979
0.24402
0.451666
0.364634
0.61724
0.077084
0.586012
0.890441
0.776678
0.66013
0.730075
0.690873
0.932638
0.233429
0.798644
0.724421
0.504897
0.771251
0.361574
0.517789
0.356286
0.476848
0.169272
0.570706
0.553133
0.176577
0.650781
0.955338
0.647322
0.661712
0.976692
0.257523
0.343864
0.32604
0.566379
0.601225
0.315177
0.476497
0.494136
0.639876
0.78657
0.741226
0.130053
0.42432
0.068538
0.085679
0.435342
0.226363
0.571404
0.027879
0.940533
0.468127
0.331682
0.3034
0.407083
0.195582
0.802347
0.775503
0.539947
0.189184
0.399364
0.476477
0.821942
0.527507
0.497334
0.574384
0.629115
0.338953
0.645814
0.126511
0.523009
0.249805
0.638142
0.901011
0.624527
0.673231
0.436263
0.829998
0.28718
0.146954
0.426502
0.885861
0.563385
0.204451
0.205716
0.224573
0.103965
0.05281
0.440814
0.414225
0.505938
0.873735
0.213687
0.052761
0.893049
0.134452
0.670422
0.092652
0.837082
0.025765
0.06056
0.208765
0.266272
0.612417
0.653413
0.659019
0.043545
0.400196
0.469535
0.504214
0.690932
0.37092
0.21157
0.604953
0.989023
0.581057
0.295992
0.809011
0.738878
0.298496
0.139697
0.664649
0.499993
0.528403
0.164516
0.413637
0.916815
0.661245
0.017011
0.712909
0.661584
0.562937
0.493205
0.05461
0.793694
0.25481
0.793448
0.123203
0.991486
0.129577
0.86663
0.45297
0.127524
0.630115
0.753575
0.536126
0.872841
0.761975
0.273054
0.482881
0.044176
0.709978
0.964104
0.536072
0.818547
0.269765
0.461129
0.628612
0.757228
0.624178
0.437058
0.90225
0.033099
0.587613
0.715009
0.353734
0.616332
0.525023
0.238735
0.446991
0.849109
0.515053
0.413213
0.413556
0.035449
0.707031
0.599976
0.173685
0.026351
0.047587
0.877133
0.632331
0.20844
0.392998
0.006869
0.299331
0.375389
0.559743
0.271125
0.224949
0.672424
0.142765
0.999977
0.291271
0.277302
0.423764
0.840574
0.949935
0.604563
0.595489
0.584694
0.77646
0.625655
0.707644
0.342927
0.518877
0.495256
0.290341
0.204174
0.369058
0.920745
0.855163
0.305773
0.037747
0.725453
0.003038
0.825675
0.134171
0.97161
0.273857
0.92222
0.349815
0.590947
0.710528
0.439958
0.579771
0.228325
0.873254
0.576323
0.98185
0.886232
0.672093
0.945115
0.056179
0.238585
0.049342
0.14191
0.620714
0.058603
0.395002
0.259826
0.694032
0.891147
0.317225
0.276699
0.151569
0.83342
0.621267
0.961281
0.279699
0.897195
0.054943
0.761834
0.563934
0.046395
0.232779
0.327842
0.985705
0.752194
0.445705
0.895664
0.214948
0.15208
0.914548
0.802284
0.455883
0.006916
0.555462
0.129018
0.016975
0.607838
0.498346
0.122688
0.26381
0.045892
0.12109
0.755867
0.162398
0.189377
0.607199
0.852349
0.738818
0.803182
0.011378
0.321609
0.895787
0.194341
0.379857
0.814302
0.251623
0.229152
0.973475
0.224662
0.298832
0.57921
0.73112
0.618233
0.797114
0.37047
0.430825
0.483549
0.100739
0.091355
0.700792
0.828144
0.630195
0.571714
0.503001
0.142285
0.022514
0.01667
0.170979
0.860352
0.477309
0.340709
0.851953
0.339174
0.10221
0.633852
0.56103
0.079027
0.020002
0.589097
0.099932
0.379645
0.874182
0.81385
0.635346
0.988188
0.961325
0.141927
0.384943
0.42357
0.270785
0.622241
0.687789
0.495282
0.636971
0.995754
0.447031
0.858703
0.98965
0.231209
0.69372
0.369577
0.594762
0.776206
0.213137
0.871126
0.310939
0.509414
0.285733
0.260634
0.244804
0.03239
0.277948
0.528692
0.914424
0.074662
0.311502
0.439869
0.874287
0.09683
0.860458
0.184048
0.598935
0.391616
0.814311
0.027733
0.729905
0.960327
0.260972
0.740779
0.690089
0.483781
0.983094
0.976097
0.76233
0.203151
0.709936
0.152013
0.52664
0.975124
0.544037
0.24113
0.904134
0.674543
0.057608
0.474694
0.988021
0.229149
0.205622
0.577935
0.246141
0.926862
0.3784
0.274546
0.332362
0.211121
0.736159
0.218499
0.200638
0.149264
0.523216
0.198873
0.658924
0.798733
0.302669
0.156005
0.937861
0.723717
0.723043
0.877923
0.522328
0.69845
0.61468
0.119551
0.350819
0.762276
0.211603
0.37405
0.384033
0.660984
0.648886
0.171725
0.000936
0.860012
0.401279
0.989554
0.163435
0.178334
0.95157
0.042486
0.928489
0.548712
0.91478
0.890981
0.032615
0.845272
0.109812
0.277031
0.92004
0.639814
0.443437
0.721655
0.487246
0.928295
0.47625
0.364531
0.075763
0.65017
0.692941
0.652368
0.92242
0.632045
0.648082
0.742018
0.404837
0.056036
0.608095
0.870835
0.913293
0.925626
0.022009
0.051395
0.925184
0.021271
0.015931
0.473467
0.24317
0.56128
0.44993
0.794955
0.972005
0.615624
0.541722
0.746434
0.210909
0.460954
0.302782
0.399436
0.409567
0.475017
0.759337
0.199919
0.522652
0.250688
0.559544
0.084107
0.32098
0.279401
0.615117
0.357113
0.156299
0.151134
0.73314
0.713866
0.760135
0.855269
0.350229
0.935838
0.69553
0.446687
0.506629
0.868272
0.236354
0.393643
0.692113
0.15691
0.219591
0.957936
0.711074
0.193808
0.715556
0.509539
0.411467
0.56791
0.603732
0.260877
0.7733
0.287514
0.966726
0.645516
0.934241
0.570966
0.229604
0.515708
0.897212
0.20191
0.14022
0.436406
0.906249
0.295249
0.715552
0.927199
0.93299
0.283324
0.231404
0.277361
0.064257
0.685931
0.562719
0.28641
0.37386
0.908505
0.23041
0.196858
0.153031
0.197599
0.271956
0.737462
0.564294
0.752695
0.476314
0.935112
0.238511
0.611158
0.646406
0.659639
0.800261
0.336806
0.701539
0.048918
0.055162
0.760638
0.862251
0.38029
0.365515
0.008618
0.426781
0.106902
0.306946
0.891579
0.450485
0.40029
0.905657
0.324834
0.203921
0.620172
0.480918
0.53035
0.119669
0.454944
0.885103
0.619197
0.753752
0.792283
0.626307
0.424764
0.2122
0.234018
0.36147
0.568551
0.52387
0.106209
0.908962
0.192225
0.281128
0.133772
0.832278
0.293145
0.583178
0.101237
0.987544
0.566859
0.814225
0.254571
0.585752
0.21271
0.937697
0.046512
0.7179
0.351098
0.475728
0.204465
0.071889
0.301509
0.98565
0.752276
0.512975
0.121714
0.707319
0.504723
0.345535
0.588548
0.909212
0.628587
0.609657
0.559247
0.638609
0.684465
0.561809
0.738531
0.000376
0.841225
0.384188
0.541368
0.696612
0.606051
0.683291
0.710234
0.74795
0.524057
0.350094
0.153514
0.450111
0.837005
0.428455
0.86956
0.295127
0.222439
0.114377
0.976895
0.302149
0.775209
0.725855
0.282127
0.297102
0.548556
0.406357
0.738945
0.174807
0.559836
0.161257
0.541647
0.556527
0.121704
0.116573
0.677795
0.465299
0.429924
0.740094
0.394137
0.944982
0.524012
0.077334
0.752048
0.009802
0.058733
0.5181
0.336843
0.300226
0.42238
0.009215
0.32258
0.460992
0.672015
0.71344
0.339242
0.794521
0.695963
0.082218
0.8774
0.875782
0.054678
0.559742
0.948842
0.490686
0.981939
0.128528
0.710601
0.162534
0.205182
0.281462
0.196317
0.003111
0.149978
0.927859
0.651764
0.016215
0.810964
0.301339
0.703507
0.301034
0.434486
0.152696
0.903827
0.347324
0.385225
0.993092
0.120822
0.003689
0.177274
0.254325
0.275085
0.4055
0.351224
0.579355
0.978119
0.361007
0.628561
0.150614
0.573139
0.089832
0.011262
0.05594
0.535089
0.164047
0.482362
0.808167
0.14721
0.852505
0.281004
0.989823
0.472436
0.550504
0.673383
0.655557
0.19701
0.61781
0.116532
0.926528
0.369394
0.926962
0.804132
0.718313
0.869124
0.67604
0.503746
0.446372
0.217831
0.224638
0.544507
0.224361
0.510515
0.513148
0.138836
0.657165
0.49312
0.882409
0.902345
0.002123
0.344431
0.422794
0.594412
0.349117
0.948702
0.430713
0.277668
0.013785
0.255487
0.98439
0.7937
0.725716
0.076866
0.583043
0.9641
0.456105
0.138602
0.883149
0.962415
0.699457
0.084431
0.129181
0.470687
0.991618
0.95564
0.4561
0.903701
0.735031
0.389207
0.449121
0.570746
0.033871
0.926706
0.132983
0.138463
0.382038
0.23789
0.027902
0.73449
0.894493
0.411507
0.560272
0.857291
0.769958
0.927283
0.217571
0.774106
0.17561
0.75016
0.327271
0.251467
0.548516
0.545427
0.890723
0.287083
0.17196
0.532108
0.950711
0.466128
0.616476
0.54072
0.461298
0.272904
0.704023
0.930115
0.740071
0.509793
0.574656
0.683384
0.335081
0.096113
0.762214
0.344982
0.653636
0.184501
0.836144
0.294473
0.767234
0.812641
0.595058
0.820934
0.504845
0.804831
0.004539
0.610466
0.855059
0.57578
0.2248
0.467239
0.411653
0.674089
0.793414
0.026483
0.62559
0.343966
0.729234
0.877788
0.839545
0.751057
0.634557
0.247237
0.70305
0.233936
0.453799
0.790683
0.832265
0.264211
0.378467
0.943265
0.846862
0.41613
0.320209
0.119086
0.449847
0.385779
0.461765
0.363231
0.012272
0.655652
0.194412
0.035405
0.257163
0.245679
0.610401
0.442334
0.366907
0.473511
0.933382
0.766025
0.037289
0.650483
0.433555
0.970329
0.734565
0.493102
0.144423
0.366378
0.233388
0.655851
0.960252
0.559382
0.88297
0.16568
0.294859
0.209736
0.136927
0.364282
0.859887
0.646835
0.524944
0.111283
0.840755
0.911428
0.867392
0.546025
0.665022
0.901626
0.28405
0.603083
0.826554
0.567948
0.309946
0.577655
0.65606
0.275261
0.487565
0.595849
0.690274
0.479832
0.674557
0.12218
0.855342
0.293092
0.758713
0.875656
0.424243
0.15919
0.180395
0.639184
0.210285
0.8633
0.58694
0.574336
0.017099
0.5161
0.207577
0.662287
0.519752
0.504065
0.956331
0.578484
0.203805
0.590588
0.193258
0.981353
0.146663
0.063645
0.088114
0.011791
0.018147
0.919032
0.378751
0.075616
0.534145
0.819939
0.014727
0.591867
0.756938
0.017744
0.616151
0.597094
0.342263
0.432123
0.827608
0.626105
0.783208
0.270918
0.99116
0.629165
0.289251
0.748859
0.451501
0.216515
0.569214
0.209932
0.863787
0.036266
0.078349
0.95286
0.537511
0.916622
0.411526
0.662642
0.847632
0.403867
0.536764
0.689962
0.957588
0.583367
0.189771
0.719736
0.63171
0.472717
0.629245
0.334224
0.416153
0.706794
0.051845
0.036259
0.393342
0.317718
0.506763
0.36676
0.389805
0.274245
0.52919
0.823463
0.086218
0.749637
0.72513
0.327131
0.745869
0.009631
0.754411
0.259835
0.806999
0.791069
0.481702
0.020829
0.098551
0.162489
0.379851
0.98755
0.034228
0.494691
0.389511
0.64814
0.160404
0.061435
0.264868
0.222727
0.389455
0.102041
0.530502
0.964666
0.666729
0.149231
0.22104
0.580323
0.681726
0.406792
0.579303
0.036153
0.844779
0.751151
0.003247
0.949626
0.879362
0.734018
0.291891
0.932818
0.531317
0.235029
0.450869
0.910664
0.369769
0.065333
0.787606
0.500188
0.276731
0.241034
0.737412
0.187675
0.706847
0.183602
0.336714
0.863057
0.161031
0.196844
0.144822
0.962665
0.314879
0.995517
0.718181
0.027798
0.280357
0.321758
0.174156
0.002037
0.805035
0.958616
0.939658
0.433712
0.480002
0.505992
0.649622
0.966721
0.601121
0.695584
0.33643
0.645142
0.754618
0.586801
0.901508
0.203466
0.14661
0.072688
0.126421
0.550378
0.318663
0.227195
0.692959
0.895026
0.888015
0.354906
0.718684
0.786953
0.473173
0.268519
0.089402
0.676577
0.918043
0.869037
0.856752
0.733117
0.959142
0.040913
0.349597
0.093314
0.570092
0.113119
0.031443
0.220305
0.065981
0.789841
0.920151
0.57419
0.179108
0.925206
0.113918
0.394639
0.031661
0.227759
0.291073
0.626756
0.183474
0.362734
0.34553
0.19279
0.263284
0.681863
0.81399
0.622435
0.842115
0.548561
0.383194
0.989599
0.536965
0.592071
0.879937
0.228177
0.760637
0.249371
0.818705
0.206153
0.189421
0.452187
0.089159
0.22364
0.697257
0.786619
0.852252
0.998065
0.17886
0.63402
0.917323
0.869801
0.172723
0.509357
0.600639
0.733357
0.790952
0.323753
0.43556
0.69411
0.889531
0.370271
0.537753
0.193464
0.722394
0.058801
0.939188
0.329636
0.141494
0.812774
0.902952
0.513767
0.765848
0.358824
0.909744
0.862167
0.539643
0.432243
0.000347
0.435368
0.742416
0.039512
0.565194
0.905583
0.931187
0.137681
0.581415
0.30672
0.359443
0.562765
0.788884
0.103859
0.319646
0.354333
0.762824
0.576089
0.25453
0.173643
0.852881
0.982018
0.833545
0.958487
0.711404
0.265761
0.62693
0.512172
0.493905
0.513784
0.309089
0.85063
0.314737
0.676632
0.163879
0.742763
0.604683
0.070139
0.177177
0.084785
0.957347
0.365406
0.109515
0.077799
0.905182
0.768983
0.389551
0.985967
0.733506
0.95305
0.391465
0.500493
0.594502
0.277293
0.932967
0.136829
0.261398
0.595281
0.423286
0.348368
0.963211
0.946394
0.433882
0.998675
0.63612
0.23163
0.294861
0.796057
0.243993
0.018622
0.193645
0.680358
0.334853
0.687015
0.148317
0.709645
0.930135
0.521154
0.233948
0.807607
0.346948
0.16502
0.542114
0.680972
0.817279
0.319609
0.645789
0.697793
0.096374
0.38168
0.347167
0.156068
0.413411
0.926603
0.195106
0.823438
0.418249
0.509523
0.298216
0.916708
0.852601
0.441751
0.904318
0.770838
0.40868
0.818099
0.108556
0.505027
0.663484
0.255697
0.715033
0.446317
0.605028
0.837073
0.186646
0.815795
0.340937
0.213784
0.729004
0.248466
0.244504
0.142056
0.568551
0.920431
0.093613
0.941608
0.889753
0.837165
0.287256
0.712624
0.280854
0.785871
0.175846
0.477911
0.286854
0.029987
0.868696
0.133102
0.19607
0.333194
0.481826
0.738467
0.033446
0.068928
0.593465
0.09843
0.590807
0.491584
0.997512
0.123898
0.248309
0.50953
0.750357
0.112856
0.752752
0.917281
0.613607
0.051717
0.901399
0.996959
0.031898
0.099725
0.696342
0.171847
0.965974
0.824489
0.507128
0.778446
0.505599
0.135538
0.685976
0.077549
0.206961
0.525483
0.232671
0.108
0.345402
0.102497
0.687711
0.833494
0.935016
0.073504
0.367864
0.812605
0.700248
0.424701
0.650004
0.123757
0.145208
0.555023
0.066103
0.667773
0.440867
0.313828
0.388527
0.342514
0.760848
0.879448
0.102648
0.203464
0.706792
0.256302
0.207415
0.405433
0.122235
0.975668
0.412124
0.201895
0.055654
0.081659
0.30922
0.468044
0.642022
0.653432
0.031636
0.81113
0.451158
0.376412
0.322798
0.359126
0.840601
0.667861
0.507944
0.377814
0.485903
0.954672
0.429342
0.84705
0.03648
0.671538
0.847646
0.161264
0.774797
0.005
0.345917
0.955306
0.133166
0.200926
0.024106
0.595468
0.151495
0.091038
0.035437
0.694211
0.119137
0.545055
0.130487
0.803009
0.913865
0.515793
0.334762
0.031066
0.710685
0.187334
0.983855
0.126563
0.154435
0.498278
0.1158
0.502926
0.283087
0.443528
0.835238
0.38912
0.935282
0.814668
0.878179
0.506041
0.739034
0.005953
0.272909
0.698592
0.906093
0.945404
0.592771
0.46455
0.093288
0.76742
0.469981
0.518414
0.602435
0.229147
0.294929
0.886026
0.458949
0.362189
0.618272
0.878961
0.128894
0.481385
0.881
0.886654
0.095366
0.812956
0.99996
0.423974
0.679598
0.299819
0.335552
0.816944
0.297993
0.156275
0.149807
0.638245
0.457346
0.606587
0.273906
0.673446
0.763208
0.30913
0.902271
0.100466
0.772986
0.355833
0.922492
0.626049
0.784837
0.064937
0.917915
0.503405
0.282076
0.934557
0.045603
0.503971
0.130459
0.621176
0.989887
0.255312
0.731309
0.890252
0.909404
0.714887
0.618225
0.328591
0.750163
0.362477
0.287073
0.883865
0.962437
0.475656
0.061807
0.871617
0.809119
0.17384
0.268893
0.60083
0.769224
0.072215
0.810461
0.70304
0.67748
0.271419
0.356816
0.766733
0.400892
0.777869
0.688883
0.783736
0.320859
0.945846
0.813594
0.078028
0.255891
0.538276
0.864258
0.204216
0.952894
0.719994
0.942706
0.739739
0.455122
0.364771
0.267228
0.266775
0.822706
0.438284
0.327729
0.075848
0.725703
0.67148
0.865129
0.346554
0.282611
0.937567
0.804175
0.804539
0.667752
0.105053
0.508778
0.268307
0.121901
0.163492
0.220138
0.498175
0.86438
0.470159
0.944741
0.991709
0.539347
0.191791
0.47275
0.371223
0.181057
0.618664
0.656246
0.617559
0.512085
0.840978
0.7672
0.407281
0.091236
0.36492
0.094815
0.335084
0.125595
0.497441
0.038749
0.676909
0.184897
0.84999
0.142749
0.315145
0.23703
0.621619
0.131367
0.130481
0.866127
0.922405
0.425978
0.149025
0.267808
0.289094
0.648682
0.765753
0.24461
0.604279
0.33936
0.849135
0.503099
0.394538
0.448355
0.31382
0.447582
0.89543
0.083786
0.71116
0.861018
0.35969
0.543276
0.287561
0.274915
0.853932
0.262498
0.361516
0.086211
0.814236
0.902553
0.073166
0.499749
0.1216
0.832355
0.820063
0.261755
0.595459
0.937797
0.411197
0.718181
0.458464
0.803156
0.298026
0.455205
0.053706
0.045965
0.9029
0.149634
0.849578
0.311632
0.376131
0.960608
0.022507
0.745296
0.629538
0.096425
0.702131
0.54871
0.386969
0.562899
0.938987
0.87651
0.182232
0.399164
0.879417
0.117384
0.431095
0.538688
0.540848
0.771974
0.613047
0.622493
0.701693
0.642569
0.945682
0.550507
0.963627
0.441221
0.955636
0.234991
0.66378
0.946143
0.30291
0.582187
0.251109
0.445138
0.323909
0.382379
0.770591
0.42287
0.55999
0.441143
0.518529
0.978398
0.219604
0.932156
0.56869
0.314124
0.450485
0.10675
0.682959
0.084797
0.783715
0.011093
0.510293
0.522527
0.262388
0.487985
0.927943
0.00871
0.044349
0.690446
0.845115
0.305208
0.233397
0.008039
0.061248
0.889198
0.14545
0.576155
0.568587
0.213439
0.97127
0.888914
0.074941
0.143257
0.937877
0.860893
0.490843
0.071449
0.420719
0.89676
0.22222
0.606845
0.572926
0.793788
0.17568
0.772837
0.917161
0.352724
0.505421
0.134366
0.479091
0.944501
0.677253
0.252789
0.430603
0.245331
0.087886
0.157052
0.890506
0.675921
0.45251
0.334835
0.291769
0.484382
0.697039
0.9734
0.977071
0.877271
0.345155
0.438678
0.887981
0.392547
0.08771
0.122299
0.319557
0.275229
0.562539
0.43857
0.216169
0.837257
0.284009
0.878356
0.854706
0.045587
0.016936
0.414583
0.193033
0.727084
0.877977
0.121272
0.743797
0.094687
0.695729
0.897077
0.512206
0.197551
0.30551
0.521658
0.192021
0.725033
0.843745
0.100724
0.048482
0.479227
0.810569
0.633031
0.86232
0.507592
0.590152
0.884336
0.167206
0.829789
0.486532
0.830599
0.763102
0.765252
0.350023
0.40463
0.612409
0.552436
0.031305
0.834634
0.229772
0.027224
0.616411
0.776933
0.18336
0.313397
0.717197
0.767747
0.316065
0.854562
0.746166
0.068111
0.028472
0.780198
0.285191
0.053749
0.922586
0.610731
0.922563
0.512836
0.333863
0.850517
0.964162
0.444634
0.981439
0.28653
0.180327
0.406839
0.022097
0.902405
0.220565
0.689928
0.493996
0.443507
0.211923
0.755425
0.293627
0.954385
0.952954
0.782794
0.661091
0.804409
0.64637
0.03857
0.142722
0.833558
0.337139
0.81676
0.988682
0.677397
0.684927
0.225714
0.882954
0.414512
0.08416
0.588955
0.583751
0.58786
0.653403
0.081251
0.208872
0.903495
0.998178
0.468657
0.898018
0.40473
0.15878
0.533617
0.322446
0.983648
0.944396
0.430579
0.29055
0.242239
0.418122
0.865135
0.01598
0.669912
0.644047
0.809333
0.984952
0.975616
0.026438
0.350779
0.140978
0.354422
0.251511
0.254158
0.994141
0.034682
0.457073
0.205181
0.019634
0.284477
0.164273
0.54599
0.059785
0.983218
0.302406
0.140977
0.495348
0.26157
0.426756
0.411186
0.024067
0.707616
0.309493
0.591298
0.689631
0.604678
0.364671
0.189481
0.645688
0.275599
0.528845
0.6702
0.731019
0.587045
0.461129
0.225204
0.934449
0.590632
0.793415
0.281009
0.162435
0.739573
0.343893
0.605282
0.290345
0.801618
0.611486
0.975187
0.070503
0.248839
0.672207
0.245328
0.175555
0.076633
0.708135
0.261662
0.490716
0.269627
0.922131
0.306547
0.401949
0.194427
0.006707
0.147604
0.568069
0.203737
0.014441
0.576845
0.96788
0.545689
0.536266
0.903115
0.222671
0.715703
0.245811
0.862619
0.862081
0.35413
0.579077
0.909367
0.699969
0.534782
0.76285
0.112336
0.297735
0.128182
0.019315
0.485015
0.389487
0.492737
0.811111
0.702948
0.85426
0.80866
0.488782
0.691882
0.65979
0.890386
0.120609
0.104175
0.673702
0.344365
0.680821
0.593328
0.645735
0.90141
0.938277
0.179073
0.015409
0.606536
0.807043
0.528377
0.852784
0.185584
0.954008
0.270077
0.612456
0.752019
0.055597
0.55568
0.427677
0.094502
0.307385
0.056977
0.105862
0.98648
0.186384
0.484693
0.023907
0.076221
0.490061
0.80382
0.519204
0.891722
0.657871
0.305525
0.336472
0.198459
0.737681
0.527711
0.001737
0.83318
0.288534
0.594498
0.242921
0.093712
0.128238
0.049133
0.452513
0.14875
0.346728
0.343855
0.482408
0.024936
0.551869
0.791153
0.773717
0.77831
0.464814
0.563146
0.805444
0.003158
0.07516
0.128774
0.576516
0.829398
0.475018
0.557577
0.707712
0.014256
0.790982
0.247269
0.540986
0.319261
0.457821
0.755968
0.632255
0.240589
0.200335
0.355278
0.344427
0.18861
0.80272
0.42281
0.454414
0.285155
0.612964
0.295597
0.36185
0.173531
0.258719
0.05741
0.442479
0.288305
0.786465
0.166496
0.419195
0.18858
0.513699
0.720585
0.854888
0.421536
0.790258
0.709794
0.89465
0.502588
0.74033
0.972931
0.434506
0.502784
0.293429
0.449817
0.585225
0.274181
0.392268
0.946773
0.801705
0.715224
0.024068
0.65964
0.022084
0.86617
0.417178
0.024825
0.789062
0.901593
0.415016
0.496093
0.362333
0.134204
0.104162
0.962268
0.246698
0.755999
0.113587
0.536805
0.681379
0.254959
0.440867
0.034799
0.851489
0.26721
0.568739
0.582801
0.367763
0.957739
0.020332
0.301901
0.634267
0.514292
0.166252
0.441433
0.460521
0.803
0.857553
0.803146
0.959987
0.071674
0.285928
0.829424
0.912999
0.338903
0.475235
0.301391
0.591931
0.349668
0.880936
0.576063
0.321646
0.406345
0.117463
0.888202
0.030026
0.458716
0.839668
0.727005
0.02966
0.296886
0.928873
0.916359
0.001834
0.772767
0.513152
0.429985
0.715787
0.370442
0.841882
0.992046
0.197819
0.251972
0.212703
0.231164
0.372809
0.005374
0.480501
0.446773
0.572315
0.400933
0.651055
0.673931
0.051083
0.089242
0.89292
0.98911
0.56294
0.04561
0.362027
0.625535
0.286317
0.610247
0.084293
0.523063
0.568879
0.592864
0.23107
0.315461
0.932586
0.118332
0.371408
0.273681
0.973994
0.492249
0.705794
0.242569
0.07362
0.585085
0.314077
0.242853
0.677798
0.99043
0.205989
0.078723
0.110417
0.258607
0.777029
0.853674
0.348694
0.656027
0.424841
0.752151
0.834612
0.147183
0.238595
0.883932
0.265679
0.94929
0.213153
0.915914
0.616483
0.431924
0.534038
0.630392
0.59639
0.472617
0.980997
0.985451
0.919078
0.030463
0.092258
0.050752
0.327709
0.116357
0.476768
0.411667
0.262689
0.770452
0.385664
0.648334
0.928295
0.74555
0.619626
0.020765
0.854379
0.570129
0.509893
0.627085
0.669329
0.348196
0.576898
0.18573
0.420204
0.467393
0.10369
0.247058
0.456308
0.309491
0.243215
0.28914
0.20351
0.429023
0.720345
0.307555
0.747725
0.058932
0.258373
0.26144
0.587499
0.104243
0.56509
0.998644
0.175497
0.274152
0.594746
0.080764
0.580049
0.802891
0.303855
0.949165
0.700908
0.767695
0.378884
0.306225
0.086217
0.220303
0.158988
0.951936
0.465914
0.062945
0.339264
0.020835
0.261956
0.377987
0.834006
0.406818
0.340351
0.332313
0.870373
0.227821
0.329986
0.966102
0.973168
0.09185
0.598645
0.307445
0.84796
0.864207
0.604401
0.825283
0.817063
0.331185
0.831042
0.471101
0.320901
0.755753
0.547536
0.409049
0.93971
0.5544
0.576952
0.371158
0.438166
0.199096
0.796361
0.994726
0.003151
0.201784
0.289993
0.469995
0.032842
0.26693
0.922267
0.652663
0.525248
0.672196
0.643257
0.369299
0.023528
0.502411
0.415115
0.50886
0.853188
0.285513
0.936594
0.132268
0.869049
0.358829
0.582861
0.696365
0.440152
0.575337
0.294626
0.126468
0.083492
0.925406
0.990677
0.076737
0.135826
0.091065
0.720929
0.306337
0.319135
0.074821
0.932292
0.084626
0.769242
0.719138
0.317663
0.655004
0.706502
0.833652
0.532042
0.834923
0.786158
0.657522
0.91097
0.230797
0.807404
0.337916
0.064276
0.614126
0.477736
0.702037
0.150836
0.021116
0.736197
0.675319
0.605608
0.658427
0.1922
0.441493
0.467221
0.204562
0.639721
0.019251
0.926092
0.517675
0.274098
0.945719
0.824168
0.579246
0.761418
0.295533
0.639569
0.204934
0.686201
0.28004
0.062256
0.217545
0.125987
0.813359
0.404008
0.1154
0.608778
0.132778
0.638568
0.02913
0.785966
0.036387
0.218891
0.882314
0.47046
0.176273
0.350999
0.278939
0.205077
0.369982
0.299527
0.054468
0.87206
0.02292
0.725174
0.13475
0.927649
0.630612
0.1946
0.090826
0.438373
0.218275
0.071197
0.561036
0.282412
0.244785
0.110888
0.568556
0.755373
0.891251
0.836812
0.615904
0.131845
0.309557
0.459633
0.859181
0.704857
0.727884
0.943414
0.64529
0.212446
0.373605
0.047824
0.701837
0.868633
0.119065
0.74313
0.9689
0.98158
0.826152
0.143592
0.91554
0.954522
0.118256
0.85733
0.468149
0.760061
0.428834
0.717988
0.545642
0.095726
0.625515
0.387201
0.641672
0.076942
0.714181
0.471322
0.658202
0.857468
0.78073
0.370303
0.842039
0.910424
0.866018
0.476715
0.894763
0.744544
0.253299
0.905221
0.782569
0.9226
0.225515
0.477008
0.942483
0.991871
0.254659
0.732025
0.033123
0.179855
0.982264
0.296407
0.7518
0.899649
0.387265
0.995127
0.273286
0.182029
0.235728
0.439543
0.470902
0.723653
0.670529
0.968367
0.566954
0.884344
0.367897
0.518455
0.070922
0.563721
0.081675
0.754247
0.507835
0.656086
0.981401
0.942516
0.451245
0.355234
0.29311
0.103665
0.054511
0.43632
0.523346
0.820913
0.473413
0.825374
0.465788
0.358422
0.112611
0.014822
0.289326
0.887518
0.591207
0.936723
0.476262
0.011155
0.266564
0.892248
0.053892
0.320742
0.898809
0.718399
0.226973
0.948448
0.574953
0.233657
0.119835
0.443294
0.68552
0.436349
0.995405
0.415628
0.438503
0.443392
0.337824
0.927971
0.819941
0.622689
0.513384
0.06416
0.380551
0.083228
0.019379
0.310232
0.282808
0.171241
0.397225
0.444108
0.634829
0.149552
0.845249
0.906484
0.356219
0.863396
0.163377
0.766922
0.616197
0.422662
0.127577
0.461532
0.738668
0.52061
0.664163
0.713126
0.935023
0.787784
0.08323
0.131033
0.464881
0.940002
0.260245
0.142904
0.160436
0.948666
0.421388
0.816989
0.914404
0.672465
0.688716
0.576014
0.25389
0.38098
0.06012
0.733767
0.469754
0.924828
0.707641
0.145621
0.101176
0.791655
0.586716
0.684612
0.47331
0.591627
0.505628
0.639263
0.030768
0.927922
0.779805
0.063326
0.55077
0.538598
0.583373
0.938813
0.251247
0.698226
0.598027
0.401483
0.571347
0.335942
0.068999
0.643354
0.752994
0.508168
0.476881
0.130448
0.542778
0.404483
0.771381
0.584185
0.705124
0.308876
0.995277
0.320113
0.372303
0.422641
0.222503
0.84422
0.677273
0.164708
0.872072
0.980474
0.12745
0.895958
0.945438
0.31336
0.362455
0.701734
0.729062
0.347569
0.044899
0.065906
0.701521
0.901522
0.819211
0.761955
0.291991
0.403934
0.09004
0.89596
0.017868
0.008513
0.912934
0.300876
0.749265
0.796779
0.933776
0.683578
0.129948
0.542769
0.480162
0.036496
0.718923
0.727719
0.30996
0.2683
0.726123
0.471708
0.530737
0.475332
0.282419
0.772649
0.523639
0.901477
0.997224
0.319235
0.734016
0.960044
0.216171
0.363258
0.928349
0.339552
0.151846
0.410281
0.767912
0.111237
0.617343
0.760238
0.730012
0.452012
0.866264
0.776062
0.429302
0.207784
0.404363
0.744417
0.069891
0.275523
0.849296
0.869378
0.935537
0.692469
0.914272
0.441037
0.502946
0.1752
0.309096
0.625363
0.562581
0.073849
0.57113
0.529354
0.300764
0.374205
0.252605
0.385879
0.345375
0.947957
0.353975
0.491609
0.798233
0.088532
0.020045
0.334991
0.662173
0.804688
0.210804
0.323012
0.386821
0.241051
0.7019
0.294434
0.982786
0.164411
0.072246
0.665303
0.778227
0.410302
0.371657
0.716737
0.963225
0.28461
0.059881
0.174416
0.9673
0.637424
0.09991
0.355673
0.063434
0.576965
0.080197
0.867859
0.453548
0.04634
0.193129
0.073166
0.003234
0.041702
0.115318
0.947914
0.932813
0.859823
0.967733
0.893795
0.046086
0.719317
0.955218
0.639667
0.887316
0.281771
0.198171
0.223345
0.77036
0.374066
0.445918
0.982321
0.492999
0.084258
0.430993
0.662309
0.90858
0.853672
0.301341
0.377196
0.938213
0.969316
0.509037
0.553772
0.905218
0.139568
0.33214
0.326776
0.982032
0.922653
0.41579
0.088736
0.615836
0.626823
0.918464
0.078975
0.91162
0.650492
0.067454
0.481138
0.051199
0.05381
0.425845
0.370049
0.862555
0.476878
0.689062
0.934463
0.446397
0.182851
0.082989
0.843942
0.678766
0.943825
0.496164
0.082833
0.158618
0.897157
0.276568
0.771505
0.982315
0.925018
0.327655
0.225218
0.516071
0.851759
0.932319
0.039638
0.615786
0.113496
0.326521
0.033614
0.848119
0.39394
0.152919
0.7532
0.190264
0.828517
0.146747
0.330266
0.493308
0.209811
0.241822
0.626276
0.020971
0.486899
0.596657
0.414756
0.818972
0.819912
0.793874
0.641911
0.215655
0.794403
0.003123
0.470141
0.730653
0.133816
0.177746
0.640079
0.643658
0.991643
0.155688
0.43687
0.73514
0.104067
0.470154
0.855278
0.492238
0.274196
0.235918
0.009514
0.011058
0.303728
0.933363
0.32948
0.959394
0.36843
0.536601
0.863018
0.516683
0.11538
0.418315
0.769772
0.593615
0.118177
0.390877
0.786989
0.400577
0.185577
0.199179
0.046992
0.25568
0.269039
0.890646
0.894987
0.513802
0.544134
0.608064
0.519267
0.468116
0.10467
0.971082
0.173865
0.408248
0.432577
0.184119
0.225933
0.412564
0.48277
0.531845
0.743917
0.623763
0.145007
0.133134
0.436336
0.050887
0.644805
0.083879
0.695049
0.379017
0.383554
0.300111
0.015626
0.161917
0.037643
0.44921
0.328886
0.073857
0.327124
0.160808
0.128796
0.409412
0.571591
0.830708
0.766103
0.36006
0.851647
0.981449
0.13947
0.954489
0.429111
0.416121
0.655909
0.287929
0.977941
0.377419
0.687129
0.439773
0.767234
0.200191
0.192755
0.103256
0.091408
0.308665
0.66057
0.294304
0.801588
0.920033
0.55266
0.998232
0.952563
0.219478
0.612921
0.83874
0.439339
0.153981
0.384802
0.785761
0.426424
0.058662
0.54198
0.359272
0.792074
0.450732
0.691639
0.360943
0.412309
0.783113
0.273875
0.656159
0.067055
0.899148
0.882634
0.831232
0.626866
0.901739
0.652065
0.674718
0.340479
0.473897
0.970715
0.757535
0.175519
0.854451
0.551394
0.968251
0.152662
0.887644
0.302222
0.969423
0.027568
0.796838
0.128834
0.754887
0.340412
0.116111
0.896669
0.362692
0.230124
0.334243
0.670485
0.756325
0.230348
0.784816
0.456199
0.798014
0.102147
0.378963
0.965294
0.432908
0.293728
0.908421
0.428625
0.336472
0.812132
0.287198
0.154441
0.916144
0.224029
0.323342
0.932516
0.053804
0.555495
0.413791
0.179951
0.124923
0.143588
0.987159
0.200777
0.494553
0.17042
0.574985
0.810088
0.615542
0.050078
0.218079
0.386542
0.834549
0.902949
0.578687
0.952206
0.623451
0.777259
0.799326
0.680096
0.566291
0.081247
0.970827
0.708078
0.1056
0.04648
0.143072
0.56647
0.106682
0.492116
0.074049
0.080312
0.657923
0.074096
0.987415
0.835433
0.231434
0.337476
0.201796
0.112886
0.862864
0.599855
0.729403
0.447726
0.906475
0.316859
0.048374
0.914516
0.778686
0.465322
0.379952
0.867491
0.677413
0.979854
0.628992
0.276987
0.12445
0.62167
0.563935
0.217565
0.203682
0.409576
0.368678
0.21596
0.587014
0.742375
0.614159
0.380734
0.641362
0.186828
0.213624
0.231374
0.439824
0.228413
0.935898
0.763662
0.719725
0.466389
0.391562
0.481634
0.265992
0.006716
0.656161
0.604233
0.71291
0.027963
0.120324
0.724715
0.198998
0.257023
0.321921
0.830922
0.130857
0.643171
0.742975
0.129882
0.55379
0.402084
0.806624
0.412982
0.428228
0.936079
0.342468
0.096581
0.850372
0.043296
0.169497
0.59865
0.068518
0.966222
0.359427
0.348852
0.658506
0.842042
0.814935
0.223745
0.229971
0.980194
0.425711
0.449923
0.397366
0.920129
0.216254
0.101327
0.732431
0.83021
0.436621
0.356649
0.692892
0.24702
0.201326
0.635261
0.079066
0.361995
0.295525
0.704175
0.447384
0.712546
0.695611
0.658325
0.544034
0.221563
0.123844
0.58512
0.352031
0.250105
0.711775
0.734939
0.077255
0.802382
0.059787
0.418317
0.793359
0.020361
0.977786
0.260453
0.186813
0.427255
0.569517
0.606283
0.155333
0.290372
0.593438
0.547693
0.704761
0.864184
0.247634
0.627161
0.432606
0.179315
0.041949
0.016454
0.974011
0.953686
0.92866
0.382641
0.927809
0.897884
0.013601
0.403392
0.911327
0.996455
0.95926
0.599069
0.399318
0.280774
0.220154
0.028077
0.96695
0.438818
0.300465
0.012956
0.555928
0.447278
0.18291
0.024993
0.681908
0.524844
0.046005
0.774008
0.573774
0.796548
0.893492
0.891353
0.537382
0.313199
0.82783
0.587393
0.118135
0.864306
0.664078
0.925908
0.482459
0.622092
0.966681
0.325465
0.892275
0.643248
0.739647
0.278164
0.784274
0.894886
0.617589
0.610066
0.014752
0.921646
0.264562
0.588535
0.044681
0.460078
0.811734
0.228923
0.862776
0.773207
0.706942
0.493833
0.974541
0.944078
0.136635
0.696771
0.753872
0.16804
0.136857
0.414561
0.506233
0.81398
0.202584
0.106012
0.606258
0.356425
0.188875
0.89828
0.293832
0.154789
0.325238
0.628283
0.789233
0.568952
0.102014
0.686382
0.036418
0.78444
0.096827
0.604052
0.453792
0.273333
0.378544
0.692631
0.549225
0.473008
0.310247
0.615516
0.080733
0.48637
0.953784
0.759424
0.68141
0.738937
0.065297
0.633246
0.234858
0.185531
0.073949
0.395361
0.693057
0.362126
0.612778
0.193363
0.72025
0.799903
0.075525
0.332747
0.496277
0.252441
0.267504
0.743369
0.88153
0.345283
0.42736
0.614395
0.908923
0.463489
0.239539
0.536019
0.660434
0.988477
0.883729
0.399571
0.040584
0.871429
0.481593
0.285282
0.781168
0.150077
0.993235
0.972981
0.917524
0.955719
0.025401
0.957831
0.352765
0.240216
0.864533
0.602787
0.554659
0.617534
0.901793
0.530939
0.425054
0.789411
0.290014
0.48776
0.624339
0.639587
0.526767
0.332925
0.663139
0.324288
0.799394
0.678688
0.5993
0.320183
0.083136
0.996692
0.832956
0.16819
0.235009
0.505344
0.746071
0.602921
0.519035
0.353389
0.112701
0.725075
0.680508
0.860708
0.756019
0.415099
0.409405
0.872541
0.609939
0.423614
0.388053
0.157469
0.12507
0.52093
0.58987
0.189614
0.644335
0.189473
0.665387
0.960705
0.608942
0.824499
0.893843
0.1454
0.998017
0.588071
0.76029
0.94586
0.601487
0.773295
0.10886
0.28185
0.361125
0.034066
0.572649
0.584139
0.717331
0.166598
0.432026
0.546642
0.180748
0.580807
0.516563
0.02246
0.847496
0.788978
0.630724
0.169668
0.103219
0.896955
0.976311
0.642806
0.683921
0.667998
0.671207
0.02899
0.18607
0.740929
0.045042
0.759199
0.536568
0.717207
0.574551
0.520681
0.784702
0.808115
0.018966
0.485816
0.467656
0.012136
0.143655
0.738935
0.018321
0.499954
0.597566
0.222289
0.814996
0.022465
0.097785
0.604435
0.857997
0.630485
0.650488
0.110173
0.138511
0.573072
0.646665
0.444496
0.998752
0.30144
0.944489
0.764908
0.719774
0.355512
0.93543
0.764162
0.936963
0.689351
0.066041
0.521323
0.73326
0.570837
0.244106
0.210211
0.118986
0.508854
0.950706
0.016731
0.324493
0.316136
0.107496
0.258283
0.886792
0.915715
0.16464
0.078066
0.294545
0.008113
0.418579
0.406871
0.875516
0.938141
0.714731
0.43831
0.123116
0.478783
0.170432
0.062351
0.271701
0.193115
0.297222
0.428725
0.880417
0.467774
0.034664
0.921494
0.390702
0.389236
0.540397
0.398327
0.285567
0.698143
0.049154
0.629726
0.809735
0.27564
0.141961
0.57576
0.8878
0.718902
0.371621
0.693902
0.008411
0.195565
0.390327
0.89151
0.137063
0.209184
0.986818
0.702411
0.911386
0.96711
0.310857
0.482157
0.973834
0.70239
0.842159
0.611575
0.108714
0.606454
0.213273
0.007979
0.645808
0.848524
0.94547
0.321408
0.936201
0.060758
0.362984
0.34191
0.079826
0.803996
0.616219
0.560882
0.208081
0.362675
0.147594
0.9802
0.050142
0.846296
0.56629
0.565266
0.770177
0.717649
0.67345
0.367447
0.593803
0.694713
0.102435
0.205082
0.996328
0.817911
0.234053
0.46749
0.399394
0.669398
0.77465
0.297762
0.394017
0.044859
0.066006
0.251902
0.573175
0.776769
0.74981
0.423256
0.500754
0.349726
0.745544
0.552389
0.731782
0.388306
0.645558
0.84123
0.851505
0.558555
0.371624
0.492955
0.819759
0.640735
0.081061
0.369687
0.753965
0.893654
0.335673
0.161584
0.370446
0.533931
0.601533
0.327734
0.406471
0.898597
0.782314
0.927416
0.474126
0.704318
0.520538
0.721899
0.917737
0.621264
0.425739
0.795829
0.453795
0.048984
0.5388
0.406155
0.306362
0.645276
0.539421
0.538011
0.11327
0.260041
0.647287
0.814911
0.185986
0.10977
0.018861
0.451492
0.761726
0.086147
0.370863
0.348594
0.619189
0.809433
0.419229
0.241536
0.907706
0.828599
0.184874
0.118086
0.46929
0.789609
0.397901
0.0926
0.330098
0.690218
0.478955
0.862703
0.756312
0.813881
0.66379
0.870273
0.021272
0.518586
0.522869
0.779694
0.908233
0.437871
0.565881
0.024343
0.526269
0.104798
0.062965
0.509204
0.227321
0.213061
0.647587
0.006962
0.462943
0.382248
0.604464
0.718807
0.59491
0.380209
0.388571
0.682942
0.400304
0.273127
0.922218
0.3163
0.800627
0.620341
0.328291
0.765488
0.288365
0.489975
0.451986
0.146559
0.065584
0.720996
0.133533
0.784382
0.652769
0.882023
0.613435
0.450021
0.274183
0.752257
0.120928
0.476081
0.320039
0.780879
0.829747
0.029955
0.230334
0.316579
0.875817
0.893444
0.545971
0.870085
0.820536
0.639979
0.752478
0.609235
0.813183
0.292982
0.301365
0.862578
0.270547
0.550895
0.244
0.774523
0.178749
0.700131
0.917025
0.326579
0.724497
0.365614
0.282084
0.674794
0.146237
0.979761
0.401927
0.206789
0.367572
0.883808
0.772342
0.53559
0.889192
0.557599
0.383432
0.805075
0.865896
0.517794
0.521021
0.218546
0.165329
0.56865
0.72784
0.058641
0.189131
0.17271
0.93074
0.975089
0.971154
0.980132
0.224264
0.52206
0.84948
0.326361
0.313791
0.440407
0.719264
0.727149
0.295016
0.932171
0.92596
0.115782
0.200052
0.55844
0.061597
0.765721
0.470326
0.28882
0.48202
0.675116
0.654549
0.995552
0.226521
0.652895
0.821658
0.570655
0.070114
0.701462
0.91664
0.2563
0.752494
0.373852
0.608601
0.600146
0.657105
0.679572
0.4734
0.645711
0.812612
0.897139
0.48626
0.965145
0.190945
0.17479
0.041757
0.804582
0.783976
0.931515
0.264211
0.848242
0.493463
0.231164
0.696629
0.420676
0.885433
0.478053
0.023363
0.925562
0.692915
0.046321
0.618513
0.489982
0.937809
0.204553
0.7492
0.696926
0.655387
0.247983
0.13446
0.873631
0.713541
0.919916
0.811365
0.272418
0.65826
0.824033
0.655484
0.840718
0.469008
0.444883
0.166054
0.789469
0.357362
0.230403
0.335368
0.53172
0.263708
0.286873
0.470886
0.737949
0.829269
0.819783
0.781995
0.9611
0.576087
0.064077
0.110014
0.267878
0.21718
0.036018
0.936055
0.096553
0.382517
0.958964
0.899695
0.018591
0.510561
0.774515
0.363346
0.125323
0.954037
0.301034
0.397184
0.318861
0.503073
0.295295
0.048776
0.301401
0.235899
0.441878
0.37594
0.888707
0.53534
0.73538
0.841327
0.999374
0.478852
0.520811
0.558375
0.069673
0.588421
0.669096
0.41548
0.04659
0.332122
0.658503
0.122863
0.520146
0.284543
0.027277
0.517576
0.187238
0.029973
0.931721
0.413527
0.078525
0.512287
0.986
0.451951
0.744863
0.744802
0.47874
0.823449
0.815172
0.853474
0.928403
0.73378
0.625379
0.918629
0.276785
0.752443
0.936326
0.815071
0.272495
0.054682
0.864959
0.039249
0.448854
0.441784
0.733743
0.278903
0.926923
0.937289
0.429221
0.620386
0.491324
0.163664
0.708723
0.75761
0.364067
0.088678
0.845446
0.269063
0.601914
0.073885
0.390089
0.775318
0.08725
0.407465
0.033828
0.993048
0.283435
0.239408
0.17112
0.009852
0.10998
0.130372
0.655973
0.477916
0.246897
0.987158
0.662774
0.153448
0.115874
0.128256
0.124782
0.252265
0.579855
0.036376
0.131937
0.818854
0.24128
0.545359
0.970895
0.166095
0.685303
0.532767
0.318875
0.623005
0.157996
0.588477
0.954086
0.360336
0.289404
0.536556
0.509419
0.974278
0.841256
0.847302
0.842208
0.559421
0.515102
0.219628
0.863633
0.439826
0.251249
0.753986
0.852981
0.608269
0.011805
0.288055
0.921986
0.715621
0.599907
0.785306
0.368996
0.848369
0.553926
0.313531
0.844919
0.520291
0.897513
0.479579
0.128901
0.221047
0.300808
0.716781
0.448408
0.563063
0.140001
0.21022
0.799253
0.759913
0.552258
0.850297
0.896477
0.266657
0.978176
0.557762
0.833732
0.211165
0.339097
0.612649
0.2059
0.085818
0.296774
0.813056
0.873556
0.033466
0.008322
0.305254
0.231957
0.086789
0.982835
0.079924
0.155488
0.166452
0.963603
0.930979
0.593206
0.345418
0.409891
0.787059
0.209609
0.420957
0.169031
0.914159
0.578864
0.814742
0.86857
0.608729
0.528702
0.892586
0.838477
0.746793
0.484737
0.257566
0.533213
0.407914
0.790245
0.8985
0.603289
0.39652
0.347688
0.775243
0.853963
0.535781
0.705065
0.464231
0.505272
0.834538
0.587893
0.612246
0.418729
0.60004
0.5998
0.752168
0.438561
0.40147
0.885127
0.552517
0.656038
0.217384
0.940622
0.478347
0.55671
0.038142
0.395832
0.666441
0.593711
0.216724
0.943742
0.160944
0.722515
0.647419
0.752174
0.239698
0.744109
0.316662
0.102407
0.408949
0.169802
0.249755
0.19269
0.227688
0.853355
0.326768
0.352863
0.711428
0.131199
0.881087
0.540436
0.269818
0.114493
0.750305
0.647704
0.178476
0.219434
0.304167
0.138253
0.036945
0.296178
0.289131
0.208463
0.349622
0.235313
0.847151
0.742759
0.004529
0.527409
0.664158
0.808643
0.02563
0.70641
0.936304
0.200859
0.00881
0.167017
0.738368
0.94498
0.116779
0.575102
0.115222
0.737982
0.086114
0.938867
0.854869
0.695709
0.486848
0.114852
0.977724
0.288637
0.620189
0.126186
0.640144
0.659858
0.406642
0.639899
0.375934
0.67719
0.090574
0.109461
0.104547
0.293859
0.373312
0.624701
0.012078
0.743641
0.157915
0.725111
0.376559
0.010032
0.210894
0.035923
0.664096
0.909551
0.147777
0.339177
0.34271
0.73346
0.378596
0.915835
0.370165
0.078071
0.026671
0.103007
0.878054
0.889787
0.577522
0.185962
0.809242
0.551746
0.413675
0.464712
0.366043
0.232072
0.215472
0.745657
0.262307
0.697595
0.500545
0.829199
0.148678
0.901125
0.525095
0.893343
0.9285
0.5918
0.305401
0.387236
0.077623
0.757662
0.999382
0.742002
0.130882
0.113693
0.139274
0.163598
0.693558
0.34782
0.995184
0.943371
0.194333
0.177336
0.469015
0.046115
0.50235
0.854761
0.723011
0.013902
0.994832
0.35096
0.050249
0.074191
0.023196
0.704246
0.518322
0.610497
0.190132
0.276782
0.508244
0.181058
0.323178
0.158057
0.870557
0.294953
0.096144
0.353924
0.87609
0.164039
0.412278
0.064069
0.177299
0.854171
0.603616
0.915599
0.802084
0.936354
0.179336
0.859147
0.138902
0.737005
0.723322
0.843649
0.516703
0.131542
0.563844
0.352342
0.195259
0.369085
0.208121
0.476703
0.600803
0.573962
0.589533
0.883172
0.003063
0.998803
0.385166
0.566417
0.288526
0.78591
0.76838
0.291555
0.505218
0.096139
0.054122
0.142806
0.265451
0.681442
0.109807
0.220702
0.029293
0.235668
0.851193
0.2376
0.747647
0.037435
0.548826
0.747956
0.062717
0.355824
0.98078
0.765458
0.166537
0.106868
0.296361
0.374193
0.93422
0.775237
0.519444
0.861257
0.393674
0.115945
0.824686
0.697869
0.038983
0.265486
0.085907
0.757482
0.561903
0.0821
0.560905
0.85161
0.732949
0.659686
0.373405
0.129098
0.95093
0.600136
0.851225
0.360353
0.977788
0.352509
0.993994
0.120913
0.586422
0.644288
0.455198
0.373917
0.221971
0.157606
0.47159
0.928439
0.734898
0.65
0.863871
0.687135
0.328468
0.940585
0.315106
0.324621
0.0461
0.732273
0.351179
0.328389
0.018738
0.189554
0.128846
0.480227
0.989929
0.200754
0.87786
0.809739
0.690301
0.214397
0.272648
0.048285
0.278383
0.777736
0.559944
0.864803
0.97148
0.600326
0.987331
0.750745
0.333007
0.54411
0.124807
0.090526
0.490477
0.248422
0.054153
0.712219
0.183634
0.910454
0.934496
0.309356
0.474127
0.634964
0.672244
0.381617
0.441895
0.93682
0.735068
0.123503
0.584494
0.331691
0.263943
0.67163
0.826445
0.755109
0.536021
0.95989
0.781034
0.229711
0.798547
0.475223
0.896366
0.561945
0.172678
0.643922
0.265932
0.078442
0.215219
0.099943
0.640134
0.673487
0.962459
0.610364
0.13739
0.163452
0.062104
0.151712
0.257548
0.206033
0.37661
0.670445
0.879338
0.196978
0.693509
0.601191
0.399218
0.592973
0.41908
0.582608
0.43892
0.65857
0.834054
0.633293
0.390454
0.936557
0.71444
0.480141
0.515851
0.829226
0.584959
0.750161
0.93949
0.779337
0.809755
0.065777
0.110253
0.935438
0.721629
0.45971
0.218973
0.443628
0.630484
0.415824
0.638624
0.041486
0.393899
0.673025
0.082785
0.015675
0.279351
0.631266
0.41111
0.677972
0.133836
0.348711
0.161355
0.218535
0.630032
0.996117
0.733581
0.540995
0.744052
0.406771
0.227156
0.658341
0.873034
0.113849
0.517769
0.128991
0.36078
0.496845
0.468642
0.275653
0.769825
0.910745
0.980629
0.721546
0.63209
0.398197
0.381683
0.098025
0.476891
0.825922
0.289443
0.090865
0.45631
0.474114
0.398722
0.385788
0.046339
0.015669
0.738912
0.07903
0.019776
0.879186
0.000174
0.852344
0.955561
0.084889
0.314791
0.862416
0.688996
0.967752
0.062205
0.899118
0.002399
0.433956
0.168551
0.402371
0.445343
0.088119
0.47468
0.781071
0.377653
0.489149
0.863683
0.129624
0.97555
0.522226
0.491707
0.629706
0.333055
0.574287
0.165029
0.945983
0.117849
0.53847
0.587581
0.604845
0.797497
0.416922
0.043194
0.147864
0.160919
0.549999
0.992339
0.522081
0.578753
0.236081
0.361979
0.764432
0.193965
0.316462
0.470558
0.173838
0.254528
0.030494
0.670965
0.712381
0.1888
0.39506
0.493591
0.424052
0.288397
0.894149
0.406411
0.203687
0.444451
0.956116
0.431636
0.290575
0.917578
0.039268
0.109673
0.150214
0.01435
0.297836
0.189737
0.124656
0.890533
0.91003
0.436646
0.623191
0.804298
0.049383
0.84625
0.149946
0.515903
0.105258
0.50125
0.93348
0.338771
0.599715
0.070182
0.987844
0.051415
0.517887
0.656249
0.431201
0.305118
0.840005
0.393786
0.856339
0.277263
0.422463
0.042357
0.53936
0.050959
0.864074
0.336122
0.800196
0.40265
0.672623
0.958233
0.434322
0.746833
0.533013
0.478239
0.150883
0.635263
0.596533
0.40854
0.436054
0.501171
0.074619
0.807127
0.994547
0.378716
0.038199
0.432374
0.041754
0.970615
0.366363
0.583205
0.20599
0.435814
0.982899
0.780737
0.84094
0.107403
0.238742
0.293415
0.289269
0.046094
0.143271
0.600184
0.138702
0.648074
0.465688
0.600156
0.842514
0.946975
0.974372
0.043949
0.617162
0.993016
0.852248
0.04661
0.979411
0.571391
0.661897
0.131926
0.495135
0.17099
0.74932
0.883424
0.50534
0.020665
0.580543
0.822411
0.034108
0.999313
0.86411
0.894175
0.270315
0.567038
0.39944
0.837814
0.801013
0.054072
0.907876
0.017317
0.643914
0.384776
0.158688
0.282183
0.489522
0.19068
0.060056
0.899149
0.979377
0.437162
0.892981
0.022046
0.235502
0.155942
0.224765
0.927299
0.671565
0.501036
0.69147
0.866218
0.60669
0.988698
0.990325
0.411607
0.765575
0.891849
0.392191
0.318462
0.493009
0.681673
0.458099
0.497669
0.282851
0.704931
0.052174
0.777741
0.187227
0.645874
0.584731
0.250534
0.011093
0.758857
0.018266
0.112872
0.296621
0.019632
0.355072
0.59444
0.681687
0.336029
0.481546
0.04124
0.883736
0.378074
0.060281
0.749638
0.932385
0.338067
0.539068
0.992288
0.956508
0.697109
0.293191
0.183561
0.660775
0.796845
0.522818
0.508812
0.207309
0.693323
0.632485
0.436686
0.857454
0.676061
0.647391
0.73209
0.814037
0.011221
0.460563
0.07545
0.393459
0.592585
0.975193
0.164413
0.276923
0.723428
0.595328
0.986137
0.231489
0.106404
0.641281
0.539745
0.407884
0.749464
0.021402
0.319101
0.385418
0.494624
0.062635
0.852238
0.809372
0.787629
0.054569
0.247343
0.122431
0.516161
0.969944
0.482956
0.976296
0.243242
0.659592
0.251218
0.721608
0.723259
0.528803
0.151444
0.250457
0.389575
0.41973
0.921131
0.633763
0.455854
0.038289
0.47987
0.629362
0.012706
0.378126
0.0812
0.380214
0.487681
0.296664
0.106527
0.170641
0.81668
0.193323
0.625546
0.684367
0.432381
0.448724
0.276556
0.646056
0.430694
0.987496
0.465864
0.056091
0.509282
0.819621
0.102078
0.609304
0.855492
0.46947
0.406454
0.950882
0.665494
0.746272
0.69773
0.263195
0.00564
0.735007
0.952961
0.68996
0.046758
0.539869
0.88787
0.494757
0.74489
0.98856
0.010204
0.64516
0.80664
0.260787
0.884031
0.380568
0.407832
0.015325
0.056348
0.943899
0.277949
0.277419
0.549808
0.627016
0.878555
0.580569
0.680295
0.195589
0.865622
0.812951
0.855069
0.611328
0.544596
0.055275
0.520447
0.241703
0.981003
0.038909
0.2558
0.218703
0.815028
0.746717
0.556265
0.255534
0.688312
0.878502
0.157059
0.606002
0.538786
0.019087
0.193625
0.805412
0.404124
0.932043
0.094584
0.075021
0.582318
0.173295
0.62609
0.019044
0.03931
0.815564
0.760156
0.721018
0.232469