1024 2
0
175
206
1
328
568
2
57
689
3
629
709
4
603
826
5
423
687
6
304
535
7
129
172
8
180
726
9
153
497
10
140
156
5
11
71
12
253
571
13
484
863
14
579
801
15
214
497
16
86
432
17
156
481
18
405
902
19
336
838
20
292
400
21
822
826
22
922
935
12
23
969
19
24
85
25
439
880
26
179
445
27
373
852
28
409
448
29
49
824
30
221
336
31
222
988
32
387
539
33
276
1013
34
221
280
35
223
774
36
619
968
37
499
579
38
125
768
32
39
859
40
206
619
41
136
478
25
42
136
43
498
909
44
111
639
45
176
348
46
294
997
47
643
794
48
69
343
49
524
845
50
490
524
51
97
404
52
103
209
48
53
373
54
257
784
55
296
509
56
680
921
4
57
849
58
749
765
59
109
230
60
272
431
61
248
499
62
442
790
63
910
922
64
171
256
65
333
953
66
81
992
67
354
654
68
302
658
69
713
990
70
500
671
51
71
243
72
738
918
73
137
171
74
627
862
75
758
980
76
517
824
77
411
477
78
90
949
79
210
441
80
715
805
81
775
1009
82
653
796
83
821
944
84
620
798
85
191
851
39
86
325
55
87
539
88
349
483
89
507
869
90
447
845
91
122
524
92
724
1005
93
135
867
94
522
589
95
450
626
96
201
982
27
43
97
98
603
695
99
514
787
100
267
577
101
500
971
26
102
524
103
906
934
104
231
424
105
780
934
106
541
898
107
488
712
108
210
510
63
109
354
35
110
303
111
467
480
103
112
661
113
364
823
114
684
701
20
115
151
100
116
168
117
518
576
118
564
700
119
204
598
120
667
692
121
169
796
122
289
936
123
644
813
54
124
714
125
268
279
126
483
867
127
131
391
128
161
187
129
655
926
69
130
815
131
486
765
132
446
983
133
768
840
134
329
531
75
135
727
136
364
747
137
522
672
138
316
833
139
331
798
87
140
227
141
160
302
142
621
884
131
143
520
144
245
498
145
146
184
146
710
927
147
233
1015
148
460
671
149
761
905
150
317
497
151
641
756
152
208
415
153
333
998
154
516
910
155
226
275
140
156
1017
157
451
983
158
659
825
159
501
1014
48
160
748
161
304
440
162
536
959
163
508
954
164
236
275
165
446
786
166
224
909
167
504
541
168
580
624
169
494
617
170
187
882
171
322
514
172
344
863
173
326
781
169
174
666
175
411
537
13
176
779
177
259
423
44
178
631
179
771
959
130
180
553
181
290
942
182
229
610
149
183
820
6
184
745
185
462
510
186
307
628
187
249
722
188
615
711
189
550
702
114
190
493
191
521
544
192
410
926
193
573
771
194
483
928
195
807
957
196
698
755
197
419
859
198
250
516
199
394
440
4
116
200
125
201
639
134
202
748
54
203
869
204
647
945
205
469
978
206
682
922
207
671
859
208
243
1011
209
310
712
210
770
854
28
211
449
130
212
651
213
383
921
180
214
869
215
499
901
216
221
748
217
240
698
218
274
990
219
542
924
82
220
854
221
729
796
5
222
366
223
832
983
127
136
224
225
586
963
126
226
893
120
227
778
228
481
745
229
322
672
230
398
974
170
231
654
232
739
870
153
233
906
151
234
423
82
235
573
236
468
499
237
871
895
217
238
799
239
379
795
151
240
516
28
47
241
21
242
1023
22
243
829
244
377
491
245
420
720
153
246
785
83
247
496
18
248
814
249
357
549
250
738
951
251
444
974
27
252
790
1
220
253
182
254
825
76
205
255
256
538
972
231
257
546
169
258
317
117
259
367
122
260
459
157
261
588
232
262
537
263
765
847
124
264
881
265
586
932
266
301
1007
267
498
969
127
254
268
18
269
464
270
275
1023
271
693
1016
272
486
582
22
273
626
274
472
729
253
275
529
276
618
842
103
277
681
134
278
285
279
520
846
210
280
755
221
281
913
282
474
517
37
283
321
284
447
662
285
815
906
259
286
932
159
221
287
288
489
568
73
289
988
290
443
906
291
638
963
292
942
973
38
293
620
239
294
534
295
354
874
73
199
296
297
490
872
298
357
561
258
299
422
300
500
745
35
95
301
42
221
302
133
303
457
146
304
983
305
702
999
306
658
804
283
307
613
308
636
826
254
309
501
0
310
938
106
306
311
152
252
312
313
341
441
1
226
314
315
451
453
182
316
329
49
317
550
26
318
677
153
160
319
238
320
365
206
321
877
161
322
713
194
323
608
324
344
906
325
378
1000
326
392
643
213
327
623
123
273
328
19
329
370
96
330
723
331
514
951
332
685
814
266
333
665
37
334
716
59
239
335
215
258
336
70
337
484
98
338
711
38
339
491
152
165
340
341
585
980
342
518
826
343
768
918
344
679
687
345
366
646
203
316
346
160
347
564
348
502
966
349
578
887
178
350
829
351
447
510
352
476
566
170
353
357
354
366
1020
355
866
925
26
222
356
327
357
927
358
446
784
13
336
359
16
360
666
361
550
836
362
475
734
152
172
363
0
364
545
164
312
365
366
418
780
21
300
367
368
606
885
263
369
993
370
546
630
236
371
654
372
812
933
283
373
878
96
374
713
375
656
860
226
304
376
318
377
810
378
956
976
376
379
507
380
678
714
381
477
976
268
339
382
383
801
862
215
384
902
280
385
689
386
578
814
178
387
904
25
388
439
389
708
978
390
492
563
284
391
491
392
700
724
130
393
447
169
394
400
349
395
748
207
309
396
144
397
601
164
398
411
399
478
765
400
513
780
202
401
620
402
420
806
403
784
1016
404
797
903
405
667
835
341
406
572
407
564
571
408
586
662
409
503
934
190
410
720
411
593
759
1
412
907
413
424
617
414
767
884
299
415
986
297
416
525
222
417
733
139
418
976
105
419
787
143
403
420
219
349
421
33
422
583
14
423
965
29
424
625
302
425
760
410
426
571
26
427
951
418
428
609
74
429
465
430
788
1015
296
431
961
432
673
674
99
433
660
434
672
840
435
749
971
436
552
803
194
350
437
248
438
458
136
439
718
312
440
900
242
441
533
442
493
575
234
320
443
354
444
715
401
445
922
446
696
886
447
482
832
297
448
977
207
449
568
375
450
855
395
451
479
317
452
844
232
453
461
454
521
622
74
455
582
247
456
876
164
444
457
329
458
665
89
459
948
330
460
901
296
440
461
462
564
685
172
443
463
348
464
590
116
465
882
2
158
466
113
257
467
468
963
1004
15
182
469
65
263
470
111
232
471
472
504
1015
197
473
768
474
685
775
475
758
909
286
476
560
397
477
686
197
478
994
38
479
540
480
847
979
481
675
975
409
482
912
483
595
618
484
519
607
485
725
961
145
303
486
44
296
487
105
488
979
232
261
489
346
490
766
491
549
931
223
492
677
79
493
693
67
494
850
91
495
943
268
496
622
446
497
853
198
288
498
51
335
499
77
193
500
113
267
501
7
502
906
503
538
704
392
504
545
505
869
976
400
446
506
95
247
507
468
508
651
322
509
617
122
510
799
511
816
854
354
422
512
513
515
846
386
514
953
515
576
925
118
516
1008
449
517
555
518
755
851
403
519
841
142
520
924
7
521
530
327
522
672
211
523
902
66
235
524
525
892
978
205
386
526
527
764
813
286
528
781
529
684
960
530
566
758
83
522
531
121
532
885
49
76
533
145
534
732
306
447
535
336
536
878
453
504
537
319
538
810
53
463
539
301
540
770
88
541
568
502
542
573
216
543
944
80
267
544
545
756
907
12
546
997
547
706
825
411
548
816
429
549
893
398
550
931
389
551
923
56
130
552
44
114
553
105
554
589
552
555
636
239
556
770
246
557
612
558
591
880
53
321
559
36
560
707
561
614
862
562
639
978
32
525
563
375
444
564
287
565
930
434
566
995
389
567
591
568
766
1020
436
569
648
570
758
930
519
571
675
355
572
617
102
573
771
448
574
909
388
575
619
247
379
576
313
577
882
546
578
586
72
517
579
377
494
580
364
385
581
32
349
582
583
787
902
143
226
584
333
585
773
264
367
586
95
587
941
244
335
588
4
589
758
590
654
905
236
422
591
497
592
782
209
593
693
302
592
594
398
595
611
596
678
879
597
888
1017
337
598
693
95
485
599
119
131
600
601
634
795
190
513
602
603
694
777
363
604
938
36
561
605
137
606
974
252
607
738
14
202
608
434
550
609
127
610
863
593
611
769
118
557
612
203
613
994
32
614
724
435
615
830
509
559
616
255
617
622
428
538
618
619
648
741
600
620
831
349
452
621
227
234
622
438
623
841
339
624
723
381
625
1014
422
529
626
581
627
834
19
39
628
66
430
629
288
518
630
290
631
895
452
632
933
115
633
798
47
193
634
30
635
863
636
649
816
137
637
946
457
638
898
639
728
889
44
454
640
181
576
641
380
417
642
591
643
757
390
644
860
645
879
986
537
646
740
455
643
647
204
647
648
541
649
745
452
650
704
115
200
651
652
723
818
309
653
860
95
472
654
566
655
674
148
389
656
657
693
936
538
658
759
641
659
918
8
660
748
284
661
762
654
662
767
185
580
663
618
664
924
105
132
665
168
628
666
667
688
689
263
482
668
669
804
954
670
781
892
383
671
879
573
672
704
163
673
862
645
674
893
418
675
835
676
689
938
658
677
977
157
611
678
679
760
761
333
680
951
566
681
822
273
514
682
650
670
683
64
546
684
685
760
1000
635
686
932
104
578
687
93
688
1017
363
689
705
309
690
877
377
632
691
342
629
692
693
961
1014
239
694
705
0
695
907
114
312
696
453
655
697
659
698
931
229
582
699
159
198
700
447
701
761
702
728
984
159
539
703
521
524
704
204
617
705
392
586
706
374
673
707
546
552
708
154
542
709
710
942
967
138
424
711
230
598
712
235
479
713
415
684
714
442
457
715
704
716
765
155
384
717
166
636
718
272
337
719
720
933
939
248
721
955
351
722
872
577
591
723
457
724
957
53
213
725
156
648
726
93
423
727
117
121
728
179
729
965
9
594
730
137
673
731
175
706
732
639
733
929
377
558
734
361
478
735
167
736
804
301
737
816
408
738
822
339
624
739
525
740
1009
102
741
1018
459
742
771
499
743
846
353
728
744
23
735
745
746
957
1020
747
939
983
676
748
965
38
549
749
160
750
869
298
385
751
33
455
752
223
275
753
754
921
931
361
755
901
756
824
914
424
757
858
299
639
758
529
591
759
739
760
808
221
364
761
207
762
906
151
763
966
226
365
764
69
188
765
196
766
997
128
362
767
39
768
834
532
769
922
59
770
839
259
742
771
219
477
772
773
847
887
40
774
1002
775
816
960
334
416
776
211
571
777
402
778
958
779
921
954
641
753
780
384
542
781
755
782
900
348
399
783
56
497
784
154
541
785
254
449
786
607
658
787
35
180
788
721
789
855
763
790
834
791
792
1023
165
792
848
86
439
793
100
401
794
71
795
832
369
741
796
695
797
897
22
700
798
461
799
842
509
800
858
242
753
801
208
372
802
498
654
803
393
804
823
211
805
865
143
806
978
415
807
1020
660
808
884
221
556
809
71
335
810
612
811
1016
515
812
909
240
813
987
136
246
814
51
263
815
302
816
842
213
655
817
222
501
818
483
764
819
48
655
820
821
854
902
9
276
822
176
823
934
282
810
824
346
748
825
604
789
826
44
426
827
337
828
966
331
583
829
17
830
838
344
831
977
337
534
832
646
833
857
367
834
903
96
113
835
582
811
836
837
887
990
463
767
838
447
839
922
47
840
860
218
826
841
161
681
842
514
740
843
193
844
900
500
845
1015
634
643
846
78
847
910
92
801
848
692
849
913
266
553
850
192
752
851
17
804
852
587
721
853
333
854
987
549
855
920
554
829
856
322
716
857
361
659
858
204
638
859
66
381
860
88
861
913
127
862
962
583
585
863
306
418
864
228
802
865
70
382
866
718
867
869
435
864
868
353
869
885
306
472
870
219
772
871
586
756
872
33
873
940
361
685
874
102
216
875
267
876
973
361
767
877
855
878
942
292
879
908
101
300
880
176
769
881
38
604
882
124
496
883
441
848
884
17
885
968
428
783
886
496
650
887
112
655
888
103
822
889
262
359
890
877
891
1009
358
892
1010
876
893
949
228
336
894
268
595
895
194
665
896
477
824
897
408
675
898
367
409
899
174
371
900
862
879
901
90
681
902
491
853
903
511
841
904
148
805
905
578
650
906
329
837
907
298
908
998
729
909
1004
2
151
910
278
911
940
198
497
912
823
910
913
112
163
914
840
915
985
26
875
916
730
893
917
227
628
918
37
672
919
197
688
920
237
377
921
179
657
922
277
459
923
332
345
924
286
906
925
309
465
926
209
323
927
558
848
928
435
597
929
448
930
955
105
761
931
13
539
932
396
833
933
444
832
934
169
674
935
453
872
936
351
737
937
869
938
950
203
207
939
524
838
940
233
297
941
224
627
942
534
556
943
755
944
999
292
848
945
109
946
985
180
556
947
214
262
948
550
804
949
610
833
950
737
904
951
216
804
952
257
940
953
475
954
964
84
825
955
708
956
961
361
547
957
647
860
958
165
959
961
27
960
963
877
950
961
118
634
962
131
235
963
31
668
964
516
965
989
205
521
966
251
967
975
29
596
968
100
506
969
648
759
970
74
769
971
480
831
972
52
99
973
607
717
974
300
320
975
302
349
976
26
324
977
432
840
978
97
148
979
787
791
980
250
636
981
63
321
982
140
590
983
143
574
984
381
985
1017
44
726
986
250
731
987
307
459
988
383
875
989
53
990
1020
531
688
991
36
922
992
240
243
993
218
792
994
203
820
995
82
120
996
86
929
997
264
788
998
733
825
999
280
866
1000
346
668
1001
668
829
1002
761
866
1003
57
641
1004
46
201
1005
178
834
1006
158
611
1007
169
850
1008
803
907
1009
243
668
1010
22
756
1011
261
894
1012
547
569
1013
855
981
1014
449
827
1015
374
986
1016
427
590
1017
338
693
1018
343
581
1019
497
860
1020
15
473
1021
612
1003
1022
152
529
1023
0.492469
0.491459
0.796619
0.107534
0.869254
0.726229
0.279541
0.771651
0.649048
0.589026
0.204004
0.711381
0.003874
0.369676
0.877049
0.450264
0.592348
0.799537
0.755202
0.289475
0.799755
0.694343
0.486436
0.56457
0.520573
0.842864
0.380154
0.825518
0.714577
0.251364
0.560699
0.739205
0.109641
0.474888
0.509812
0.560703
0.144495
0.627913
0.477879
0.65389
0.319727
0.114812
0.281669
0.553165
0.844618
0.992605
0.569487
0.913213
0.938035
0.509503
0.562167
0.663184
0.213811
0.260121
0.948038
0.415762
0.15417
0.979924
0.523079
0.093624
0.730672
0.034188
0.798464
0.627907
0.113197
0.337373
0.112708
0.553662
0.992434
0.867403
0.182806
0.638995
0.490225
0.245558
0.351694
0.459279
0.321298
0.614359
0.11177
0.875464
0.722978
0.665732
0.952991
0.034755
0.605165
0.019125
0.212611
0.890662
0.079965
0.883418
0.746623
0.924032
0.590278
0.315216
0.680033
0.770764
0.269219
0.236867
0.787112
0.82778
0.478024
0.698391
0.59367
0.146477
0.297323
0.530374
0.375655
0.379458
0.632616
0.707636
0.087544
0.749768
0.150156
0.732924
0.720844
0.156675
0.344037
0.552836
0.058829
0.344396
0.300633
0.139439
0.947943
0.43046
0.582304
0.169152
0.718785
0.980142
0.4622
0.79366
0.238241
0.473359
0.36005
0.934476
0.543612
0.150722
0.265924
0.44193
0.541685
0.731511
0.065237
0.649707
0.005572
0.751339
0.830924
0.44634
0.001167
0.580465
0.504795
0.421516
0.555679
0.515741
0.816686
0.717325
0.457818
0.790695
0.913485
0.936364
0.965043
0.489615
0.937628
0.133639
0.724449
0.433897
0.115592
0.056882
0.918358
0.697791
0.183532
0.269109
0.839514
0.007153
0.000929
0.162323
0.984911
0.072943
0.969465
0.61613
0.700323
0.899317
0.894607
0.640058
0.065772
0.955679
0.48363
0.22517
0.067386
0.822122
0.651453
0.861996
0.080303
0.302046
0.175147
0.494573
0.570179
0.472203
0.597098
0.275372
0.437595
0.70524
0.897034
0.18643
0.029897
0.413201
0.003683
0.980836
0.943593
0.925337
0.156345
0.340882
0.628032
0.044913
0.618171
0.902648
0.596621
0.915309
0.028888
0.204592
0.701645
0.426813
0.89898
0.744185
0.60058
0.946949
0.768774
0.239821
0.600473
0.33916
0.375507
0.862569
0.444956
0.108838
0.664812
0.032397
0.029921
0.223481
0.304595
0.532224
0.338314
0.745193
0.798305
0.791259
0.891159
0.584508
0.599825
0.528339
0.065478
0.427151
0.02152
0.809984
0.932845
0.810306
0.820927
0.290597
0.271252
0.291785
0.131761
0.903372
0.31661
0.07655
0.208601
0.54288
0.076731
0.08621
0.752238
0.105317
0.090144
0.194704
0.295359
0.555272
0.484272
0.385584
0.652395
0.483223
0.352854
0.423407
0.902001
0.492648
0.001465
0.497401
0.458328
0.748837
0.750502
0.28481
0.590276
0.040879
0.84555
0.535637
0.959213
0.45654
0.580948
0.170095
0.097611
0.950628
0.257874
0.54568
0.650914
0.171362
0.437584
0.134137
0.050708
0.113864
0.060857
0.495597
0.383429
0.081087
0.849977
0.47242
0.866443
0.544823
0.693277
0.609852
0.558638
0.164755
0.605009
0.231323
0.976137
0.625724
0.17608
0.705313
0.576936
0.754611
0.219027
0.318088
0.774003
0.76548
0.391239
0.140378
0.465345
0.248289
0.757305
0.539776
0.23811
0.348832
0.820293
0.026862
0.05986
0.480066
0.316984
0.364054
0.832262
0.284109
0.454293
0.982631
0.201621
0.220458
0.457792
0.083481
0.559062
0.758127
0.852867
0.843603
0.033618
0.559027
0.607563
0.748175
0.132681
0.071725
0.731124
0.78858
0.118345
0.740245
0.803331
0.210715
0.651313
0.1714
0.862261
0.577029
0.574923
0.730947
0.397801
0.327174
0.215242
0.89929
0.800234
0.03144
0.915826
0.63938
0.039394
0.943751
0.036922
0.309707
0.235009
0.950072
0.394033
0.554169
0.78493
0.765291
0.954259
0.873808
0.005182
0.488094
0.29547
0.867751
0.790113
0.066042
0.930612
0.32977
0.453919
0.820136
0.263141
0.795493
0.806725
0.427417
0.122693
0.116651
0.620869
0.811278
0.012229
0.049792
0.387389
0.187873
0.967378
0.798973
0.602772
0.999369
0.85547
0.892372
0.846269
0.85688
0.475717
0.010453
0.678153
0.326072
0.167322
0.431104
0.300611
0.401038
0.75576
0.760517
0.916291
0.616303
0.132217
0.863866
0.701397
0.492745
0.731304
0.561164
0.050036
0.134474
0.884634
0.882689
0.17903
0.141908
0.308337
0.486778
0.498913
0.349485
0.595146
0.231362
0.354635
0.889557
0.537233
0.728846
0.015822
0.189166
0.541596
0.190027
0.982264
0.930448
0.262605
0.534787
0.814641
0.249755
0.946215
0.550757
0.330129
0.728741
0.910873
0.754279
0.297155
0.563061
0.696034
0.683024
0.437937
0.865931
0.36919
0.886869
0.776177
0.457357
0.733022
0.878168
0.044418
0.402951
0.398047
0.428687
0.61239
0.46963
0.98736
0.561235
0.764854
0.595753
0.55612
0.026873
0.06099
0.759173
0.618114
0.846071
0.040245
0.304769
0.167489
0.899305
0.733958
0.054748
0.125235
0.500238
0.238462
0.128902
0.129474
0.765746
0.219019
0.367241
0.963237
0.275596
0.237507
0.005467
0.359812
0.504421
0.567558
0.477957
0.464453
0.92224
0.022174
0.169376
0.230945
0.105575
0.03359
0.458697
0.206956
0.406079
0.917037
0.821854
0.49818
0.839348
0.792065
0.412555
0.874901
0.440149
0.433308
0.12741
0.526759
0.193665
0.207134
0.704705
0.210392
0.697505
0.151821
0.96444
0.481656
0.05371
0.115533
0.592181
0.597344
0.291142
0.881839
0.271884
0.307536
0.703884
0.982676
0.111169
0.938272
0.08053
0.749671
0.395407
0.79495
0.358007
0.038159
0.345818
0.797236
0.276478
0.558177
0.604014
0.710344
0.220907
0.935692
0.775817
0.181372
0.499381
0.964139
0.909161
0.216491
0.663483
0.61207
0.281406
0.203626
0.335436
0.097762
0.66946
0.746856
0.09543
0.350782
0.013758
0.923158
0.897426
0.895035
0.806146
0.038191
0.311898
0.738782
0.285871
0.250356
0.510165
0.71772
0.355015
0.037396
0.852283
0.882545
0.533052
0.48422
0.84851
0.526076
0.627419
0.603955
0.856238
0.430088
0.40888
0.323299
0.307502
0.932299
0.789437
0.162282
0.35203
0.527398
0.210754
0.405035
0.713328
0.88623
0.3832
0.877498
0.890898
0.144036
0.958591
0.492062
0.080442
0.677206
0.840918
0.638673
0.759584
0.542355
0.678472
0.905031
0.253811
0.440061
0.475709
0.232311
0.43244
0.467994
0.537689
0.607678
0.828934
0.605665
0.920126
0.574825
0.74017
0.781283
0.83829
0.220093
0.612763
0.001732
0.763755
0.40061
0.819279
0.30122
0.098042
0.383275
0.287807
0.002489
0.188903
0.904356
0.092027
0.504073
0.42036
0.146703
0.993625
0.096905
0.797086
0.0305
0.629402
0.779518
0.304974
0.992857
0.741203
0.957077
0.336929
0.794283
0.070915
0.460209
0.559288
0.583378
0.200264
0.143812
0.168718
0.810943
0.442346
0.728381
0.159041
0.769113
0.090881
0.415771
0.707046
0.880009
0.396302
0.467492
0.33564
0.273378
0.797669
0.254711
0.010084
0.863111
0.225804
0.373563
0.815993
0.194325
0.168908
0.052305
0.205436
0.238789
0.074656
0.137174
0.764779
0.671486
0.718276
0.676326
0.805261
0.970229
0.744761
0.698861
0.935206
0.859039
0.07473
0.601338
0.202071
0.223641
0.852763
0.524962
0.976615
0.944627
0.250275
0.017226
0.442375
0.750534
0.313784
0.689612
0.27997
0.443273
0.73704
0.540699
0.44067
0.398411
0.58875
0.209439
0.979136
0.284771
0.461773
0.936746
0.62318
0.958627
0.903129
0.65322
0.424066
0.54471
0.117261
0.481666
0.544682
0.175905
0.202484
0.310292
0.754202
0.774585
0.072501
0.439018
0.86383
0.470422
0.371164
0.884302
0.59534
0.479569
0.128757
0.590798
0.625619
0.716882
0.726104
0.518201
0.285647
0.784495
0.980976
0.474204
0.369262
0.054851
0.655832
0.427719
0.265157
0.08102
0.512649
0.871262
0.536463
0.36732
0.17125
0.712206
0.668358
0.761548
0.047729
0.91152
0.469664
0.814781
0.774816
0.653791
0.36827
0.358453
0.074795
0.109871
0.670064
0.23212
0.048573
0.238482
0.120255
0.823375
0.416043
0.448184
0.952799
0.836206
0.488289
0.522227
0.190075
0.346347
0.019526
0.850942
0.285744
0.472901
0.704118
0.168231
0.641544
0.88951
0.890943
0.780827
0.400042
0.819706
0.714042
0.550067
0.550771
0.097878
0.410186
0.664945
0.766899
0.185773
0.005198
0.402331
0.747734
0.676969
0.515334
0.52664
0.293446
0.345887
0.120441
0.893915
0.431661
0.599257
0.963689
0.981002
0.862645
0.793969
0.443927
0.62463
0.466934
0.880221
0.73654
0.46543
0.055707
0.23153
0.44343
0.665345
0.162906
0.389716
0.513637
0.820629
0.528828
0.037747
0.46034
0.26997
0.726222
0.994375
0.697062
0.522737
0.89099
0.25161
0.340726
0.107379
0.646192
0.156912
0.366554
0.098672
0.580887
0.541639
0.156366
0.818522
0.446653
0.655165
0.806027
0.570607
0.951146
0.46483
0.320259
0.200856
0.093182
0.813358
0.788406
0.634951
0.555206
0.927504
0.462565
0.789336
0.463661
0.868375
0.683122
0.12428
0.651186
0.045559
0.771797
0.646611
0.770807
0.791472
0.045945
0.5814
0.518578
0.443954
0.518022
0.15735
0.66897
0.820152
0.891605
0.454923
0.81202
0.885849
0.851352
0.979137
0.496915
0.397534
0.961777
0.958256
0.475087
0.579417
0.32671
0.673735
0.294058
0.15079
0.706679
0.7022
0.294062
0.075421
0.849052
0.750228
0.965425
0.365046
0.674739
0.100799
0.239524
0.885842
0.384802
0.207462
0.426852
0.801718
0.838006
0.106967
0.93712
0.822581
0.973315
0.630595
0.392906
0.809432
0.200507
0.270031
0.094938
0.873116
0.374514
0.875688
0.253802
0.106666
0.961326
0.80649
0.827698
0.167648
0.866656
0.299951
0.601932
0.136954
0.731593
0.778346
0.966702
0.185417
0.833935
0.280356
0.65972
0.852875
0.057908
0.083899
0.170056
0.40928
0.639302
0.864319
0.937699
0.663489
0.650425
0.529439
0.931875
0.458913
0.442399
0.450586
0.15084
0.978553
0.920228
0.104704
0.873123
0.229515
0.907764
0.623007
0.956432
0.342962
0.359323
0.957248
0.129406
0.795647
0.209169
0.818532
0.149878
0.01719
0.374614
0.708325
0.884765
0.597498
0.867968
0.670227
0.752253
0.562916
0.522974
0.165789
0.577289
0.185403
0.825149
0.219132
0.193733
0.626687
0.405604
0.802974
0.294582
0.661712
0.783058
0.737283
0.742625
0.827674
0.644986
0.789127
0.051833
0.128883
0.134597
0.820228
0.082447
0.778531
0.727546
0.771585
0.624875
0.829412
0.453319
0.093157
0.919224
0.357951
0.345259
0.093158
0.48945
0.15995
0.622145
0.213865
0.900285
0.886874
0.633652
0.535119
0.858556
0.411306
0.03679
0.291021
0.799026
0.656242
0.281661
0.554962
0.670013
0.165528
0.252382
0.959285
0.391764
0.427012
0.55282
0.908402
0.484155
0.557815
0.55645
0.5499
0.717353
0.665754
0.451588
0.794227
0.542321
0.169685
0.642549
0.162218
0.264177
0.710473
0.531373
0.079334
0.142195
0.568003
0.057619
0.613176
0.212727
0.581965
0.996861
0.474555
0.467233
0.699327
0.930193
0.574139
0.847709
0.519455
0.708114
0.294164
0.722128
0.249638
0.867938
0.211767
0.384434
0.374586
0.142996
0.129943
0.67459
0.615177
0.205824
0.72122
0.55589
0.484831
0.312127
0.319232
0.388181
0.652727
0.566627
0.736783
0.391765
0.033621
0.342815
0.903349
0.921077
0.531744
0.84494
0.209396
0.838361
0.54335
0.302733
0.558595
0.582638
0.995393
0.547852
0.72598
0.14321
0.4182
0.384399
0.756161
0.289462
0.240192
0.908108
0.466144
0.288507
0.790674
0.372644
0.871895
0.844222
0.133014
0.865165
0.025356
0.826383
0.434427
0.220933
0.373842
0.08902
0.378401
0.876994
0.682056
0.795992
0.048212
0.262313
0.880949
0.561775
0.646097
0.04313
0.175493
0.434695
0.986987
0.623917
0.040714
0.164212
0.284578
0.952923
0.503178
0.256511
0.861752
0.404168
0.443978
0.359708
0.365678
0.521157
0.473112
0.660445
0.70726
0.635082
0.258292
0.361497
0.104105
0.250059
0.576118
0.898252
0.647627
0.491935
0.624733
0.231316
0.534501
0.698375
0.875753
0.825541
0.060016
0.004611
0.594567
0.265249
0.127582
0.890047
0.225761
0.165942
0.561768
0.3284
0.356755
0.672466
0.688623
0.150112
0.754901
0.987853
0.317207
0.402819
0.790089
0.39055
0.711152
0.952176
0.493207
0.484789
0.411636
0.20117
0.788083
0.827626
0.800593
0.743926
0.675731
0.55343
0.577323
0.960767
0.317338
0.931946
0.198925
0.04144
0.699199
0.578567
0.897874
0.269302
0.993156
0.834437
0.942491
0.223981
0.734083
0.822248
0.91187
0.518638
0.394915
0.610662
0.685461
0.6636
0.31877
0.905517
0.345882
0.401724
0.757677
0.077403
0.210763
0.141148
0.041366
0.654306
0.030499
0.220382
0.286626
0.325315
0.305365
0.50722
0.911054
0.895422
0.682028
0.247799
0.467758
0.094061
0.900603
0.427992
0.831
0.908449
0.024056
0.44937
0.352691
0.134534
0.830684
0.62311
0.698504
0.597664
0.909583
0.840406
0.739339
0.219139
0.732375
0.534063
0.864339
0.281447
0.262414
0.492093
0.05083
0.402015
0.492468
0.539571
0.744612
0.678198
0.549069
0.224829
0.723577
0.775435
0.585538
0.755602
0.122037
0.209367
0.329611
0.987182
0.132889
0.444974
0.0905
0.145424
0.442675
0.367741
0.971962
0.50444
0.407432
0.073807
0.927461
0.210036
0.732975
0.076625
0.366982
0.328375
0.801954
0.023533
0.531047
0.477365
0.367352
0.665629
0.762617
0.412121
0.881051
0.151514
0.136003
0.118442
0.439897
0.126546
0.655064
0.226408
0.025644
0.71611
0.762447
0.655077
0.236641
0.573516
0.192482
0.474881
0.386068
0.760515
0.68517
0.777364
0.938239
0.515316
0.412313
0.239425
0.11174
0.030513
0.775263
0.967076
0.598066
0.618436
0.677611
0.440116
0.228969
0.901539
0.989965
0.731063
0.797249
0.186137
0.720924
0.256803
0.030629
0.171584
0.227507
0.603435
0.841826
0.363846
0.207345
0.212823
0.413581
0.537024
0.980475
0.663127
0.252149
0.078362
0.808214
0.661857
0.040235
0.342243
0.36338
0.78835
0.498507
0.196493
0.489304
0.540305
0.965716
0.81693
0.425904
0.582394
0.480457
0.555927
0.260984
0.911467
0.30346
0.755621
0.226627
0.908116
0.21129
0.499621
0.952025
0.663856
0.04833
0.809545
0.757493
0.042504
0.509068
0.080757
0.221621
0.660245
0.507248
0.537641
0.006792
0.840313
0.039604
0.242425
0.781569
0.740255
0.999253
0.659649
0.105407
0.122502
0.284794
0.174561
0.714275
0.916158
0.841609
0.115039
0.524885
0.001532
0.325749
0.12372
0.126066
0.095756
0.577309
0.487451
0.709423
0.791743
0.560452
0.815023
0.898727
0.2965
0.621144
0.129897
0.998781
0.380367
0.008665
0.114854
0.182242
0.166821
0.844365
0.106855
0.179968
0.813298
0.448869
0.187216
0.978505
0.259159
0.735593
0.112256
0.070636
0.968674
0.87113
0.596309
0.04331
0.442379
0.412712
0.286853
0.935242
0.987802
0.72983
0.818878
0.181561
0.484178
0.020199
0.49395
0.863627
0.900785
0.242859
0.59288
0.808671
0.362747
0.606922
0.755641
0.307779
0.994598
0.365606
0.833153
0.404815
0.830756
0.914979
0.840088
0.279283
0.941225
0.416298
0.618973
0.902994
0.715134
0.084104
0.40758
0.967946
0.622914
0.283462
0.611795
0.289531
0.288233
0.373631
0.195574
0.673252
0.864736
0.513435
0.043779
0.183055
0.239478
0.513277
0.523963
0.788271
0.567331
0.150191
0.242355
0.358999
0.826068
0.32668
0.239606
0.227415
0.769323
0.386955
0.735865
0.256919
0.139853
0.656019
0.708544
0.417268
0.447095
0.755634
0.212297
0.8092
0.67971
0.42568
0.48455
0.000174
0.847115
0.916657
0.886145
0.049079
0.659804
0.652864
0.53712
0.684527
0.842112
0.072719
0.394943
0.202475
0.201561
0.142692
0.513919
0.484289
0.048824
0.829427
0.706598
0.739678
0.205692
0.677412
0.869858
0.669742
0.869207
0.911627
0.868062
0.027158
0.921578
0.49854
0.196333
0.293179
0.182079
0.386528
0.009245
0.363506
0.812467
0.468962
0.382132
0.703946
0.877975
0.711893
0.330755
0.335686
0.474523
0.972019
0.873302
0.956751
0.96737
0.524964
0.682146
0.645378
0.276111
0.943246
0.589872
0.508342
0.158805
0.470362
0.121701
0.835847
0.723662
0.906754
0.551319
0.089052
0.097662
0.727849
0.263584
0.259953
0.300511
0.329486
0.151778
0.272627
0.603907
0.79325
0.644366
0.422537
0.489482
0.319572
0.248687
0.061892
0.582641
0.042825
0.606745
0.560194
0.859917
0.849845
0.006579
0.716381
0.308799
0.427475
0.194007
0.271048
0.657259
0.725859
0.238429
0.642611
0.343043
0.605069
0.919124
0.468501
0.706538
0.266083
0.994131
0.178044
0.492763
0.044153
0.17719
0.825264
0.225639
0.080386
0.65258
0.989382
0.67186
0.096785
0.120066
0.249229
0.252153
0.863993
0.015034
0.671118
0.300567
0.270756
0.087505
0.645826
0.735334
0.500933
0.983809
0.992253
0.87437
0.822135
0.973769
0.983955
0.440104
0.537556
0.458307
0.123438
0.218639
0.628764
0.144312
0.715359
0.430983
0.445688
0.568647
0.408599
0.935799
0.334047
0.43804
0.100246
0.832945
0.01776
0.566622
0.823224
0.783418
0.698853
0.562022
0.683363
0.187081
0.843591
0.370805
0.930304
0.887389
0.667923
0.044317
0.782505
0.146449
0.299837
0.465563
0.162418
0.467674
0.060518
0.577599
0.661339
0.035884
0.7315
0.701799
0.129221
0.117689
0.016007
0.914379
0.065757
0.441158
0.048894
0.353727
0.52972
0.007757
0.55275
0.180915
0.894214
0.585875
0.625397
0.93601
0.28393
0.94212
0.662158
0.368412
0.793441
0.948028
0.349907
0.545503
0.215622
0.529276
0.622146
0.488641
0.869089
0.376255
0.037168
0.960589
0.794759
0.221296
0.160083
0.40898
0.030126
0.214538
0.795541
0.034839
0.487755
0.723815
0.370578
0.742727
0.715541
0.649322
0.923563
0.930921
0.564012
0.171123
0.946131
0.152354
0.455609
0.623531
0.551437
0.402249
0.876263
0.954997
0.255387
0.678951
0.21996
0.060671
0.811003
0.309127
0.17135
0.814496
0.527268
0.911937
0.906021
0.60332
0.00541
0.967423
0.495889
0.643277
0.329168
0.49134
0.350422
0.331434
0.877171
0.91995
0.391862
0.182827
0.4752
0.265773
0.953889
0.191342
0.276465
0.177855
0.597701
0.557928
0.959883
0.242213
0.935814
0.898415
0.149989
0.345315
0.081395
0.742864
0.74858
0.097616
0.270105
0.123012
0.886309
0.553533
0.197091
0.715806
0.53071
0.055991
0.67806
0.375929
0.613203
0.035025
0.301176
0.900393
0.389233
0.532913
0.818002
0.54225
0.756813
0.466445
0.467302
0.061478
0.135717
0.003633
0.119746
0.941416
0.392232
0.295864
0.480695
0.648753
0.907351
0.743779
0.294879
0.575571
0.427584
0.781729
0.834677
0.700821
0.953734
0.488466
0.344946
0.028496
0.480243
0.076552
0.034023
0.941053
0.464903
0.862677
0.730337
0.092063
0.715748
0.049478
0.076734
0.356019
0.260151
0.116965
0.651412
0.277686
0.052032
0.45431
0.208362
0.789416
0.370709
0.471017
0.71336
0.913042
0.316608
0.404915
0.452093
0.233464
0.736789
0.35746
0.303251
0.521914
0.355106
0.260053
0.912035
0.082593
0.457742
0.558405
0.59145
0.203847
0.809926
0.598112
0.543243
0.933412
0.473803
0.413365
0.579662
0.258283
0.103325
0.531149
0.792746
0.323824
0.823811
0.548126
0.124137
0.735056
0.692391
0.507105
0.026268
0.389383
0.267858
0.053286
0.777584
0.877243
0.756891
0.786446
0.90585
0.756978
0.17006
0.926598
0.419768
0.340185
0.208737
0.562968
0.822924
0.688121
0.840881
0.249306
0.793088
0.944969
0.565382
0.988779
0.034653
0.480061
0.917605
0.519396
0.868112
0.157686
0.626917
0.31003
0.634792
0.970661
0.886732
0.769281
0.13493
0.040178
0.005264
0.165412
0.249425
0.758804
0.150568
0.349577
0.669086
0.020996
0.936513
0.370773
0.578531
0.94703
0.562216
0.330142
0.366673
0.840654
0.111217
0.570037
0.780517
0.64101
0.212909
0.96044
0.708513
0.339319
0.480624
0.033505
0.89004
0.443622
0.986274
0.150211
0.816343
0.961435
0.811976
0.523786
0.444763
0.331871
0.171672
0.881164
0.989016
0.405841
0.548188
0.957778
0.915727
0.436641
0.249541
0.383139
0.710205
0.47412
0.989375
0.975608
0.302379
0.752817
0.889275
0.760245
0.39947
0.397163
0.015649
0.061912
0.518735
0.260568
0.761921
0.351947
0.083952
0.355248
0.393443
0.19281
0.946518
0.042975
0.190085
0.02787
0.746871
0.320788
0.607876
0.110903
0.491289
0.0837
0.605145
0.880073
0.625794
0.290247
0.49968
0.020559
0.541026
0.643159
0.650991
0.332301
0.755483
0.127672
0.014152
0.428675
0.120365
0.619417
0.281008
0.38428
0.387713
0.448693
0.012816
0.285066
0.355082
0.275483
0.42556
0.851123
0.297624
0.603852
0.819494
0.166517
0.94153
0.146788
0.833726
0.407388
0.659441
0.272813
0.092143
0.20122
0.598694
0.214512
0.745007
0.474534
0.185958
0.710265
0.0897
0.69217
0.756608
0.47761
0.375336
0.851269
0.581713
0.023391
0.774677
0.154135
0.207772
0.714086
0.552749
0.096151
0.742385
0.680884
0.302054
0.341602
0.74071
0.962937
0.906026
0.336284
0.549674
0.458917
0.212244
0.731225
0.982848
0.062223
0.044278
0.253848
0.209545
0.360036
0.521119
0.104702
0.391591
0.778818
0.360272
0.321025
0.766395
0.376276
0.166634
0.350338
0.814104
0.428212
0.410661
0.135099
0.472184
0.693986
0.458759
0.787824
0.721114
0.400525
0.251148
0.169889
0.506034
0.943212
0.378384
0.66798
0.173497
0.007914
0.398384
0.211211
0.364879
0.346525
0.602488
0.810228
0.248665
0.683268
0.726962
0.440267
0.476911
0.428262
0.387437
0.720453
0.314337
0.809691
0.724292
0.968004
0.825566
0.803049
0.627827
0.325968
0.042745
0.370412
0.200216
0.832268
0.184667
0.976184
0.851207
0.422863
0.733169
0.458185
0.827764
0.311387
0.967499
0.353825
0.822678
0.408794
0.882896
0.995176
0.540535
0.96929
0.853716
0.330477
0.465574
0.113397
0.904273
0.22568
0.203465
0.209789
0.830535
0.902825
0.916918
0.065137
0.378518
0.177405
0.655117
0.426925
0.037885
0.889773
0.437122
0.970674
0.11361
0.088321
0.751966
0.275439
0.677927
0.428345
0.77833
0.017405
0.237116
0.213994
0.600474
0.083465
0.134033
0.889545
0.089261
0.203126
0.333851
0.991084
0.650144
0.897473
0.817856
0.612902
0.082355
0.258933
0.803234
0.950508
0.457412
0.209952
0.261953
0.233738
0.836308
0.967898
0.953126
0.933493
0.163179
0.831967
0.641468
0.176207
0.717774
0.008523
0.146596
0.695418
0.929922
0.8276
0.847424
0.045329
0.726736
0.151822
0.76082
0.26791
0.569684
0.194878
0.041059
0.23318
0.34133
0.25185
0.623142
0.770886
0.357906
0.682369
0.910234
0.729774
0.732128
0.487185
0.958836
0.077419
0.437068
0.831211
0.083821
0.662402
0.923585
0.649197
0.909822
0.035226
0.320754
0.360799
0.89532
0.532368
0.643354
0.970346
0.626961
0.63043
0.17963
0.414476
0.13059
0.3671
0.355469
0.633602
0.916354
0.299651
0.207873
0.268841
0.112298
0.305915
0.471973
0.438391
0.910736
0.190383
0.543521
0.340988
0.543182
0.75393
0.765482
0.467427
0.626626
0.153434
0.300084
0.805056
0.494558
0.484798
0.914761
0.278805
0.552524
0.980974
0.152862
0.043047
0.967331
0.376803
0.145665
0.891851
0.875376
0.943678
0.35666
0.083889
0.172052
0.624057
0.889441
0.570208
0.232734
0.812584
0.833009
0.969504
0.328795
0.891795
0.995443
0.471209
0.814991
0.542333
0.923889
0.881488
0.592017
0.482917
0.300856
0.768143
0.499645
0.865309
0.137439
0.181401
0.638643
0.104536
0.112509
0.977715
0.143688
0.108079
0.535932
0.112447
0.651937
0.315775
0.024396
0.81501
0.64022
0.084185
0.46377
0.655069
0.526176
0.629212
0.032375
0.697399
0.165398
0.701901
0.835575
0.427373
0.05262
0.732236
0.992134
0.979362
0.482879
0.990431
0.606241
0.45827
0.194998
0.856099
0.083167
0.641782
0.096429
0.303229
0.731229
0.191394
0.569645
0.744294
0.920429
0.214768
0.562375
0.115104
0.724403
0.128825
0.293701
0.289457
0.367309
0.78339
0.545159
0.277721
0.01172
0.08529
0.23901
0.82748
0.659371
0.830292
0.160265
0.316967
0.11084
0.266736
0.017458
0.517519
0.911416
0.872816
0.750202
0.639811
0.775177
0.160412
0.496805
0.465558
0.410935
0.380777
0.494376
0.784996
0.007325
0.387524
0.677714
0.146095
0.065255
0.791661
0.294144
0.153277
0.181028
0.668545
0.753262
0.258124
0.343652
0.528917
0.202835
0.71018
0.135358
0.55047
0.698961
0.819657
0.850018
0.715373
0.027467
0.908896
0.81247
0.500031
0.097007
0.857596
0.22269
0.140677
0.789101
0.661464
0.067619
0.472925
0.300151
0.605612
0.392698
0.02493
0.398604
0.604203
0.175622
0.929541
0.521473
0.808918
0.315732
0.288674
0.712813
0.912078
0.450272
0.139164
0.94965
0.925755
0.730457
0.190427
0.102764
0.725105
0.003517
0.592694
0.543658
0.827004
0.836192
0.460812
0.951627
0.266687
0.823446
0.727947
0.729207
0.402412
0.236729
0.301337
0.771502
0.556123
0.975804
0.997046
0.483579
0.922855
0.20254
0.680458
0.900323
0.127233
0.757964
0.645501
0.317182
0.556958
0.739803
0.044171
0.778682
0.900943
0.030718
0.214029
0.084213
0.590241
0.478659
0.471243
0.546355
0.952609
0.725327
0.319709
0.02753
0.774276
0.92609
0.699499
0.055767
0.584638
0.590727
0.528507
0.164846
0.906523
0.572497
0.89033
0.788941
0.902333
0.456866
0.818419
0.994947
0.78469
0.85413
0.006405
0.8936
0.521103
0.774763
0.745728
0.371901
0.030654
0.288269
0.015781
0.566894
0.070453
0.715069
0.585277
0.543324
0.030222
0.940461
0.497813
0.893037
0.138211
0.036606
0.347934
0.492773
0.784421
0.292503
0.582062
0.813535
0.686925
0.982231
0.084394
0.280861
0.836298
0.534118
0.329751
0.25359
0.439176
0.161713
0.031815
0.610096
0.184883
0.519603
0.55827
0.139063
0.101059
0.170743
0.784754
0.539859
0.816107
0.365845
0.142013
0.201341
0.788725
0.955207
0.485775
0.914514
0.356295
0.719785
0.433395
0.421909
0.444115
0.374261
0.988008
0.59478
0.709877
0.599296
0.549965
0.399147
0.403682
0.182284
0.027274
0.424272
0.458073
0.059801
0.520588
0.277229
0.813127
0.087978
0.182666
0.294517
0.553989
0.298337
0.091664
0.192683
0.853987
0.527003
0.629546
0.295655
0.181316
0.684959
0.758151
0.637523
0.324297
0.849564
0.569528
0.894479
0.670332
0.271077
0.073987
0.329046
0.136756
0.012831
0.21681
0.20478
0.928533
0.895488
0.896491
0.476056
0.178301
0.340795
0.185487
0.017123
0.160988
0.262044
0.770853
0.474952
0.212226
0.948934
0.377194
0.877245
0.220883
0.252329
0.417005
0.199713
0.650081
0.813113
0.903915
0.792505
0.40966
0.974433
0.891796
0.615762
0.348429
0.160172
0.273416
0.461063
0.127992
0.388248
0.458169
0.889148
0.715372
0.477045
0.989496
0.780842
0.453681
0.692746
0.929825
0.334197
0.501475
0.792039
0.413771
0.920506
0.748318
0.398876
0.922852
0.094375
0.096575
0.967399
0.604471
0.083281
0.514891
0.029772
0.939893
0.013444
0.16903
0.605623
0.240799
0.229061
0.267104
0.629892
0.195833
0.499962
0.896344
0.175042
0.435867
0.217122
0.883893
0.133486
0.755517
0.299514
0.425412
0.342565
0.471968
0.0393
0.513912
0.165732
0.347061
0.061763
0.253736
0.606288
0.360295
0.391939
0.276924
0.866756
0.903903
0.278836
0.150877
0.449561
0.846229
0.594457
0.14557
0.245476
0.321991
0.409633
0.104422
0.308575
0.702021
0.852409
0.222073
0.753241
0.409211
0.613182
0.141676
0.652875
0.914273
0.674993
0.231856
0.273421
0.556368
0.01665
0.296442
0.579446
0.310433
0.03425
0.504379
0.793266
0.434664
0.738186
0.664863
0.018328
0.624608
0.771263
0.091544
0.360211
0.98431
0.26952
0.931888
0.565244
0.066182
0.272034
0.297588
0.64142
0.992971
0.840145
0.593156
0.779891
0.736634
0.07411
0.348419
0.537134
0.373316
0.209574
0.356112
0.942469
0.634057
0.8923
0.026375
0.342479
0.648746
0.860117
0.911605
0.154198
0.444005
0.462926
0.974515
0.205047
0.395204
0.866324
0.490235
0.300146
0.685659
0.226205
0.801399
0.171027
0.882162
0.697712
0.014707
0.305459
0.680142
0.042739
0.632109
0.927318
0.447847
0.326883
0.587833
0.849019
0.101438
0.301176
0.043076
0.944789
0.449247
0.332036
0.303756
0.38182
0.599185
0.771692
0.589801
0.84137
0.221635
0.316868
0.959984
0.33816
0.326132
0.788407
0.026508
0.831373
0.442715
0.554278
0.706795
0.702384
0.253284
0.896957
0.541945
0.68268
0.567846
0.682886
0.503234
0.315345
0.359142
0.077548
0.638006
0.439455
0.008014
0.040106
0.814449
0.296091
0.944757
0.590857
0.271931
0.412743
0.931042
0.4363
0.168986
0.947122
0.505872
0.489212
0.51163
0.798727
0.836923
0.894751
0.525334
0.378512
0.590101
0.603273
0.532836
0.443615
0.409997
0.34576
0.621829
0.055844
0.15588
0.404287
0.838821
0.426383
0.464362
0.203331
0.479785
0.079112
0.913944
0.517224
0.635781
0.222522
0.07305
0.306885
0.325561
0.438885
0.187624
0.850399
0.956205
0.02221
0.711745
0.165299
0.444946
0.0687
0.734312
0.019082
0.521009
0.563554
0.969019
0.847728
0.82107
0.530661
0.205454
0.428159
0.919309
0.261637
0.912981
0.186171
0.897802
0.222312
0.088913
0.608712
0.544685
0.832945
0.756112
0.001231
0.242676
0.401111
0.53295
0.402945
0.774913
0.123105
0.433047
0.408704
0.727479
0.645118
0.17318
0.546405
0.450207
0.096147
0.194886
0.074432
0.32217
0.314902
0.804751
0.704328
0.571162
0.490461
0.403309
0.948283
0.194919
0.288758
0.722072
0.459571
0.464841
0.537693
0.909064
0.869568
0.23744
0.718213
0.620169
0.685896
0.961946
0.052142
0.390518
0.427199
0.218116
0.240953
0.225597
0.365612
0.90657
0.233968
0.418792
0.80803
0.177068
0.371883
0.486575
0.719157
0.258119
0.135165
0.650948
0.561395
0.640158
0.554181
0.875227
0.968049
0.276515
0.331737
0.525051
0.061666
0.579216
0.590795
0.543819
0.272617
0.667191
0.457061
0.37701
0.904683
0.877947
0.82906
0.657408
0.290508
0.951659
0.823723
0.665238
0.091513
0.73091
0.646835
0.624347
0.304342
0.878632
0.53277
0.082692
0.585689
0.903546
0.684116
0.973327
0.025481
0.682539
0.128167
0.812937
0.111706
0.04167
0.21953
0.529056
0.106656
0.406821
0.334794
0.899874
0.128425
0.285181
0.387429
0.1515
0.960245
0.841777
0.506782
0.975159
0.241347
0.050019
0.751435
0.686686
0.655501
0.564005
0.534113
0.644606
0.383964
0.359652
0.507092
0.580182
0.411308
0.549011
0.592067
0.463728
0.209073
0.520297
0.868437
0.780762
0.926259
0.306208
0.657073
0.273143
0.889906
0.70347
0.351632
0.361859
0.292503
0.669997
0.242591
0.256126
0.833924
0.059083
0.427687
0.464489
0.748153
0.67174
0.697496
0.229364
0.236389
0.598839
0.54995
0.956463
0.099679
0.700659
0.026257
0.339325
0.26714
0.454297
0.760018
0.80184
0.368141
0.657595
0.985362
0.07235
0.460554
0.624847
0.330305
0.354459
0.385052
0.619507
0.590479
0.539774
0.291732
0.75867
0.227214
0.997335
0.121743
0.42772
0.518571
0.500945
0.309602
0.795784
0.420143
0.825191
0.506634
0.462208
0.957469
0.770801
0.427455
0.807875
0.452294
0.936111
0.392488
0.153388
0.24301
0.079199
0.403755
0.464445
0.580739
0.307563
0.413073
0.932563
0.358998
0.844644
0.431803
0.882145
0.267634
0.632247
0.513453
0.354279
0.520198
0.322948
0.74499
0.101624
0.253129
0.211058
0.476838
0.224731
0.200973
0.416336
0.797053
0.900404
0.599361
0.804485
0.497624
0.066005
0.21577
0.190275
0.541348
0.855115
0.428717
0.551812
0.662898
0.926745
0.338871
0.512975
0.713999
0.926805
0.51629
0.03934
0.115384
0.242625
0.537026
0.281124
0.28546
0.659755
0.194821
0.323159
0.742155
0.464132
0.694368
0.856696
0.112217
0.418322
0.393645
0.997397
0.057131
0.973715
0.238922
0.964012
0.42601
0.770921
0.473647
0.55801
0.46438
0.34215
0.737369
0.06778
0.76291
0.765373
0.192556
0.082251
0.258351
0.20575
0.608912
0.822181
0.121173
0.442026
0.589312
0.314431
0.572924
0.983947
0.091734
0.655832
0.402142
0.63645
0.922477
0.922039
0.936078
0.9441
0.966846
0.971713
0.914515
0.542603
0.987138
0.744138
0.474267
0.019873
0.948985
0.985634
0.397824
0.826167
0.090891
0.398956
0.542922
0.848385
0.083097
0.12765
0.375547
0.408388
0.94853
0.164053
0.531775
0.23138
0.149273
0.062078
0.344008
0.149503
0.450504
0.729093
0.407008
0.130591
0.57594
0.98682
0.657598
0.985014
0.076713
0.391852
0.186338
0.648389
0.941838
0.60739
0.183479
0.4865
0.815664
0.1765
0.422826
0.260733
0.007682
0.139939
0.482972
0.523384
0.852101
0.775835
0.557284
0.351155
0.910205
0.563565
0.816602
0.90068
0.61959
0.859837
0.860699
0.167163
0.33278
0.451836
0.058245
0.702956
0.526889
0.85923
0.737103
0.637767
0.966867
0.696996
0.555451
0.108502
0.474118
0.282928
0.053526
0.486333
0.129385
0.498568
0.214946
0.499794
0.270392
0.635888
0.364038
0.991656
0.772214
0.675454
0.518333
0.475049
0.868251
0.541429
0.96409
0.275302
0.205253
0.155001
0.068627
0.716616
0.640978
0.577512
0.383532
0.180895
0.982482
0.277939
0.989267
0.672513
0.071438
0.210993
0.832116
0.76875
0.084211
0.761197
0.040686
0.435905
0.951875
0.04446
0.446942
0.646112
0.143059
0.924067
0.511152
0.306666
0.801345
0.843427
0.902048
0.706136
0.283609
0.631273
0.174508
0.308792
0.80215
0.092746
0.494745
0.327882
0.604422
0.378289
0.364251
0.294962
0.634257
0.200976
0.164994
0.881878
0.783565
0.018016
0.082805
0.013567
0.004667
0.156823
0.176124
0.953275
0.696465
0.90998
0.914218
0.195183
0.177139
0.685289
0.694542
0.386075
0.852092
0.005126
0.53878
0.14588
0.551406
0.601943
0.771283
0.77439
0.198438
0.785003
0.490906
0.499298
0.729189
0.841346
0.282346
0.944741
0.087184
0.408325
0.636864
0.074921
0.563477
0.849574
0.055903
0.741386
0.2419
0.000823
0.179346
0.628824
0.476629
0.269981
0.129512
0.686809
0.962841
0.934794
0.1747
0.85878
0.387563
0.56805
0.935954
0.58697
0.603231
0.420824
0.08749
0.32797
0.555636
0.68717
0.737195
0.426792
0.538124
0.852652
0.116641
0.978653
0.918237
0.72864
0.182629
0.193008
0.507477
0.333602
0.855692
0.918543
0.18802
0.210388
0.751999
0.458987
0.944534
0.755833
0.561099
0.435676
0.93035
0.79575
0.156443
0.729916
0.446094
0.141037
0.779437
0.54316
0.249468
0.995162
0.7708
0.523006
0.550517
0.113178
0.844214
0.992713
0.451263
0.576936
0.719755
0.017313
0.451725
0.258388
0.81414
0.183645
0.223251
0.919797
0.838722
0.608785
0.634205
0.638898
0.442426
0.389512
0.269195
0.41835
0.144416
0.817379
0.557871
0.93233
0.926685
0.991966
0.51468
0.473209
0.214197
0.944413
0.887599
0.134687
0.533875
0.576799
0.100119
0.684119
0.500733
0.012709
0.024518
0.171038
0.953554
0.895799
0.883288
0.627862
0.372311
0.609523
0.137497
0.698979
0.883019
0.308837
0.162744
0.592724
0.962968
0.596427
0.917256
0.864021
0.104374
0.140527
0.957372
0.096578
0.189166
0.824361
0.460618
0.136547
0.685873
0.66656
0.957205
0.356301
0.058899
0.652207
0.281095
0.479837
0.001505
0.711611
0.080243
0.155455
0.619667
0.190355
0.750906
0.412194
0.925564
0.777188
0.741659
0.471286
0.713351
0.569591
0.671459
0.673716
0.680421
0.297718
0.93391
0.08012
0.478516
0.795324
0.426382
0.264973
0.847799
0.212804
0.266248
0.774254
0.399362
0.461642
0.640706
0.055034
0.23761
0.783349
0.245792
0.136452
0.640898
0.228842
0.658898
0.18121
0.89451
0.600566
0.163845
0.223619
0.563541
0.296361
0.216906
0.346704
0.555135
0.894398
0.058251
0.885736
0.114016
0.672431
0.207723
0.049849
0.438465
0.021787
0.430577
0.315839
0.844501
0.29762
0.996926
0.478457
0.74418
0.679072
0.129269
0.125224
0.870346
0.082479
0.875648
0.277021
0.029855
0.219806
0.324503
0.660436
0.248705
0.197035
0.066535
0.616833
0.794491
0.749817
0.178004
0.966609
0.869245
0.075902
0.350735
0.356905
0.258884
0.796616
0.27102
0.095133
0.166633
0.659575
0.294927
0.663128
0.601809
0.034653
0.019405
0.17159
0.452745
0.925925
0.334395
0.625553
0.158408
0.065969
0.491676
0.316065
0.205449
0.659612
0.155909
0.694895
0.13499
0.007473
0.792402
0.69939
0.451855
0.768714
0.761455
0.842595
0.32217
0.022541
0.553151
0.791522
0.456895
0.650061
0.462491
0.523666
0.406611
0.780006
0.197716
0.446956
0.264909
0.270084
0.590445
0.083312
0.721578
0.446399
0.585726
0.811885
0.718844
0.263545
0.870779
0.585158
0.727464
0.756728
0.406125
0.313763
0.273747
0.017526
0.655133
0.632528
0.985085
0.297976
0.256538
0.871939
0.315181
0.189402
0.695622
0.814282
0.217361
0.074042
0.888053
0.363857
0.48903
0.662396
0.897804
0.421711
0.631014
0.940741
0.967673
0.064991
0.121995
0.840831
0.689165
0.723367
0.823408
0.242461
0.676509
0.794191
0.395455
0.690321
0.152257
0.44895
0.230889
0.296485
0.271877
0.713924
0.976889
0.803358
0.313327
0.381741
0.773009
0.251231
0.210594
0.200057
0.769735
0.498678
0.459341
0.765115
0.15779
0.523065
0.44967
0.547671
0.023582
0.514226
0.696209
0.662257
0.303287
0.911201
0.223845
0.004722
0.20023
0.607849
0.493932
0.679906
0.8847
0.172707
0.596344
0.34772
0.552153
0.948767
0.947888
0.637189
0.67762
0.318241
0.169565
0.470071
0.362075
0.125679
0.48924
0.77022
0.640482
0.444327
0.540493
0.800954
0.708549
0.601095
0.024648
0.987466
0.714899
0.254196
0.811989
0.174393
0.634926
0.009753
0.852745
0.624597
0.302132
0.548658
0.154192
0.986785
0.302201
0.213105
0.198211
0.001476
0.633165
0.338541
0.655934
0.16489
0.906661
0.828424
0.21503
0.325191
0.072582
0.08312
0.196631
0.833698
0.308305
0.417203
0.362195
0.97591
0.091744
0.328976
0.560501
0.28305
0.423683
0.397199
0.530431
0.90072
0.946132
0.459785
0.908744
0.926517
0.880684
0.021733
0.579375
0.831576
0.39019
0.418955
0.346553
0.313448
0.903766
0.871755
0.464465
0.476122
0.470125
0.50262
0.463423
0.530768
0.744605
0.895375
0.955505
0.705567
0.556886
0.382252
0.464383
0.940509
0.813336
0.51648
0.97592
0.550243
0.732702
0.520734
0.591741
0.959434
0.012203
0.012621
0.246322
0.032597
0.049765
0.039092
0.396642
0.710683
0.084965
0.641986
0.481891
0.257658
0.562723
0.656623
0.032919
0.488814
0.961344
0.485547
0.169267
0.628228
0.34388
0.515084
0.020016
0.095254
0.636057
0.540921
0.028252
0.560264
0.974706
0.812426
0.916393
0.56808
0.025188
0.506821
0.199007
0.53296
0.289095
0.682425
0.520017
0.736413
0.523512
0.380792
0.81883
0.227457
0.13579
0.842792
0.851597
0.413469
0.838434
0.914969
0.385393
0.800449
0.733382
0.002248
0.55796
0.505977
0.721102
0.66952
0.708681
0.123182
0.025104
0.727555
0.052622
0.233202
0.618898
0.221368
0.599838
0.532178
0.800334
0.113245
0.703444
0.282628
0.919747
0.535
0.901501
0.93519
0.887524
0.559162
0.258293
0.679536
0.417329
0.920991
0.295
0.756015
0.042549
0.99305
0.090095
0.700168
0.495031
0.59746
0.670523
0.315787
0.464894
0.95417
0.462571
0.379155
0.872994
0.247403
0.291288
0.12065
0.190673
0.583281
0.130084
0.5394
0.099252
0.984229
0.89583
0.949742
0.533557
0.885443
0.911368
0.605846
0.432301
0.853404
0.610074
0.394547
0.837588
0.437777
0.462745
0.884882
0.955241
0.663219
0.444351
0.850233
0.911889
0.045885
0.24919
0.084049
0.912445
0.442284
0.630114
0.162887
0.767582
0.450017
0.357909
0.612333
0.061785
0.27867
0.103419
0.423111
0.608347
0.812525
0.587659
0.690438
0.9517
0.540694
0.614586
0.151723
0.412536
0.108944
0.005549
0.237493
0.252568
0.396652
0.579089
0.668747
0.956785
0.679804
0.21988
0.939595
0.210455
0.306489
0.186966
0.042107
0.332313
0.467367
0.505407
0.448705
0.074164
0.41393
0.981075
0.80571
0.826039
0.844232
0.665724
0.005271
0.152624
0.434458
0.686891
0.690175
0.539972
0.448568
0.687359
0.588991
0.752095
0.73021
0.154749
0.918973
0.372807
0.756337
0.456018
0.081077
0.330075
0.889533
0.441679
0.847294
0.819173
0.059622
0.295972
0.064748
0.780373
0.577819
0.662836
0.5312
0.691408
0.78908
0.589859
0.318189
0.205447
0.667816
0.84097
0.180546
0.913924
0.536902
0.336206
0.014227
0.905491
0.879792
0.090966
0.02516
0.372367
0.411137
0.819446
0.285285
0.807188
0.225524
0.566615
0.672117
0.911639
0.570359
0.840798
0.42847
0.870695
0.641786
0.645211
0.638375
0.055078
0.174009
0.374136
0.227187
0.346595
0.916803
0.200997
0.183771
0.074288
0.321647
0.22049
0.901194
0.603662
0.761462
0.732205
0.741095
0.642537
0.308836
0.045809
0.349555
0.927656
0.492154
0.404215
0.595193
0.563153
0.999035
0.073214
0.223516
0.124578
0.056485
0.822372
0.869544
0.677886
0.998219
0.879173
0.252979
0.436359
0.862842
0.359878
0.289218
0.846221
0.279272
0.896594
0.078189
0.966089
0.052351
0.726774
0.553407
0.514905
0.113411
0.302471
0.596405
0.871205
0.922953
0.364063
0.99853
0.49152
0.331777
0.887284
0.258481
0.356401
0.205098
0.714756
0.253185
0.1836
0.549061
0.699043
0.919445
0.8926
0.429763
0.60163
0.283576
0.398955
0.478222
0.3581
0.501864
0.62539
0.125415
0.573285
0.023866
0.957112
0.247037
0.002489
0.78765
0.831548
0.905256
0.835034
0.391429
0.261289
0.450958
0.591567
0.486434
0.18972
0.900206
0.934916
0.241343
0.468534
0.392462
0.105939
0.402667
0.101232
0.999767
0.698319
0.483373
0.152449
0.004063
0.321738
0.553434
0.401466
0.087091
0.754772
0.613881
0.400374
0.848339
0.061503
0.617608
0.722497
0.518087
0.71406
0.060483
0.24349
0.420665
0.420022
0.352465
0.089977
0.983067
0.789112
0.23607
0.129391
0.88947
0.964993
0.042849
0.202177
0.167741
0.927315
0.231612
0.629472
0.855692
0.722054
0.336602
0.318734
0.6927
0.241278
0.472434
0.757266
0.783208
0.886168
0.541994
0.61754
0.755839
0.934478
0.946425
0.055194
0.292222
0.441437
0.48652
9.4e-05
0.323804
0.797377
0.409346
0.55405
0.994173
0.483964
0.361225
0.932799
0.369265
0.877165
0.64237
0.317577
0.259904
0.845845
0.531258
0.951824
0.476856
0.668683
0.237887
0.529161
0.91923
0.571574
0.279604
0.275934
0.359363
0.767578
0.527039
0.132172
0.362479
0.500081
0.767295
0.024721
0.384714
0.581047
0.060814
0.36031
0.622163
0.334733
0.895754
0.625132
0.922505
0.022324
0.797645
0.921786
0.817763
0.643461
0.103368
0.949932
0.959442
0.184407
0.795636
0.611608
0.892756
0.847765
0.300994
0.624722
0.944007
0.781296
0.727401
0.529975
0.234969
0.80286
0.116738
0.187394
0.455217
0.206316
0.731812
0.863244
0.868943
0.159514
0.621443
0.370428
0.657655
0.922026
0.896911
0.793215
0.128996
0.039639
0.033913
0.452325
0.809227
0.340441
0.116205
0.217138
0.937772
0.304074
0.678948
0.103639
0.147381
0.333268
0.172242
0.63619
0.328166
0.084998
0.769351
0.980308
0.579297
0.441235
0.098632
0.299131
0.260371
0.916158
0.330639
0.816844
0.634167
0.599154
0.949245
0.886586
0.231834
0.020708
0.689342
0.780369
0.2577
0.962135
0.530936
0.800898
0.588884
0.540059
0.456007
0.189309
0.739585
0.25449
0.775808
0.341913
0.31528
0.409513
0.68565
0.010776
0.253349
0.230684
0.525674
0.756638
0.968765
0.385559
0.178857
0.294879
0.387343
0.73275
0.892832
0.975191
0.713612
0.959446
0.367578
0.93684
0.737251
0.369672
0.317922
0.276604
0.649441
0.975326
0.729111
0.988261
0.04533
0.962078
0.531374
0.442852
0.181996
0.536468
0.315303
0.141516
0.222271
0.814863
0.598691
0.122078
0.205439
0.2451
0.549952
0.340476
0.545597
0.703533
0.208127
0.128931
0.899865
0.107576
0.72174
0.432469
0.395698
0.155557
0.019258
0.68729
0.047762
0.690817
0.464331
0.01578
0.101861
0.446215
0.15104
0.827357
0.011465
0.300082
0.540164
0.651653
0.406368
0.202039
0.922509
0.550218
0.485605
0.440068
0.439633
0.419127
0.817031
0.42185
0.151253
0.445658
0.831538
0.489898
0.370838
0.494211
0.8817
0.662665
0.667354
0.313436
0.769771
0.800545
0.787933
0.411109
0.141345
0.893719
0.268171
0.536018
0.113376
0.200544
0.778643
0.843715
0.036786
0.936056
0.777806
0.40431
0.025758
0.378108
0.895139
0.963792
0.160015
0.418888
0.03957
0.801832
0.794544
0.631909
0.956087
0.609458
0.885847
0.641863
0.288967
0.870358
0.904619
0.769092
0.264707
0.85412
0.996975
0.720559
0.684421
0.744007
0.301306
0.18239
0.585162
0.629211
0.180509
0.936298
0.808001
0.464741
0.076232
0.870416
0.132025
0.421893
0.06712
0.769804
0.123486
0.719224
0.802304
0.891599
0.156547
0.266718
0.247755
0.714296
0.133629
0.735411
0.705569
0.980714
0.378953
0.421903
0.213869
0.320678
0.998992
0.380899
0.134762
0.47555
0.1996
0.934481
0.508799
0.19612
0.282152
0.80133
0.172537
0.538178
0.117109
0.54105
0.354424
0.039452
0.010983
0.201218
0.278353
0.311146
0.795449
0.725565
0.523953
0.759
0.222809
0.207319
0.99313
0.457015
0.936777
0.808404
0.052727
0.277115
0.202958
0.491536
0.622146
0.221876
0.654931
0.366507
0.443737
0.648711
0.147889
0.318729
0.391747
0.015574
0.172809
0.032765
0.301973
0.905023
0.231806
0.250301
0.381536
0.421342
0.282345
0.355597
0.897711
0.199421
0.381369
0.731365
0.618263
0.743905
0.392659
0.471055
0.070268
0.458693
0.37632
0.268453
0.22223
0.052114
0.391859
0.349511
0.333442
0.486501
0.092184
0.637006
0.397986
0.108051
0.199449
0.702237
0.400596
0.809423
0.31243
0.170981
0.37099
0.541697
0.857083
0.563681
0.419043
0.104059
0.039345
0.097529
0.467048
0.618253
0.881287
0.455798
0.476241
0.693864
0.066302
0.594699
0.405884
0.969204
0.45749
0.771854
0.508308
0.861605
0.211102
0.384002
0.413968
0.758477
0.352411
0.478659
0.804389
0.525308
0.772645
0.064162
0.040258
0.738387
0.112787
0.604443
0.129603
0.405095
0.756465
0.929125
0.860291
0.742071
0.061528
0.524172
0.94941
0.983361
0.12238
0.918036
0.502627
0.964083
0.882819
0.385622
0.990916
0.337512
0.23069
0.92063
0.872522
0.473639
0.174622
0.390428
0.233924
0.935431
0.898392
0.338459
0.914362
0.23056
0.136116
0.818718
0.05761
0.897312
0.918934
0.903787
0.644288
0.870464
0.663897
0.467715
0.175115
0.415215
0.674979
0.666829
0.599884
0.283093
0.187834
0.333145
0.316683
0.718254
0.299321
0.869902
0.696149
0.102115
0.277436
0.719041
0.638827
0.644827
0.069572
0.034922
0.706271
0.371992
0.328031
0.590419
0.119221
0.538234
0.942327
0.856632
0.677917
0.033913
0.566227
0.288988
0.856175
0.859417
0.07015
0.773929
0.094259
0.636602
0.1916
0.520959
0.572583
0.472176
0.646564
0.755896
0.845485
0.417917
0.727855
0.508644
0.052416
0.521511
0.233148
0.900217
0.371822
0.853518
0.133494
0.906105
0.109449
0.899553
0.274285
0.822983
0.793882
0.107088
0.022538
0.286884
0.314686
0.55411
0.528165
0.010298
0.223598
0.467493
0.913758
0.065844
0.851273
0.981974
0.86207
0.744583
0.449144
0.348096
0.446274
0.284129
0.671575
0.768352
0.979274
0.71958
0.689799
0.891714
0.270127
0.037284
0.502036
0.152245
0.351276
0.164951
0.130278
0.083149
0.384785
0.121263
0.809163
0.070898
0.706535
0.048571
0.836278
0.444288
0.535313
0.773189
0.360365
0.287394
0.563406
0.198811
0.871214
0.550959
0.427471
0.105074
0.156805
0.517433
0.77274
0.404411
0.030339
0.434606
0.03156
0.771965
0.008608
0.972425
0.485673
0.740139
0.010268
0.927467
0.421144
0.635408
0.83626
0.316285
0.678281
0.678381
0.086584
0.88413
0.490078
0.825539
0.334151
0.792592
0.643029
0.855472
0.059584
0.009093
0.579727
0.481794
0.047176
0.278505
0.413169
0.504871
0.82503
0.72004
0.001787
0.305358
0.618892
0.280475
0.76309
0.859329
0.754606
0.992015
0.606964
0.65405
0.096189
0.526971
0.334471
0.348858
0.683123
0.355065
0.714071
0.024722
0.018941
0.87857
0.416624
0.468385
0.008185
0.691619
0.481311
0.068114
0.743788
0.849164
0.959809
0.720381
0.451745
0.008737
0.426718
0.182619
0.370795
0.446234
0.735272
0.227186
0.902502
0.499997
0.451534
0.464474
0.384704
0.949806
0.297584
0.768701
0.392203
0.676755
0.965978
0.210809
0.630165
0.61787
0.70538
0.694456
0.076829
0.123209
0.430209
0.022639
0.467615
0.139233
0.391131
0.93832
0.373349
0.816842
0.620562
0.467577
0.11147
0.718751
0.024673
0.085152
0.888634
0.308205
0.517649
0.235323
0.413333
0.40722
0.929177
0.490996
0.878472
0.544628
0.631292
0.129237
0.071714
0.939407
0.372366
0.916927
0.668046
0.265383
0.99212
0.922207
0.43023
0.258747
0.46844
0.384661
0.004685
0.024036
0.570577
0.997219
0.551899
0.521716
0.997471
0.211813
0.658529
0.041081
0.963713
0.775595
0.279872
0.554037
0.758391
0.966838
0.436227
0.436634
0.196055
0.165214
0.311611
0.707721
0.570473
0.179098
0.223742
0.318763
0.618497
0.517454
0.649471
0.281247
0.394142
0.014071
0.453725
0.990477
0.043402
0.576431
0.895235
0.374428
0.258743
0.397246
0.94703
0.713219
0.741149
0.052819
0.511568
0.978262
0.750414
0.073093
0.278428
0.027062
0.240128
0.844157
0.941744
0.99759
0.274277
0.88996
0.702884
0.98688
0.156789
0.18818
0.498883
0.037129
0.995383
0.205505
0.492668
0.77533
0.38284
0.026211
0.814923
0.178477
0.598165
0.464167
0.710965
0.02739
0.213871
0.194967
0.275857
0.284388
0.820029
0.330592
0.479989
0.580823
0.152086
0.742452
0.950669
0.052264
0.143658
0.771113
0.503833
0.679525
0.033392
0.039633
0.474865
0.536839
0.106736
0.093293
0.211822
0.088814
0.90418
0.678307
0.694212
0.975468
0.568645
0.177681
0.861839
0.63588
0.728377
0.75303
0.576862
0.662153
0.523311
0.248304
0.543541
0.181523
0.493577
0.503778
0.023527
0.309891
0.987725
0.945974
0.151911
0.36113
0.969806
0.097352
0.532707
0.292075
0.948448
0.321373
0.183429
0.338347
0.421768
0.997883
0.970858
0.352786
0.132644
0.728452
0.948491
0.964553
0.000326
0.977306
0.723793
0.13206
0.710845
0.32086
0.176462
0.668622
0.431605
0.235638
0.318977
0.526751
0.497721
0.775163
0.051078
0.388072
0.260026
0.326819
0.236556
0.712943
0.864221
0.942169
0.565025
0.056697
0.641499
0.984669
0.444502
0.801701
0.074815
0.634244
0.811009
0.119257
0.605912
0.130759
0.1289
0.586873
0.320927
0.196742
0.626799
0.827382
0.479884
0.133199
0.246791
0.846098
0.404655
0.318381
0.256612
0.384144
0.379422
0.195709
0.940052
0.856255
0.238955
0.49025
0.859092
0.349429
0.434529
0.257292
0.018692
0.530475
0.662389
0.684624
0.572752
0.177608
0.918173
0.253715
0.432704
0.54245
0.171119
0.865992
0.070769
0.737314
0.553172
0.833893
0.361093
0.321899
0.739219
0.788368
0.153041
0.522893
0.933313
0.278823
0.745219
0.368218
0.234895
0.699341
0.48424
0.487842
0.17419
0.907723
0.009235
0.810548
0.174919
0.502539
0.137894
0.085648
0.481137
0.090447
0.264923
0.079513
0.200142
0.629052
0.637798
0.399939
0.310256
0.289104
0.965331
0.020238
0.897658
0.56095
0.150702
0.672591
0.750009
0.325974
0.075184
0.308764
0.988763
0.772149
0.092928
0.20541
0.686059
0.58819
0.107722
0.326953
0.171513
0.081993
0.040979
0.417925
0.459327
0.966669
0.121876
0.95545
0.514523
0.656993
0.532979
0.03429
0.6888
0.779673
0.562018
0.55435
0.703386
0.650232
0.870551
0.581275
0.280844
0.767089
0.331241
0.290371
0.175626
0.393848
0.111463
0.873601
0.157297
0.33943
0.65545
0.700279
0.633989
0.431114
0.384319
0.561977
0.134927
0.177307
0.163873
0.462928
0.781951
0.286252
0.612811
0.489524
0.585999
0.805152
0.891104
0.944578
0.374478
0.372459
0.633682
0.530073
0.628249
0.721142
0.099193
0.496783
0.864823
0.338312
0.395257
0.224255
0.055569
0.981122
0.350614
0.764792
0.743467
0.068052
0.0336
0.522381
0.706412
0.532939
0.11649
0.544848
0.657154
0.393067
0.839897
0.112803
0.965962
0.976557
0.866253
0.790947
0.543415
0.274587
0.544169
0.173644
0.158065
0.228151
0.757632
0.983436
0.801665
0.312338
0.880906
0.784255
0.009176
0.644374
0.898751
0.576621
0.689778
0.62475
0.183624
0.557016
0.545567
0.182128
0.16068
0.116482
0.487111
0.437496
0.136065
0.948815
0.062563
0.026359
0.742945
0.550519
0.031176
0.772419
0.990316
0.175276
0.251083
0.566399
0.483734
0.209138
0.484999
0.821059
0.86458
0.729667
0.407791
0.958063
0.880519
0.444102
0.176535
0.166583
0.881917
0.925109
0.441523
0.980508
0.974074
0.401858
0.376882
0.749377
0.721905
0.936993
0.26751
0.782335
0.254075
0.688772
0.561534
0.769762
0.386733
0.181204
0.900549
0.426458
0.226707
0.411038
0.13705
0.040512
0.967546
0.475835
0.869866
0.358474
0.423429
0.04012
0.045139
0.41499
0.998562
0.482521
0.187838
0.768966
0.578734
0.733666
0.176514
0.956053
0.530785
0.666916
0.934794
0.163606
0.671372
0.894189
0.657882
0.103342
0.797833
0.350877
0.234224
0.480395
0.98797
0.60667
0.077661
0.810486
0.291881
0.464403
0.257521
0.917408
0.467877
0.302235
0.574365
0.029036
0.792499
0.965898
0.022162
0.819216
0.387912
0.71067
0.376737
0.010854
0.696369
0.987402
0.776063
0.407224
0.966185
0.486922
0.452659
0.876657
0.678588
0.473237
0.632038
0.910886
0.838722
0.520993
0.848205
0.143838
0.857375
0.124858
0.341463
0.139287
0.360528
0.789724
0.196043
0.143583
0.45115
0.375709
0.683212
0.540681
0.47591
0.747223
0.931111
0.507995
0.427047
0.347351
0.46686
0.328693
0.180578
0.565149
0.368075
0.1282
0.183036
0.625241
0.770681
0.971461
0.242613
0.673908
0.94887
0.449713
0.914152
0.476214
0.941269
0.162707
0.195232
0.74595
0.555437
0.151594
0.67366
0.098497
0.749205
0.1835
0.98526
0.352726
0.395873
0.357769
0.083973
0.230088
0.940316
0.2074
0.787415
0.81227
0.152443
0.259184
0.801315
0.98966
0.588356
0.0096
0.928366
0.572569
0.982296
0.840909
0.082414
0.571802
0.406184
0.6441
0.449886
0.169463
0.005392
0.403578
0.61092
0.103109
0.64623
0.570164
0.297585
0.763704
0.275428
0.052261
0.223945
0.682751
0.086386
0.794333
0.128024
0.942173
0.476274
0.479841
0.895011
0.213765
0.608586
0.527013
0.649839
0.917733
0.983934
0.324911
0.828164
0.897899
0.964239
0.323224
0.937951
0.110182
0.622026
0.048023
0.100128
0.638227
0.782241
0.862608
0.101746
0.571954
0.449556
0.047961
0.329802
0.306428
0.465275
0.940843
0.424537
0.54289
0.590194
0.388659
0.191755
0.854495
0.851542
0.145693
0.865786
0.95103
0.89036
0.276751
0.774
0.447773
0.338996
0.527072
0.036958
0.872568
0.155131
0.558246
0.009139
0.299514
0.877009
0.056168
0.913912
0.849287
0.031586
0.518103
0.439608
0.177437
0.531267
0.189809
0.076781
0.421369
0.447841
0.591071
0.37223
0.787496
0.900462
0.601001
0.742219
0.409536
0.986596
0.060883
0.234398
0.943073
0.133787
0.446741
0.020885
0.24527
0.713509
0.627017
0.218053
0.141987
0.327178
0.664977
0.247302
0.441098
0.927412
0.028803
0.523868
0.920325
0.951119
0.95984
0.29425
0.233043
0.521543
0.54071
0.937954
0.240549
0.030358
0.517225
0.907328
0.580256
0.913083
0.469779
0.843652
0.256749
0.799247
0.66171
0.913585
0.855233
0.445571
0.344385
0.266434
0.938833
0.776839
0.294308
0.96502
0.000418
0.312526
0.554409
0.200301
0.508054
0.302523
0.969039
0.194578
0.312418
0.85365
0.109264
0.663233
0.230559
0.675404
0.906575
0.888104
0.244592
0.182165
0.322341
0.131176
0.573818
0.841978
0.477159
0.699774
0.377429
0.066162
0.566242
0.529794
0.844038
0.64715
0.896218
0.113651
0.581833
0.440307
0.996199
0.51512
0.456466
0.664593
0.259084
0.080246
0.241597
0.491856
0.435876
0.780634
0.464795
0.251366
0.54175
0.817859
0.367454
0.72381
0.472073
0.056991
0.522268
0.984256
0.613792
0.901844
0.926265
0.811413
0.155427
0.500224
0.394947
0.597518
0.551159
0.812587
0.958717
0.029346
0.772871
0.817826
0.164049
0.863475
0.123315
0.159341
0.148474
0.229736
0.416557
0.265071
0.469174
0.727991
0.771545
0.234395
0.608807
0.408311
0.401419
0.422243
0.544537
0.314428
0.566258
0.734314
0.54325
0.929141
0.501099
0.051126
0.252643
0.980003
0.299257
0.817958
0.943519
0.340996
0.857561
0.718431
0.670964
0.249885
0.906181
0.156861
0.551383
0.923493
0.287966
0.243708
0.515464
0.730628
0.377949
0.228094
0.160221
0.863998
0.516243
0.557092
0.419759
0.025841
0.77682
0.302829
0.092023
0.432226
0.638921
0.2806
0.591556
0.828127
0.1271
0.018686
0.108841
0.314866
0.475713
0.32381
0.356904
0.506312
0.091008
0.33227
0.788389
0.279923
0.121202
0.837699
0.717994
0.831365
0.009417
0.258751
0.338372
0.503959
0.006683
0.77397
0.126555
0.13817
0.447397
0.192982
0.132727
0.75988
0.966604
0.565724
0.528941
0.033915
0.081552
0.207479
0.668029
0.10536
0.053841
0.450285
0.312146
0.257571
0.816071
0.886131
0.544872
0.670516
0.906916
0.764865
0.052937
0.112507
0.902305
0.117971
0.998193
0.345813
0.409452
0.663658
0.808922
0.271625
0.764211
0.74446
0.512907
0.918212
0.316522
0.096083
0.371946
0.296178
0.079888
0.698218
0.343934
0.131393
0.280758
0.679352
0.005095
0.459388
0.453894
0.345006
0.172851
0.046411
0.078244
0.980847
0.247145
0.713909
0.819262
0.215683
0.652031
0.158403
0.831999
0.617095
0.149875
0.295475
0.980099
0.039653
0.830886
0.486303
0.27076
0.069338
0.565285
0.783707
0.373727
0.19706
0.73388
0.59815
0.190613
0.866249
0.028206
0.745806
0.408739
0.597832
0.725217
0.483944
0.350797
0.56135
0.632426
0.754349
0.054612
0.890229
0.511993
0.919757
0.877413
0.790558
0.337716
0.260267
0.419756
0.253841
0.461448
0.765433
0.138925
0.272851
0.632118
0.514826
0.321446
0.208931
0.02638
0.339577
0.581794
0.399032
0.663211
0.676701
0.090107
0.422545
0.990184
0.028698
0.463897
0.000229
0.957694
0.011877
0.215737
0.449209
0.177652
0.484022
0.124074
0.859276
0.661084
0.12876
0.836978
0.033817
0.759369
0.617838
0.154146
0.343032
0.260049
0.33397
0.393589
0.71192
0.446807
0.536448
0.352136
0.512761
0.663979
0.990192
0.997439
0.945808
0.323811
0.981859
0.451292
0.059996
0.878913
0.972507
0.712967
0.258437
0.684687
0.227157
0.670691
0.034807
0.212285
0.498954
0.290122
0.012658
0.231191
0.731156
0.151813
0.460926
0.61704
0.595104
0.370607
0.858144
0.859658
0.515179
0.150925
0.620788
0.135189
0.357708
0.768974
0.094152
0.742727
0.204773
0.378008
0.931566
0.719062
0.275705
0.620566
0.596164
0.381936
0.737897
0.666265
0.268151
0.695752
0.554645
0.898594
0.572699
0.075161
0.591785
0.75156
0.710421
0.79325
0.454124
0.32474
0.726502
0.319731
0.900023
0.26756
0.709315
0.812192
0.011165
0.361428
0.351522
0.612795
0.739389
0.903684
0.187078
0.658236
0.565808
0.817636
0.571562
0.360251
0.435731
0.711202
0.358859
0.705323
0.951405
0.018805
0.600134
0.441513
0.886774
0.177675
0.447692
0.454358
0.407198
0.791484
0.13526
0.766365
0.338104
0.304729
0.561015
0.331737
0.291849
0.695703
0.986406
0.418209
0.550151
0.933674
0.656101
0.453881
0.143015
0.257741
0.024612
0.271623
0.053315
0.709471
0.431621
0.84724
0.149878
0.04687
0.269915
0.082285
0.409826
0.759103
0.855974
0.226994
0.68895
0.963918
0.478396
0.473952
0.421367
0.668146
0.183116
0.145686
0.303688
0.152631
0.29486
0.236126
0.477799
0.761026
0.757599
0.42953
0.003983
0.761167
0.883367
0.025775
0.226298
0.842951
0.131516
0.715518
0.975298
0.483434
0.954433
0.293656
0.767116
0.665924
0.248842
0.811336
0.830109
0.195562
0.680047
0.292457
0.755915
0.83859
0.359995
0.186886
0.760683
0.443066
0.646702
0.831816
0.756399
0.064109
0.965176
0.834026
0.909966
0.256303
0.796305
0.789327
0.400634
0.571038
0.069889
0.772261
0.725453
0.29215
0.436202
0.261074
0.142696
0.993399
0.641481
0.692771
0.515514
0.996855
0.355559
0.281282
0.868906
0.824213
0.61701
0.685658
0.679174
0.895847
0.711461
0.63237
0.602363
0.728666
0.886301
0.407698
0.711922
0.759391
0.497322
0.153018
0.570172
0.538866
0.730515
0.366421
0.28053
0.515491
0.031356
0.134394
0.668026
0.739183
0.267056
0.733044
0.642951
0.638834
0.328143
0.204301
0.900027
0.711917
0.569644
0.297494
0.037185
0.970805
0.875568
0.953174
0.401063
0.491087
0.221344
0.321791
0.155813
0.951673
0.588509
0.182703
0.745915
0.425641
0.320282
0.073417
0.64836
0.143704
0.501443
0.808981
0.348997
0.471969
0.806204
0.419145
0.865628
0.885075
0.531748
0.196245
0.911201
0.699603
0.922574
0.071819
0.271059
0.066186
0.657786
0.477247
0.036222
0.200713
0.988314
0.055771
0.622806
0.685113
0.29761
0.906877
0.490647
0.147805
0.653145
0.065849
0.106483
0.595487
0.802127
0.160837
0.141715
0.904251
0.668554
0.992566
0.435968
0.004125
0.0823
0.448075
0.82869
0.847376
0.46311
0.413784
0.17716
0.622174
0.666833
0.835499
0.910144
0.919555
0.166497
0.509704
0.427068
0.648636
0.372351
0.646041
0.045904
0.821283
0.655125
0.648637
0.060343
0.606219
0.970194
0.569972
0.031408
0.899422
0.504676
0.131009
0.454762
0.595664
0.545117
0.034409
0.684225
0.43969
0.460705
0.662977
0.276029
0.530706
0.672641
0.893968
0.609878
0.712783
0.663962
0.240225
0.940851
0.154393
0.434739
0.8669
0.031371
0.768855
0.234698
0.649341
0.28466
0.371808
0.631617
0.176912
0.663027
0.441022
0.46999
0.073368
0.680527
0.599538
0.04892
0.437487
0.575854
0.853542
0.764327
0.163011
0.954671
0.853798
0.623051
0.060017
0.919521
0.604476
0.530979
0.839134
0.809036
0.806218
0.53207
0.114951
0.428708
0.782538
0.260492
0.325437
0.85585
0.950765
0.521914
0.504894
0.458117
0.247074
0.255092
0.246908
0.33074
0.868466
0.977912
0.43781
0.557374
0.863635
0.36523
0.209386
0.562318
0.956708
0.016515
0.667637
0.238381
0.506847
0.492001
0.305016
0.794772
0.303784
0.42197
0.982277
0.564359
0.773029
0.514157
0.131502
0.565077
0.16553
0.197806
0.868378
0.322378
0.635605
0.023974
0.158734
0.313937
0.081759
0.219397
0.213586
0.752384
0.389206
0.987373
0.079178
0.806699
0.542622
0.388557
0.192714
0.710894
0.950857
0.292475
0.462755
0.986467
0.539396
0.25967
0.349497
0.564688
0.131806
0.075541
0.857247
0.985103
0.197371
0.71087
0.9193
0.299882
0.651859
0.486664
0.405025
0.996789
0.154047
0.900447
0.824501
0.977882
0.134492
0.196641
0.329333
0.393154
0.848247
0.965264
0.098411
0.044854
0.00741
0.710678
0.702342
0.044187
0.154233
0.094591
0.24878
0.852167
0.471015
0.200036
0.793727
0.51771
0.13914
0.748999
0.902297
0.760897
0.925977
0.277707
0.919244
0.051716
0.84387
0.217612
0.759911
0.949668
0.98987
0.123387
0.080162
0.81323
0.238204
0.875801
0.375166
0.942442
0.649371
0.647801
0.417601
0.683025
0.168331
0.485673
0.30072
0.6985
0.988475
0.010128
0.785126
0.517055
0.582071
0.025841
0.004567
0.83433
0.258957
0.489932
0.687287
0.276494
0.370849
0.067682
0.279892
0.428226
0.518587
0.596378
0.436287
0.324079
0.381147
0.061269
0.464827
0.263032
0.445062
0.025603
0.879538
0.958977
0.246221
0.533241
0.611851
0.903524
0.826932
0.452312
0.005876
0.72057
0.52482
0.549841
0.036946
0.744431
0.962339
0.425955
0.190178
0.278973
0.380943
0.665093
0.628398
0.690054
0.22727
0.290787
0.55981
0.464816
0.548524
0.358352
0.402272
0.866405
0.502105
0.412629
0.541682
0.043632
0.550454
0.952117
0.768869
0.961397
0.836206
0.277641
0.049185
0.909088
0.221013
0.363552
0.274201
0.473845
0.024379
0.856214
0.716836
0.609725
0.265612
0.36216
0.162265
0.168014
0.534359
0.496369
0.228941
0.122357
0.604295
0.467633
0.421169
0.363435
0.186654
0.940299
0.537141
0.987605
0.476638
0.811614
0.559045
0.409797
0.646875
0.195029
0.290197
0.445863
0.572617
0.455538
0.029383
0.07066
0.537752
0.220219
0.108786
0.386309
0.150657
0.942779
0.674518
0.36512
0.823455
0.420295
0.407466
0.943424
0.472052
0.230089
0.740599
0.384265
0.124638
0.567816
0.932677
0.381215
0.982921
0.518823
0.994074
0.832516
0.718136
0.151795
0.386721
0.458963
0.711022
0.293802
0.042516
0.666263
0.383961
0.147497
0.595856
0.658592
0.138875
0.903955
0.453187
0.833307
0.06169
0.600326
0.514396
0.388244
0.356553
0.749059
0.676687
0.514345
0.25799
0.541066
0.600712
0.386785
0.446033
0.464668
0.261697
0.361472
0.597334
0.606535
0.910535
0.618255
0.521398
0.323597
0.267258
0.347407
0.59947
0.752735
0.685632
0.346085
0.858338
0.56972
0.807559
0.610088
0.81144
0.595465
0.824435
0.547866
0.035836
0.701374
0.606415
0.308236
0.744099
0.015773
0.387178
0.14214
0.843734
0.727402
0.2541
0.081385
0.219353
0.916265
0.354611
0.035473
0.502361
0.550739
0.03529
0.63687
0.967166
0.158032
0.292846
0.895866
0.44332
0.946496
0.832779
0.165394
0.504675
0.077509
0.242185
0.106201
0.228294
0.749212
0.848177
0.342109
0.595656
0.475734
0.198613
0.176329
0.676068
0.728631
0.843338
0.766683
0.77752
0.073292
0.167232
0.40811
0.047161
0.067713
0.75181
0.55967
0.042452
0.48601
0.711087
0.606815
0.029213
0.198409
0.183049
0.750132
0.550733
0.388386
0.68015
0.996973
0.352616
0.783584
0.915793
0.196207
0.104688
0.755409
0.392769
0.251356
0.272871
0.714746
0.715461
0.897553
0.028049
0.016279
0.449302
0.886386
0.434431
0.61348
0.946575
0.427331
0.284287
0.787202
0.58695
0.474316
0.147174
0.236629
0.919524
0.951754
0.881848
0.802603
0.82837
0.895214
0.866703
0.192826
0.816684
0.499813
0.947061
0.463642
0.58679
0.408925
0.466991
0.406926
0.433141
0.809276
0.837273
0.475416
0.71075
0.727023
0.558582
0.076863
0.128155
0.545287
0.590197
0.355602
0.315064
0.923986
0.560042
0.589085
0.614949
0.959828
0.813661
0.199655
0.349865
0.291168
0.02534
0.05856
0.172377
0.711419
0.31054
0.148273
0.804363
0.697386
0.47578
0.739842
0.423777
0.598776
0.971919
0.511082
0.502019
0.984689
0.21366
0.124371
0.760814
0.893256
0.9551
0.028707
0.387749
0.860096
0.684457
0.161703
0.539055
0.911264
0.240663
0.679257
0.352853
0.674266
0.9504
0.256578
0.962755
0.827065
0.481172
0.511212
0.51378
0.481279
0.540553
0.347108
0.515723
0.33793
0.267931
0.007475
0.700079
0.719984
0.379911
0.494632
0.427106
0.827921
0.046885
0.777825
0.018057
0.11183
0.859802
0.085692
0.471783
0.790047
0.04684
0.16876
0.27552
0.253103
0.015495
0.79394
0.698292
0.60772
0.804783
0.523252
0.724451
0.411689
0.89891
0.55103
0.320085
0.37413
0.236165
0.62077
0.364783
0.951109
0.960048
0.805232
0.632249
0.78559
0.861634
0.411483
0.073112
0.843726
0.797567
0.518647
0.532722
0.929893
0.90141
0.988655
0.166097
0.19743
0.424699
0.236874
0.728461
0.713121
0.624251
0.012117
0.811501
0.750191
0.997325
0.545237
0.653868
0.622563
0.102054
0.065675
0.464953
0.020375
0.865248
0.429895
0.591731
0.761769
0.404594
0.778284
0.178358
0.467018
0.801693
0.505173
0.548038
0.427812
0.48878
0.73235
0.433042
0.391001
0.185407
0.033474
0.726583
0.32901
0.468921
0.808858
0.370463
0.365483
0.749747
0.781901
0.301574
0.201573
0.691948
0.61633
0.475431
0.984623
0.941703
0.76096
0.182409
0.842634
0.915326
0.671197
0.566565
0.097746
0.231235
0.333186
0.55645
0.768494
0.572217
0.612326
0.963473
0.419729
0.678348
0.606171
0.471297
0.514668
0.5652
0.839377
0.25799
0.000856
0.198966
0.279614
0.523276
0.469776
0.138066
0.453526
0.857651
0.458528
0.523028
0.020564
0.146965
0.817006
0.202557
0.817749
0.076926
0.310232
0.042027
0.949853
0.663442
0.273132
0.636473
0.822179
0.017737
0.090811
0.740145
0.843963
0.07221
0.265285
0.363017
0.496507
0.742619
0.229084
0.727902
0.313568
0.770316
0.566965
0.706956
0.993919
0.350816
0.52796
0.800231
0.266725
0.967088
0.131962
0.135253
0.707051
0.042901
0.603551
0.832238
0.401218
0.865413
0.868991
0.905013
0.527584
0.596815
0.966081
0.155965
0.203665
0.720943
0.49696
0.084573
0.034635
0.229716
0.406579
0.605801
0.871947
0.204302
0.631011
0.911909
0.029381
0.114379
0.173963
0.017798
0.578479
0.004729
0.956246
0.860646
0.641532
0.218988
0.006847
0.346294
0.002164
0.826475
0.690339
0.692274
0.713973
0.923331
0.525735
0.626662
0.773285
0.839087
0.904674
0.231524
0.536476
0.670853
0.265158
0.983386
0.589923
0.514105
0.822437
0.630812
0.064129
0.515523
0.616878
0.18706
0.095379
0.296184
0.905956
0.52069
0.392535
0.572212
0.052583
0.93723
0.685886
0.507259
0.334409
0.553751
0.458823
0.627406
0.207925
0.708346
0.461795
0.386274
0.831569
0.767614
0.824586
0.572862
0.212835
0.848069
0.601922
0.1059
0.10924
0.800232
0.937176
0.912735
0.800978
0.826369
0.469189
0.495023
0.75677
0.149431
0.917915
0.824979
0.052824
0.294998
0.46623
0.767632
0.942915
0.450333
0.029715
0.804777
0.030325
0.338047
0.067732
0.530382
0.506384
0.581544
0.532309
0.116007
0.944761
0.096298
0.394229
0.147426
0.495964
0.114239
0.759192
0.273213
0.773181
0.775688
0.02031
0.297044
0.911569
0.912614
0.129926
0.327496
0.114672
0.911701
0.163628
0.860082
0.077342
0.690012
0.194635
0.815975
0.305851
0.795748
0.094072
0.215877
0.327412
0.834943
0.98924
0.652164
0.91247
0.250843
0.475331
0.183153
0.20326
0.950096
0.573374
0.376016
0.377084
0.914737
0.2365
0.533667
0.021963
0.003199
0.298747
0.876904
0.343298
0.221771
0.985601
0.791992
0.973918
0.820508
0.222098
0.21401
0.192108
0.883573
0.76485
0.144962
0.998235
0.042516
0.15189
0.064516
0.511135
0.920191
0.075655
0.024634
0.702163
0.008348
0.959592
0.206831
0.758097
0.512326
0.998038
0.846674
0.086749
0.974664
0.191223
0.541576
0.672142
0.394393
0.349206
0.545794
0.940141
0.530652
0.44586
0.255705
0.80397
0.404421
0.003652
0.924338
0.583575
0.478486
0.15025
0.336859
0.22105
0.607973
0.406927
0.918639
0.879997
0.292054
0.89209
0.270327
0.755403
0.086186
0.637372
0.547912
0.030351
0.082742
0.430138
0.583869
0.814174
0.659113
0.183795
0.699157
0.534351
0.841932
0.902492
0.843186
0.24921
0.727484
0.906965
0.018282
0.103524
0.044661
0.634598
0.815883
0.367336
0.454428
0.845184
0.054049
0.878112
0.269569
0.861184
0.80135
0.853416
0.685263
0.761331
0.889093
0.643612
0.712352
0.50906
0.794107
0.346297
0.967834
0.644311
0.28939
0.182835
0.238765
0.476991
0.565798
0.10811
0.948261
0.802493
0.630618
0.21059
0.149388
0.554913
0.916747
0.880147
0.898184
0.961577
0.609755
0.343295
0.576834
0.125428
0.638199
0.296499
0.592093
0.237842
0.367789
0.030917
0.251768
0.695069
0.443632
0.356692
0.607282
0.24487
0.186881
0.992025
0.802775
0.637451
0.165271
0.645986
0.696683
0.175299
0.727517
0.31757
0.719101
0.27059
0.865893
0.789671
0.77259
0.967953
0.372349
0.126475
0.90195
0.813796
0.883901
0.249097
0.626963
0.549037
0.489325
0.484321
0.560067
0.433297
0.923723
0.796898
0.266369
0.995326
0.840656
0.350171
0.125272
0.5149
0.734504
0.620881
0.610511
0.047453
0.45571
0.637273
0.6743
0.266499
0.201192
0.966475
0.67228
0.337783
0.46769
0.748585
0.064268
0.901052
0.21627
0.992537
0.259665
0.748344
0.674027
0.823145
0.267987
0.307463
0.745376
0.227754
0.109523
0.432534
0.319762
0.737452
0.63408
0.467892
0.613778
0.003399
0.797443
0.978069
0.197809
0.807866
0.876036
0.353027
0.068395
0.211981
0.463181
0.397659
0.081047
0.042784
0.415262
0.654219
0.559773
0.480173
0.703521
0.794833
0.500826
0.326899
0.802677
0.312301
0.638374
0.655314
0.305675
0.197802
0.77216
0.822583
0.229559
0.509084
0.962879
0.422797
0.59057
0.403243
0.856231
0.193248
0.035094
0.714665
0.901998
0.506783
0.233349
0.244911
0.803115
0.40912
0.575858
0.52991
0.856364
0.084705
0.490675
0.352419
0.10887
0.352036
0.299981
0.573911
0.943857
0.934563
0.005923
0.128157
0.482767
0.519108
0.326574
0.877132
0.680355
0.870034
0.575847
0.633285
0.42692
0.966149
0.47583
0.473894
0.522583
0.471702
0.741504
0.292057
0.666644
0.390795
0.183877
0.334235
0.660653
0.8799
0.522625
0.897076
0.79824
0.418234
0.943859
0.693706
0.076619
0.600945
0.209112
0.953562
0.820522
0.561507
0.393053
0.62343
0.857384
0.548915
0.897304
0.081147
0.620181
0.403368
0.312145
0.126182
0.274371
0.259041
0.728641
0.822786
0.454933
0.225782
0.958964
0.522999
0.986609
0.222923
0.777458
0.167408
0.638376
0.966243
0.517281
0.386847
0.865862
0.436305
0.634172
0.357036
0.13706
0.642001
0.990768
0.2741
0.491515
0.401784
0.316475
0.732252
0.470739
0.873973
0.586282
0.107107
0.36956
0.280676
0.255187
0.205456
0.313716
0.284319
0.710364
0.524305
0.950946
0.419491
0.444998
0.585766
0.323306
0.770875
0.167631
0.61439
0.725916
0.328687
0.790255
0.157139
0.105243
0.172187
0.273915
0.266986
0.919278
0.54305
0.404337
0.74076
0.421484
0.667463
0.228142
0.222286
0.916103
0.902014
0.162865
0.915126
0.453768
0.060134
0.328494
0.520402
0.718609
0.122711
0.437919
0.86395
0.614388
0.963327
0.309804
0.304245
0.539831
0.212582
0.375399
0.350388
0.07624
0.52654
0.185115
0.530335
0.844035
0.216351
0.568716
0.642597
0.644687
0.302084
0.064025
0.383875
0.334103
0.26589
0.17454
0.798692
0.754898
0.956279
0.724823
0.203618
0.932052
0.550179
0.018142
0.020616
0.917297
0.281446
0.264809
0.569297
0.442199
0.68309
0.742595
0.584605
0.853026
0.797711
0.103143
0.538186
0.204777
0.66863
0.835067
0.410579
0.336202
0.894223
0.56494
0.920282
0.092796
0.646003
0.569713
0.696066
0.79483
0.321849
0.899485
0.741803
0.600569
0.484818
0.291102
0.362967
0.647851
0.554726
0.72525
0.532017
0.484496
0.097201
0.723553
0.070956
0.222575
0.659997
0.273277
0.948869
0.834881
0.254858
0.518423
0.133508
0.690736
0.830852
0.80854
0.589944
0.709908
0.827204
0.61601
0.126657
0.406432
0.203425
0.476886
0.49979
0.583922
0.764984
0.573726
0.201575
0.317194
0.768281
0.256424
0.58636
0.420536
0.930257
0.227941
0.193165
0.366282
0.431314
0.943061
0.933896
0.637097
0.471817
0.301592
0.603247
0.610438
0.418823
0.008455
0.134951
0.244301
0.892721
0.625115
0.716824
0.072905
0.060179
0.389389
0.265755
0.318933
0.79493
0.85356
0.111369
0.940377
0.021843
0.411079
0.332787
0.466465
0.25084
0.622715
0.785857
0.392656
0.629231
0.189242
0.8429
0.935396
0.058549
0.179621
0.636779
0.069956
0.551363
0.626262
0.060149
0.663063
0.157539
0.40126
0.109063
0.596403
0.266924
0.181379
0.647163
0.479487
0.316975
0.807373
0.736063
0.650478
0.616026
0.770127
0.315138
0.143704
0.252461
0.744421
0.385224
0.057963
0.334769
0.942493
0.784142
0.539735
0.89345
0.738952
0.932372
0.901361
0.258235
0.069692
0.784268
0.626092
0.163114
0.635941
0.499769
0.530835
0.570421
0.667144
0.400129
0.012943
0.431688
0.394344
0.668097
0.536726
0.772165
0.12266
0.254026
0.556563
0.964709
0.44743
0.364836
0.513485
0.73938
0.402879
0.407695
0.610794
0.520961
0.531812
0.69938
0.738188
0.450979
0.91531
0.450475
0.57052
0.863539
0.782971
0.758639
0.366056
0.025298
0.934037
0.443467
0.321554
0.487044
0.952977
0.203325
0.549447
0.106076
0.850071
0.786408
0.862212
0.694721
0.099385
0.955841
0.955008
0.078769
0.961068
0.957882
0.455857
0.585672
0.534719
0.145216
0.208695
0.140589
0.884355
0.204947
0.311926
0.815705
0.431815
0.014365
0.457209
0.557243
0.242407
0.943747
0.186767
0.636408
0.119137
0.415634
0.768918
0.427577
0.720805
0.929571
0.889615
0.086193
0.115926
0.49031
0.900719
0.936771
0.483435
0.129737
0.58742
0.335704
0.405807
0.800206
0.413692
0.921559
0.141404
0.053908
0.82321
0.89616
0.929653
0.798188
0.030606
0.509079
0.550221
0.933964
0.897476
0.91037
0.543664
0.367809
0.144169
0.935998
0.846487
0.777695
0.519737
0.60131
0.353538
0.169781
0.035465
0.528901
0.610105
0.462024
0.619965
0.64631
0.012578
0.890877
0.917597
0.424901
0.486941
0.721895
0.427279
0.604701
0.310169
0.655445
0.435845
0.864127
0.587334
0.319693
0.424254
0.552297
0.061066
0.439747
0.250858
0.932768
0.363048
0.175456
0.23385
0.437232
0.676276
0.428736
0.119017
0.987555
0.703881
0.912694
0.998695
0.27324
0.20966
0.734683
0.48909
0.027728
0.031307
0.479541
0.97947
0.856465
0.841739
0.963714
0.319797
0.499039
0.828465
0.932947
0.86134
0.646339
0.918254
0.514641
0.099883
0.927035
0.801379
0.248914
0.635834
0.14403
0.237168
0.840359
0.030679
0.903217
0.569381
0.220947
0.579862
0.293677
0.931333
0.486255
0.407689
0.696299
0.37732
0.349195
0.591718
0.292568
0.036511
0.917221
0.967262
0.52421
0.604796
0.663953
0.132463
0.904875
0.928329
0.10941
0.711616
0.778401
0.151778
0.979304
0.565038
0.935448
0.307336
0.53358
0.896931
0.545924
0.863985
0.895844
0.620593
0.677804
0.370381
0.475062
0.931607
0.059314
0.560021
0.971573
0.284256
0.110439
0.305936
0.586098
0.862878
0.609496
0.183587
0.078021
0.977932
0.817702
0.473059
0.190532
0.218343
0.414884
0.975704
0.152543
0.330556
0.044778
0.064056
0.857144
0.945338
0.19292
0.347595
0.058394
0.18602
0.140138
0.770397
0.464221
0.095744
0.405252
0.969535
0.778749
0.654501
0.830801
0.693467
0.252141
0.068263
0.113474
0.390723
0.252166
0.045617
0.125235
0.643064
0.433863
0.295413
0.404992
0.180539
0.260527
0.975979
0.500473
0.386475
0.704813
0.907456
0.501444
0.544757
0.962764
0.093946
0.956352
0.416226
0.606669
0.665786
0.917593
0.22584
0.751783
0.421788
0.012723
0.989209
0.877684
0.583816
0.694512
0.780793
0.090758
0.407518
0.931696
0.331188
0.842772
0.225154
0.33359
0.810961
0.767583
0.51583
0.764882
0.656014
0.148396
0.817094
0.628711
0.377765
0.60169
0.625636
0.175248
0.735047
0.398093
0.108088
0.897963
0.196344
0.699362
0.923646
0.900162
0.28095
0.590034
0.958509
0.055493
0.798376
0.310867
0.642947
0.91
0.749595
0.539212
0.341851
0.245604
0.727451
0.491587
0.832498
0.82447
0.365268
0.560553
0.922786
0.984184
0.589462
0.851253
0.62682
0.005795
0.349649
0.711014
0.464035
0.695447
0.465575
0.292037
0.668526
0.173194
0.070824
0.468256
0.320247
0.080654
0.851413
0.348067
0.733388
0.696833
0.221916
0.750493
0.023086
0.032854
0.865989
0.708409
0.833495
0.896737
0.690415
0.468508
0.978819
0.665407
0.319583
0.750468
0.137464
0.224783
0.259279
0.537477
0.866963
0.833617
0.163107
0.510473
0.443574
0.447431
0.584812
0.799363
0.759412
0.335642
0.776659
0.746485
0.44925
0.224249
0.032342
0.107271
0.247307
0.958162
0.7266
0.436359
0.026487
0.975812
0.749158
0.614124
0.65513
0.399796
0.660933
0.384011
0.473601
0.434206
0.935286
0.978078
0.640572
0.210675
0.441952
0.019526
0.699224
0.812021
0.687643
0.699667
0.086489
0.067907
0.733563
0.294839
0.363019
0.575036
0.172065
0.189319
0.301803
0.217361
0.950813
0.754247
0.060061
0.565978
0.398367
0.755857
0.437584
0.714614
0.336015
0.741577
0.024826
0.86601
0.725265
0.115709
0.133957
0.074765
0.719187
0.20803
0.633986
0.887567
0.510846
0.573692
0.126326
0.399868
0.663838
0.949207
0.047655
0.998512
0.45433
0.374121
0.618896
0.778862
0.150319
0.400515
0.89376
0.597112
0.187401
0.303915
0.114978
0.322135
0.142771
0.63078
0.347153
0.812427
0.172794
0.321113
0.51481
0.003247
0.885506
0.192388
0.31811
0.262976
0.366304
0.285025
0.73235
0.361115
0.829129
0.099982
0.956651
0.098507
0.734581
0.775192
0.244306
0.770419
0.983956
0.928316
0.76462
0.172767
0.88598
0.626009
0.027174
0.138328
0.0116
0.8605
0.341827
0.435951