1024 2
0
171
428
1
122
966
2
327
371
3
78
437
4
235
569
5
144
719
6
228
534
7
114
160
8
223
373
9
230
750
10
405
781
11
22
658
12
786
884
13
379
973
14
78
491
15
901
997
16
474
853
17
31
446
18
454
585
19
238
988
20
204
259
21
267
921
22
332
805
23
286
903
24
675
800
25
685
937
4
26
981
27
568
828
28
589
917
29
978
979
30
158
561
31
316
502
32
367
421
33
669
676
34
43
933
35
218
614
36
677
697
37
390
973
21
38
103
39
221
792
40
689
703
41
313
581
42
322
659
43
600
812
44
403
956
45
243
717
46
125
588
47
410
784
48
57
794
49
53
115
50
81
93
51
592
653
52
646
795
53
778
887
54
756
949
33
55
942
56
359
491
57
337
867
58
729
795
59
87
632
60
655
987
61
97
575
62
645
846
63
359
731
64
540
613
65
120
149
66
777
910
67
495
1008
68
690
1017
69
889
908
70
158
368
71
105
174
72
256
627
27
73
567
74
260
476
75
618
989
76
181
632
77
221
918
78
93
268
79
147
610
24
80
516
81
691
711
82
464
590
83
785
882
84
345
514
85
707
811
86
300
465
87
751
961
88
410
1013
89
919
1012
90
862
977
91
134
466
92
426
943
93
185
938
94
676
758
95
277
975
96
122
999
47
97
560
98
597
695
99
470
513
1
100
898
101
281
558
102
306
418
103
217
874
104
346
435
105
473
938
106
715
799
107
195
222
108
422
977
109
602
743
110
204
213
111
123
181
112
249
443
113
253
944
114
136
245
115
234
915
116
198
316
59
117
795
118
282
313
119
146
1007
35
120
281
121
374
474
112
122
227
123
486
632
124
890
975
125
598
605
126
203
873
127
562
592
57
128
754
129
144
474
130
486
845
131
747
974
132
333
408
101
127
133
134
1007
1010
135
297
366
136
366
875
137
657
799
138
146
882
65
139
738
10
140
322
141
661
1013
142
228
851
143
356
953
144
878
945
82
145
228
146
377
809
147
608
782
148
208
738
148
149
749
150
314
327
151
591
797
93
152
327
153
336
855
154
515
635
155
549
649
156
373
1007
157
731
990
50
158
843
9
31
159
113
160
216
112
161
843
2
73
162
78
163
411
164
497
559
165
492
575
166
381
534
167
824
959
139
168
377
169
175
582
96
170
669
8
171
882
172
285
304
173
224
455
174
175
611
175
353
530
176
183
776
79
177
933
178
302
604
179
209
247
180
478
565
181
477
595
117
182
835
183
469
954
184
524
701
38
185
762
183
186
978
187
337
987
188
205
776
189
294
622
69
190
564
134
191
805
68
192
844
149
193
427
194
288
866
195
414
977
20
196
938
197
832
847
160
198
362
199
792
949
200
287
959
165
201
765
108
202
627
24
203
1017
19
204
919
205
483
680
185
206
1007
207
536
740
208
222
699
209
589
839
210
368
757
91
211
756
113
212
962
213
594
712
132
214
654
215
328
671
216
228
916
217
528
846
218
792
943
219
431
967
178
220
978
221
330
342
222
582
688
200
223
888
224
881
926
47
225
761
226
292
942
227
946
956
228
886
893
229
437
759
108
208
230
168
231
288
23
232
728
233
857
882
110
234
922
235
337
852
178
236
731
237
357
766
238
612
638
184
239
577
24
240
547
238
241
850
242
297
796
243
246
943
244
424
564
245
377
919
136
246
491
79
247
341
248
529
1003
249
490
567
60
250
582
251
380
697
252
426
769
55
253
618
254
979
1023
244
255
581
179
256
509
3
257
711
258
707
1013
114
259
969
153
260
407
177
261
362
34
262
268
173
263
823
0
264
474
265
866
903
103
266
500
210
267
749
268
331
411
269
589
989
270
599
909
92
271
477
272
747
941
273
721
955
241
274
400
275
509
893
276
363
758
277
361
674
73
219
278
279
428
816
280
346
602
281
322
717
282
645
663
283
364
496
57
284
427
285
733
900
204
286
414
171
224
287
288
367
778
236
289
853
125
290
856
3
291
840
23
83
292
293
414
541
208
216
294
295
617
680
296
425
457
287
297
853
190
298
452
299
595
761
300
312
703
301
735
771
302
843
946
104
303
974
5
304
571
5
305
570
306
503
545
24
307
428
308
737
1011
309
733
859
310
380
624
311
824
955
312
387
613
17
313
659
218
314
596
236
315
795
69
316
722
80
317
573
67
318
844
319
393
966
212
287
320
298
321
526
222
322
688
164
323
667
155
324
739
93
325
464
134
326
820
180
327
413
37
328
840
35
212
329
4
330
663
331
464
597
332
727
955
333
530
790
84
334
699
70
335
971
336
594
959
337
591
945
238
302
338
339
488
492
340
466
592
236
341
374
176
342
918
155
343
592
344
463
571
345
386
780
321
346
649
217
347
822
348
919
996
349
778
896
350
398
684
351
415
956
232
276
352
169
260
353
354
557
796
355
418
504
58
356
786
275
357
434
358
456
915
359
618
842
360
501
800
108
361
729
167
362
708
363
670
916
123
364
1010
6
251
365
366
368
572
86
367
659
55
99
368
2
40
369
370
456
898
371
386
576
372
533
707
373
609
624
155
374
757
106
234
375
376
380
424
377
700
902
8
378
861
379
754
978
132
380
702
381
667
970
271
382
539
19
383
541
251
369
384
385
522
964
144
175
386
317
387
542
388
495
812
389
591
801
6
390
435
133
391
640
137
392
716
393
574
845
380
394
928
395
616
914
396
573
778
397
776
951
398
817
932
280
399
422
242
275
400
353
401
901
402
443
685
301
403
521
404
524
561
363
405
997
406
679
1005
407
426
859
106
173
408
46
200
409
410
536
670
317
411
529
412
814
897
119
374
413
136
414
954
5
415
471
169
243
416
364
417
828
418
427
707
419
690
725
420
489
755
421
452
639
100
422
901
401
423
769
270
424
431
30
128
425
184
426
734
66
427
703
279
428
659
155
321
429
430
881
983
431
651
969
288
429
432
393
433
994
434
871
1009
372
435
794
327
436
934
437
716
889
147
438
675
439
948
952
13
440
990
287
441
845
442
636
871
242
443
639
444
457
680
279
445
892
446
683
731
241
447
919
139
448
913
449
582
856
55
450
568
85
451
925
452
635
801
101
333
453
454
481
720
97
448
455
370
456
761
272
390
457
0
336
458
301
459
780
49
460
976
20
461
628
284
462
671
304
463
951
363
464
910
465
572
805
289
466
710
467
671
730
126
468
1005
58
359
469
470
724
828
102
471
691
472
653
659
254
473
685
179
474
991
260
322
475
436
476
988
454
477
559
478
888
934
172
479
754
480
513
914
481
593
722
117
482
734
468
483
660
197
484
725
485
727
760
225
486
563
143
487
632
113
122
488
393
489
792
217
490
646
359
491
568
284
492
1017
382
493
804
494
579
1022
190
495
818
343
390
496
341
497
703
121
498
962
395
499
746
387
500
544
175
314
501
502
906
954
503
591
599
28
504
713
296
505
721
22
506
579
97
304
507
258
508
517
310
509
770
25
510
993
23
511
786
451
512
618
513
759
986
100
514
963
156
221
515
316
400
516
481
517
899
507
518
731
56
351
519
520
670
954
203
495
521
233
522
692
61
378
523
53
235
524
100
525
1005
187
526
991
379
527
965
409
528
721
309
529
910
10
402
530
29
328
531
39
532
981
306
533
873
534
709
983
25
117
535
292
536
762
530
537
692
538
610
877
461
539
724
104
308
540
111
541
698
542
774
816
192
543
848
441
544
967
292
545
840
494
546
619
56
547
606
176
194
548
131
549
644
506
550
573
192
551
874
552
569
924
410
553
958
554
775
989
181
501
555
556
574
920
33
557
610
558
892
894
559
667
712
509
560
884
221
513
561
285
345
562
389
563
919
356
564
686
565
571
676
5
566
965
124
567
774
15
434
568
569
593
840
260
293
570
100
274
571
474
572
729
571
573
820
100
574
998
194
507
575
576
737
867
577
600
931
231
500
578
264
283
579
188
580
1013
334
581
768
80
559
582
34
264
583
429
584
765
104
468
585
586
895
953
98
587
749
141
588
922
354
367
589
357
569
590
6
591
827
15
472
592
287
593
886
488
594
874
85
406
595
319
596
764
89
175
597
271
598
996
172
227
599
574
600
706
103
533
601
514
602
745
170
603
937
396
480
604
37
605
835
241
606
725
607
707
969
500
608
733
609
676
833
232
610
671
261
428
611
612
904
922
344
613
807
254
614
854
615
639
998
318
458
616
132
617
826
543
618
888
97
379
619
174
620
898
283
588
621
61
189
622
101
326
623
113
624
1019
33
625
924
292
417
626
538
627
885
151
217
628
55
629
658
196
630
945
631
672
832
246
632
721
72
567
633
634
994
1013
29
209
635
379
636
986
122
637
803
413
638
885
639
718
865
276
321
640
641
770
886
46
642
683
395
397
643
109
485
644
274
563
645
363
646
1014
104
647
777
145
648
795
637
649
884
336
446
650
36
651
892
395
569
652
167
465
653
323
521
654
281
393
655
6
491
656
657
827
892
635
658
873
519
659
912
44
660
908
193
217
661
346
662
844
461
663
844
576
664
894
84
665
724
541
666
927
450
667
989
146
220
668
669
693
774
322
670
804
671
707
852
23
672
754
101
502
673
170
506
674
489
633
675
676
704
722
488
565
677
516
678
785
257
679
774
258
680
752
19
681
857
192
601
682
471
488
683
684
769
953
280
685
750
83
628
686
111
659
687
370
688
912
551
689
809
446
518
690
691
700
747
136
692
740
173
693
797
342
615
694
645
695
909
693
696
920
149
492
697
192
221
698
29
339
699
83
432
700
484
701
1000
172
702
1011
703
752
896
15
267
704
556
705
938
372
706
1002
707
716
747
391
577
708
238
459
709
491
710
716
140
668
711
89
616
712
569
617
713
244
714
917
436
715
959
193
716
722
690
717
733
189
357
718
569
719
773
206
720
766
28
211
721
266
345
722
337
556
723
335
724
907
274
336
725
254
289
726
240
727
851
137
728
875
189
314
729
143
284
730
513
613
731
712
732
987
88
698
733
336
734
744
400
494
735
184
291
736
136
705
737
400
738
804
314
705
739
132
571
740
689
741
764
258
380
742
568
575
743
227
664
744
127
460
745
56
440
746
525
747
983
235
748
995
749
972
974
279
750
897
371
657
751
68
287
752
491
521
753
82
754
876
9
191
755
756
976
1015
100
492
757
184
473
758
489
492
759
285
501
760
280
761
999
518
644
762
520
763
966
268
553
764
714
765
792
677
766
1003
86
767
959
541
702
768
320
674
769
207
236
770
419
771
853
154
362
772
206
745
773
0
371
774
5
737
775
79
169
776
346
759
777
533
771
778
367
779
884
538
768
780
405
718
781
206
584
782
755
783
804
478
519
784
626
785
1013
154
754
786
280
610
787
70
341
788
168
437
789
378
763
790
649
791
941
145
708
792
793
897
937
9
372
794
212
795
1018
627
742
796
54
797
1000
625
798
852
74
309
799
357
800
923
446
738
801
257
513
802
250
803
807
434
777
804
286
805
832
506
736
806
61
807
928
335
704
808
599
809
813
265
810
909
441
731
811
581
812
1010
56
813
948
94
671
814
563
815
908
129
249
816
285
817
911
253
720
818
189
751
819
157
659
820
44
244
821
629
669
822
823
952
975
585
824
1013
328
555
825
773
826
1012
12
585
827
246
286
828
639
829
907
34
353
830
539
666
831
461
585
832
322
833
909
276
387
834
218
413
835
136
562
836
721
824
837
218
382
838
301
839
956
36
826
840
811
841
968
327
557
842
245
714
843
41
707
844
351
445
845
48
516
846
162
703
847
848
904
962
486
565
849
603
803
850
283
827
851
266
270
852
476
853
1014
293
777
854
467
834
855
60
419
856
256
768
857
205
857
858
302
749
859
325
860
873
563
861
1005
23
357
862
79
863
995
578
864
958
225
622
865
782
866
1016
505
867
1006
868
954
992
736
869
878
499
679
870
240
594
871
229
872
1000
178
261
873
25
310
874
192
240
875
203
489
876
125
624
877
355
557
878
507
629
879
161
808
880
167
803
881
115
525
882
211
723
883
367
609
884
449
470
885
78
442
886
749
887
931
733
888
983
253
654
889
122
281
890
333
336
891
106
607
892
15
808
893
192
462
894
684
895
967
758
827
896
68
714
897
744
898
929
73
136
899
647
707
900
201
849
901
511
651
902
42
410
903
201
606
904
789
866
905
250
395
906
530
907
952
184
466
908
471
680
909
697
910
968
261
911
1010
345
853
912
591
859
913
199
812
914
70
915
928
253
442
916
306
917
927
617
902
918
23
899
919
121
765
920
367
628
921
544
663
922
88
762
923
453
633
924
69
365
925
323
500
926
791
842
927
486
530
928
41
584
929
291
477
930
340
455
931
300
932
991
519
558
933
174
189
934
382
621
935
335
488
936
559
890
937
827
879
938
111
655
939
589
940
1020
466
876
941
320
701
942
473
688
943
735
757
944
52
200
945
320
425
946
203
868
947
532
897
948
154
299
949
19
756
950
383
614
951
588
715
952
210
786
953
115
954
1021
259
274
955
385
522
956
285
644
957
752
866
958
716
906
959
443
498
960
626
738
961
323
528
962
239
888
963
225
695
964
239
891
965
105
540
966
19
967
1013
290
784
968
182
244
969
638
942
970
134
507
971
284
972
1014
21
358
973
164
865
974
562
773
975
383
443
976
762
780
977
611
809
978
75
541
979
953
959
980
49
616
981
183
982
990
339
417
983
323
478
984
211
909
985
161
552
986
447
692
987
6
948
988
236
453
989
95
102
990
423
574
991
59
962
992
586
983
993
119
563
994
451
470
995
216
978
996
58
756
997
825
998
999
14
361
999
170
823
1000
723
964
1001
199
364
1002
685
861
1003
94
629
1004
320
673
1005
133
620
1006
450
531
1007
233
971
1008
12
809
1009
450
964
1010
155
938
1011
606
908
1012
205
731
1013
710
758
1014
90
626
1015
63
640
1016
9
488
1017
74
517
1018
718
915
1019
507
792
1020
643
926
1021
317
983
1022
240
245
1023
0.076285
0.299414
0.96548
0.887542
0.700157
0.258068
0.944252
0.369089
0.957395
0.548379
0.306381
0.796581
0.687754
0.741591
0.347307
0.782955
0.803612
0.152256
0.384919
0.264171
0.913513
0.736913
0.455072
0.812263
0.495794
0.018386
0.762501
0.412836
0.434217
0.950071
0.195768
0.577729
0.23535
0.607696
0.996605
0.757439
0.122888
0.957392
0.229828
0.05711
0.365487
0.925648
0.46112
0.245065
0.43331
0.429047
0.768344
0.095986
0.998564
0.345188
0.802563
0.298132
0.016216
0.899656
0.233388
0.795207
0.173451
0.833612
0.798929
0.472856
0.365869
0.741919
0.025595
0.102363
0.324252
0.70341
0.76513
0.908262
0.742685
0.606323
0.921525
0.023405
0.867238
0.454158
0.360853
0.807151
0.650685
0.818985
0.310516
0.414306
0.576818
0.20868
0.691352
0.818837
0.055613
0.070788
0.596204
0.872746
0.197341
0.459728
0.494219
0.734
0.130816
0.100048
0.100191
0.9718
0.689461
0.138307
0.92723
0.434495
0.713857
0.152124
0.074968
0.930151
0.389353
0.164749
0.422933
0.067772
0.83799
0.621319
0.629506
0.313321
0.013034
0.78575
0.492468
0.592435
0.095582
0.430868
0.478066
0.29257
0.49156
0.744446
0.278843
0.728823
0.346531
0.648911
0.574772
0.8228
0.231212
0.132558
0.581249
0.492969
0.810079
0.30488
0.594156
0.117099
0.266887
0.182439
0.03447
0.648752
0.310194
0.369179
0.901149
0.402584
0.206297
0.574311
0.319678
0.207338
0.540494
0.975686
0.633711
0.407031
0.416658
0.101871
0.23262
0.735874
0.226206
0.463278
0.901271
0.302071
0.601934
0.88087
0.797544
0.689744
0.103601
0.109894
0.682155
0.871879
0.739145
0.073622
0.004245
0.372134
0.776467
0.843265
0.665881
0.363089
0.564689
0.11539
0.760217
0.716116
0.030565
0.616626
0.160996
0.233057
0.398058
0.522462
0.241335
0.862417
0.203442
0.845238
0.120711
0.00431
0.325498
0.544451
0.411131
0.721482
0.314794
0.683385
0.533571
0.918036
0.357675
0.002602
0.661479
0.278682
0.508743
0.779079
0.588549
0.961285
0.356142
0.573937
0.929576
0.457408
0.184971
0.050113
0.795545
0.421868
0.067227
0.791
0.986427
0.33586
0.59929
0.385491
0.168524
0.63928
0.009717
0.00051
0.043306
0.56343
0.854484
0.407401
0.259839
0.565854
0.606073
0.865583
0.47448
0.727112
0.716605
0.839771
0.428433
0.225113
0.977367
0.902286
0.865971
0.436062
0.733855
0.245864
0.206664
0.644035
0.862686
0.986612
0.750384
0.069567
0.283405
0.58589
0.258089
0.154826
0.309179
0.4799
0.361053
0.123097
0.921485
0.31513
0.584983
0.244941
0.20301
0.55682
0.294788
0.926971
0.670908
0.904408
0.025509
0.578131
0.51942
0.538395
0.754009
0.493629
0.621382
0.073704
0.630139
0.809473
0.417977
0.420932
0.224178
0.425257
0.014711
0.043909
0.030659
0.43702
0.979657
0.239913
0.011706
0.734581
0.118031
0.567498
0.361735
0.205394
0.87843
0.55823
0.127382
0.832365
0.357032
0.215803
0.81173
0.806798
0.623361
0.559724
0.775363
0.477752
0.581127
0.722807
0.202825
0.953025
0.701738
0.931494
0.862894
0.893327
0.418804
0.942741
0.327493
0.290778
0.946448
0.66303
0.423905
0.976278
0.864159
0.371642
0.640916
0.644832
0.680826
0.762571
0.353934
0.987894
0.386519
0.803323
0.327439
0.925092
0.290236
0.252189
0.357331
0.238064
0.158537
0.517514
0.046918
0.529595
0.371443
0.212764
0.45328
0.715399
0.671643
0.939407
0.068193
0.543804
0.580612
0.89751
0.97678
0.223395
0.680087
0.264582
0.158403
0.288926
0.704332
0.045712
0.115013
0.870075
0.285801
0.37597
0.58564
0.95992
0.4505
0.626488
0.972007
0.755264
0.617502
0.136951
0.172357
0.828339
0.004343
0.983016
0.959069
0.391552
0.058221
0.871215
0.870164
0.935712
0.445162
0.021699
0.814992
0.837815
0.672844
0.667882
0.581803
0.854853
0.946352
0.728345
0.911664
0.604981
0.040902
0.265509
0.685915
0.645929
0.256713
0.108349
0.862253
0.480843
0.909718
0.883219
0.131173
0.188825
0.279109
0.74325
0.832254
0.816261
0.936562
0.337252
0.162386
0.038703
0.872439
0.897328
0.333136
0.73054
0.390198
0.082628
0.533516
0.424087
0.507252
0.138207
0.119529
0.008137
0.800591
0.465626
0.447228
0.068214
0.424309
0.445163
0.592029
0.104989
0.219931
0.667637
0.159149
0.629032
0.670777
0.446117
0.797739
0.655895
0.663372
0.73127
0.983576
0.963494
0.23807
0.829616
0.611295
0.216562
0.760644
0.149858
0.10495
0.049134
0.074396
0.322902
0.672851
0.595701
0.679759
0.12473
0.205462
0.432023
0.971768
0.068745
0.929432
0.937237
0.602535
0.656322
0.860645
0.297714
0.896423
0.76796
0.842445
0.928408
0.837282
0.121897
0.08724
0.336349
0.385533
0.72155
0.169959
0.102468
0.708244
0.48278
0.924265
0.819843
0.767878
0.083067
0.95769
0.715461
0.235475
0.157918
0.658314
0.016583
0.357139
0.491924
0.779922
0.462807
0.471629
0.892078
0.81473
0.064575
0.552986
0.161855
0.800381
0.289941
0.803764
0.249399
0.035384
0.122478
0.440326
0.973679
0.138574
0.68139
0.663184
0.375837
0.328722
0.32156
0.246642
0.739734
0.712323
0.401263
0.387025
0.827846
0.317988
0.618269
0.664276
0.498615
0.432351
0.699251
0.119431
0.773551
0.760609
0.167747
0.341197
0.931149
0.193011
0.429858
0.090763
0.714875
0.376856
0.938428
0.130365
0.314106
0.47721
0.041992
0.109991
0.856176
0.128294
0.862391
0.725546
0.439562
0.029325
0.064832
0.042248
0.777595
0.710469
0.51977
0.936804
0.753391
0.876502
0.705623
0.356931
0.013816
0.560294
0.457002
0.907181
0.908316
0.52776
0.496764
0.6401
0.606859
0.627705
0.910793
0.144575
0.329182
0.365313
0.025827
0.728467
0.402695
0.472094
0.329495
0.832765
0.07214
0.924309
0.761735
0.193047
0.444809
0.219136
0.453338
0.075825
0.921412
0.195006
0.508875
0.43113
0.608514
0.328819
0.385544
0.214754
0.834268
0.911004
0.283273
0.646655
0.173544
0.221089
0.951319
0.273743
0.888822
0.44318
0.789518
0.173464
0.514785
0.231738
0.629281
0.506717
0.709323
0.410511
0.635559
0.608187
0.647138
0.683062
0.961527
0.180381
0.115834
0.891829
0.617558
0.108773
0.610919
0.881937
0.931076
0.358947
0.082358
0.426802
0.168897
0.796637
0.694989
0.888149
0.906253
0.883813
0.766102
0.272805
0.212855
0.035564
0.668543
0.36641
0.598737
0.263314
0.060435
0.505347
0.66431
0.152262
0.053812
0.904116
0.366891
0.03122
0.544873
0.303876
0.430455
0.480809
0.485044
0.101199
0.613469
0.801747
0.925793
0.724255
0.75432
0.028465
0.197886
0.538926
0.746747
0.388252
0.943839
0.232181
0.154973
0.31625
0.620614
0.161159
0.429675
0.648686
0.400476
0.491815
0.168224
0.881261
0.661869
0.055526
0.656128
0.565587
0.163174
0.019839
0.449221
0.865288
0.027482
0.688378
0.744074
0.452785
0.931078
0.018626
0.649943
0.404634
0.476054
0.326342
0.761133
0.771412
0.630587
0.926889
0.940888
0.570396
0.743397
0.64126
0.403113
0.668033
0.155102
0.223324
0.855438
0.514693
0.236715
0.070566
0.442904
0.934341
0.742935
0.901062
0.50451
0.370418
0.319894
0.061436
0.600165
0.12496
0.28167
0.31953
0.894082
0.124095
0.42907
0.210013
0.065862
0.371028
0.466986
0.290033
0.060279
0.796648
0.38246
0.497091
0.882917
0.688483
0.570395
0.37898
0.169455
0.839693
0.119669
0.785323
0.980347
0.571627
0.293271
0.292244
0.861334
0.110931
0.177955
0.899476
0.162905
0.330334
0.885545
0.04025
0.200017
0.354787
0.38751
0.341432
0.060359
0.796757
0.975146
0.140731
0.277679
0.193168
0.501568
0.102744
0.414017
0.175948
0.801059
0.689997
0.655539
0.344431
0.663166
0.666732
0.872953
0.356365
0.015351
0.881764
0.773992
0.086282
0.359992
0.061441
0.404288
0.845596
0.280266
0.129849
0.645662
0.34378
0.16786
0.494689
0.682767
0.037997
0.099197
0.279894
0.141724
0.337452
0.276956
0.802193
0.093145
0.884631
0.855659
0.987308
0.268663
0.606526
0.823962
0.1029
0.630089
0.242879
0.523195
0.231035
0.093303
0.196362
0.11763
0.51903
0.971466
0.615935
0.857597
0.291101
0.34771
0.68074
0.152548
0.822797
0.441002
0.981992
0.17845
0.747258
0.513339
0.541834
0.743403
0.708319
0.517383
0.81054
0.932629
0.481053
0.420042
0.287848
0.08039
0.828128
0.129127
0.856927
0.454213
0.586641
0.743814
0.712535
0.335112
0.962456
0.031505
0.493323
0.218595
0.860472
0.139331
0.999692
0.570876
0.596795
0.447535
0.477073
0.226692
0.627064
0.194174
0.842467
0.721933
0.078234
0.233808
0.422717
0.781943
0.202124
0.802135
0.506407
0.407407
0.90077
0.829865
0.481697
0.89205
0.270932
0.714991
0.402407
0.41457
0.669925
0.166047
0.121195
0.106524
0.819559
0.135735
0.594597
0.316805
0.87161
0.268073
0.623384
0.785034
0.350481
0.072484
0.618343
0.015981
0.794408
0.78049
0.330226
0.592007
0.235352
0.349814
0.863104
0.025167
0.167542
0.711447
0.886178
0.276035
0.73127
0.576279
0.610982
0.225827
0.180278
0.561484
0.229752
0.651937
0.633965
0.547356
0.542166
0.59153
0.073903
0.769483
0.436492
0.437279
0.809549
0.111992
0.451957
0.04489
0.332245
0.44967
0.500556
0.036956
0.441577
0.290346
0.128446
0.395334
0.080742
0.550484
0.237055
0.04343
0.074957
0.356311
0.850867
0.444272
0.126423
0.313774
0.858379
0.829119
0.836049
0.471279
0.764379
0.504095
0.066655
0.440297
0.95036
0.704632
0.16302
0.934753
0.458676
0.52198
0.972412
0.633441
0.8594
0.412374
0.352672
0.036738
0.682248
0.344175
0.847865
0.058126
0.494984
0.757506
0.536366
0.8665
0.883034
0.175474
0.101105
0.572011
0.994299
0.007865
0.3375
0.00536
0.553015
0.772328
0.157673
0.242767
0.510339
0.002701
0.617618
0.653903
0.795174
0.825064
0.012614
0.423036
0.70543
0.006375
0.45898
0.848255
0.010265
0.629122
0.124381
0.251998
0.382579
0.394822
0.335495
0.331833
0.179426
0.674435
0.822314
0.077791
0.528968
0.563733
0.981035
0.712419
0.452565
0.719516
0.624523
0.30373
0.506091
0.696674
0.245365
0.968533
0.060923
0.007697
0.495669
0.702713
0.063869
0.041917
0.286806
0.872017
0.501387
0.923319
0.490132
0.321277
0.622733
0.204192
0.987412
0.88282
0.436636
0.066228
0.007753
0.211167
0.994188
0.708945
0.423648
0.411639
0.348898
0.448897
0.842551
0.906703
0.112842
0.628006
0.595597
0.040381
0.54379
0.490094
0.716182
0.004883
0.962469
0.066379
0.285482
0.727141
0.796254
0.550202
0.744989
0.74479
0.02282
0.288401
0.135705
0.003152
0.857574
0.350568
0.832787
0.25737
0.975044
0.578909
0.476048
0.889377
0.367906
0.611735
0.257194
0.79541
0.598059
0.658478
0.394537
0.457837
0.127089
0.68258
0.774751
0.078861
0.579241
0.601051
0.424498
0.762272
0.945145
0.862958
0.82033
0.931697
0.046743
0.192024
0.616705
0.94513
0.309448
0.375109
0.207589
0.659095
0.079955
0.290807
0.417241
0.894677
0.258396
0.790665
0.282748
0.694347
0.119476
0.695224
0.707499
0.615825
0.649902
0.536054
0.778471
0.357507
0.552592
0.454102
0.601377
0.766648
0.172526
0.221355
0.743831
0.536863
0.841468
0.683564
0.816384
0.763767
0.502356
0.775105
0.51276
0.157564
0.169808
0.577712
0.424531
0.222722
0.258934
0.926092
0.373299
0.973127
0.863455
0.705946
0.683361
0.918939
0.672257
0.246387
0.589431
0.192181
0.137517
0.405647
0.158548
0.263189
0.770471
0.106564
0.51198
0.488344
0.683721
0.661693
0.427463
0.526739
0.441512
0.078129
0.959003
0.653274
0.619559
0.518854
0.009761
0.432081
0.928173
0.841676
0.215224
0.04515
0.823972
0.887713
0.933953
0.039833
0.630944
0.308559
0.415926
0.908863
0.767874
0.594424
0.343077
0.201769
0.359341
0.995534
0.684817
0.857402
0.050691
0.801775
0.097849
0.805407
0.554747
0.125056
0.587136
0.498836
0.349834
0.619043
0.873029
0.676654
0.782948
0.618363
0.250731
0.500518
0.449232
0.685089
0.77093
0.214773
0.19855
0.669323
0.298419
0.146463
0.225143
0.666491
0.604585
0.97976
0.521388
0.771517
0.539037
0.162901
0.206962
0.451578
0.119118
0.385367
0.789154
0.197573
0.021577
0.61975
0.469726
0.885633
0.478096
0.301037
0.209164
0.868574
0.72026
0.632041
0.568518
0.264843
0.480499
0.530861
0.415632
0.865811
0.15752
0.386338
0.089187
0.123379
0.57468
0.679327
0.951455
0.497344
0.629234
0.081752
0.92285
0.125182
0.820964
0.772455
0.699054
0.799917
0.378044
0.856456
0.466143
0.922099
0.200554
0.427058
0.577401
0.913697
0.129361
0.287377
0.996897
0.080409
0.274698
0.483799
0.420965
0.934072
0.857411
0.271984
0.745133
0.912362
0.576997
0.199876
0.184377
0.910973
0.671635
0.328959
0.025171
0.967195
0.377962
0.782353
0.506466
0.484836
0.189428
0.892727
0.883167
0.699938
0.840809
0.592723
0.162425
0.854268
0.476078
0.359937
0.915566
0.075167
0.207823
0.600946
0.929188
0.425842
0.619554
0.704032
0.965692
0.786269
0.090389
0.851568
0.946584
0.879203
0.804148
0.336841
0.936421
0.9146
0.164904
0.95969
0.600759
0.346941
0.438652
0.898313
0.660235
0.623109
0.425078
0.46077
0.767073
0.502531
0.446166
0.424458
0.790873
0.721569
0.717289
0.728508
0.426849
0.417542
0.564319
0.705542
0.607775
0.30751
0.70176
0.18634
0.349641
0.479625
0.922212
0.337323
0.60967
0.098215
0.754228
0.646571
0.296884
0.565096
0.524779
0.242948
0.691971
0.146335
0.742896
0.401055
0.964528
0.185683
0.706126
0.489667
0.261832
0.885973
0.098544
0.354656
0.253947
0.005255
0.95694
0.257341
0.10551
0.816125
0.114521
0.849696
0.175565
0.12703
0.917321
0.324149
0.488252
0.633935
0.434288
0.014212
0.016452
0.630353
0.937266
0.042657
0.314149
0.933248
0.094026
0.185957
0.71961
0.826411
0.023443
0.073306
0.027221
0.157591
0.727722
0.086499
0.732746
0.287576
0.249588
0.894203
0.284624
0.049476
0.647184
0.50622
0.951746
0.927196
0.939826
0.325841
0.631874
0.603327
0.450631
0.463983
0.501314
0.321765
0.969248
0.613723
0.461521
0.691357
0.151954
0.780107
0.324774
0.055165
0.431749
0.85246
0.054442
0.201529
0.80203
0.909203
0.788188
0.434751
0.411405
0.511161
0.456238
0.552924
0.480197
0.922213
0.971873
0.003735
0.628802
0.771207
0.882689
0.700138
0.396117
0.063741
0.263359
0.607428
0.630505
0.147253
0.011854
0.341127
0.247958
0.007563
0.194798
0.659706
0.635172
0.184867
0.804693
0.362405
0.394375
0.454402
0.547259
0.823832
0.535072
0.442971
0.37383
0.90284
0.988357
0.116101
0.68094
0.531191
0.027009
0.038993
0.82017
0.653036
0.421988
0.38399
0.091287
0.351468
0.223027
0.422609
0.055384
0.001767
0.985379
0.815865
0.657185
0.591511
0.698255
0.032137
0.725979
0.671597
0.458328
0.346806
0.346153
0.4871
0.888467
0.896436
0.659962
0.775531
0.996715
0.472751
0.551648
0.063954
0.623386
0.766318
0.505542
0.223017
0.738519
0.995181
0.331011
0.797231
0.920026
0.62483
0.50064
0.882507
0.929542
0.335395
0.992522
0.240059
0.924655
0.528086
0.928017
0.026089
0.70533
0.008605
0.359781
0.557942
0.624418
0.133139
0.519554
0.446683
0.784891
0.772336
0.395318
0.522639
0.435666
0.002634
0.547774
0.816522
0.360589
0.111938
0.064387
0.943482
0.135737
0.949667
0.782998
0.337786
0.430217
0.934505
0.020136
0.507857
0.030267
0.19924
0.9852
0.984407
0.723792
0.32729
0.004226
0.97138
0.688046
0.294186
0.128701
0.15929
0.685452
0.579176
0.166969
0.256973
0.969896
0.116581
0.765163
0.069302
0.777924
0.427359
0.155599
0.221616
0.995722
0.707875
0.96888
0.322086
0.67119
0.019788
0.399701
0.123664
0.147199
0.132172
0.479733
0.641647
0.962537
0.765564
0.419167
0.988695
0.327419
0.642022
0.87819
0.727643
0.976825
0.529771
0.091376
0.840732
0.712991
0.095637
0.187573
0.100878
0.414798
0.884021
0.942135
0.531834
0.328113
0.209209
0.239949
0.199649
0.402338
0.404053
0.048601
0.770664
0.012353
0.091065
0.219422
0.809539
0.938125
0.430994
0.152341
0.614805
0.171324
0.909046
0.941487
0.914458
0.339303
0.664588
0.05458
0.183992
0.772727
0.572835
0.792648
0.22144
0.529642
0.377163
0.46957
0.245886
0.220827
0.134099
0.459811
0.455533
0.989076
0.29915
0.833067
0.243744
0.360098
0.874357
0.458316
0.987109
0.769782
0.189548
0.962663
0.320034
0.493644
0.887382
0.911005
0.236561
0.651077
0.582064
0.437426
0.033327
0.210327
0.699958
0.670665
0.306268
0.459553
0.510224
0.894736
0.06123
0.248756
0.69189
0.247747
0.05741
0.675736
0.653487
0.664637
0.168618
0.679862
0.651685
0.405673
0.681516
0.836436
0.761702
0.121817
0.666075
0.808253
0.234932
0.152085
0.447655
0.324972
0.184568
0.527492
0.51931
0.221469
0.396602
0.098999
0.466728
0.49366
0.080619
0.429815
0.416084
0.453337
0.674899
0.442953
0.169975
0.011785
0.146021
0.976766
0.262542
0.39854
0.731895
0.617299
0.266124
0.148878
0.780926
0.913533
0.872542
0.900962
0.038544
0.402879
0.825219
0.374443
0.847505
0.811516
0.679694
0.024145
0.575862
0.241101
0.234024
0.748007
0.783268
0.784514
0.563269
0.248168
0.987876
0.783711
0.442689
0.443998
0.470816
0.660871
0.286662
0.694751
0.556442
0.61338
0.13153
0.634566
0.590825
0.407605
0.55233
0.961603
0.049426
0.911487
0.428242
0.062388
0.154927
0.302727
0.300957
0.875618
0.545021
0.124598
0.966313
0.31637
0.627406
0.953024
0.149661
0.714911
0.265643
0.303756
0.599968
0.120746
0.976542
0.482968
0.165576
0.038588
0.32448
0.912232
0.370424
0.081785
0.918032
0.144931
0.463975
0.575612
0.418052
0.19956
0.454629
0.557873
0.524529
0.290704
0.932703
0.237669
0.633414
0.442348
0.738184
0.755588
0.196239
0.385016
0.411333
0.079812
0.203577
0.18385
0.599835
0.282992
0.659423
0.686971
0.666109
0.639929
0.956377
0.349235
0.569886
0.468868
0.644326
0.653115
0.174173
0.411124
0.061174
0.034108
0.898402
0.351845
0.329925
0.178413
0.817552
0.397863
0.858501
0.592863
0.336637
0.593564
0.681326
0.517513
0.206263
0.513123
0.646304
0.465423
0.521333
0.787169
0.435072
0.59369
0.478543
0.750431
0.915636
0.124237
0.469551
0.571434
0.916098
0.70499
0.135327
0.01422
0.926232
0.314138
0.193819
0.537851
0.887565
0.795391
0.668424
0.988112
0.524545
0.632397
0.198301
0.212103
0.319381
0.407081
0.372409
0.406091
0.140735
0.593487
0.97803
0.611698
0.609759
0.242976
0.098298
0.890855
0.14548
0.943571
0.54412
0.300099
0.76825
0.1378
0.856756
0.419862
0.911615
0.054388
0.018327
0.285331
0.710512
0.560969
0.26844
0.896558
0.652808
0.909294
0.735538
0.108736
0.357617
0.196889
0.331759
0.614944
0.941287
0.644697
0.006344
0.541381
0.456182
0.652709
0.983571
0.887731
0.140623
0.184502
0.452843
0.3436
0.938799
0.517506
0.501441
0.617097
0.948842
0.576728
0.754729
0.979188
0.475607
0.104584
0.878639
0.446929
0.798988
0.449494
0.798922
0.784075
0.103057
0.414359
0.899734
0.301483
0.019653
0.467609
0.777415
0.404629
0.896807
0.017729
0.573735
0.583039
0.198962
0.086601
0.037737
0.987928
0.557797
0.703351
0.877599
0.246631
0.702631
0.510456
0.246264
0.28137
0.631551
0.567523
0.236819
0.188312
0.44241
0.809423
0.994228
0.353204
0.190727
0.964387
0.454811
0.886406
0.600082
0.379229
0.072331
0.346579
0.62829
0.089527
0.397384
0.673084
0.271835
0.783271
0.942337
0.866433
0.474681
0.263427
0.715143
0.505641
0.779068
0.120386
0.174556
0.429196
0.16087
0.823828
0.077615
0.655072
0.937404
0.393589
0.156599
0.4802
0.316312
0.908509
0.36412
0.343812
0.736881
0.262944
0.528029
0.679546
0.806496
0.065248
0.937594
0.376649
0.028489
0.325411
0.522669
0.565837
0.158706
0.507626
0.121739
0.978604
0.647836
0.306874
0.685232
0.50149
0.258984
0.075863
0.527502
0.682931
0.540563
0.746072
0.229164
0.271079
0.407077
0.051157
0.488518
0.731211
0.030154
0.04415
0.543203
0.765909
0.583314
0.408631
0.140598
0.406385
0.060087
0.916583
0.858229
0.175696
0.613404
0.209491
0.608185
0.116399
0.339481
0.812974
0.143859
0.08055
0.458223
0.21705
0.228213
0.560664
0.333356
0.879712
0.16331
0.563699
0.760305
0.196739
0.43726
0.533305
0.943972
0.304484
0.477028
0.221646
0.301927
0.694277
0.133915
0.217599
0.762262
0.745975
0.091972
0.468902
0.736942
0.152846
0.199172
0.341965
0.443657
0.336572
0.113417
0.189947
0.61478
0.367602
0.952914
0.230458
0.537926
0.746832
0.249571
0.129701
0.261901
0.869588
0.902923
0.779609
0.003451
0.870726
0.007374
0.285534
0.852235
0.170606
0.696829
0.480886
0.213102
0.710056
0.449649
0.536088
0.879056
0.136683
0.725706
0.938962
0.42667
0.95372
0.770317
0.700285
0.389344
0.852767
0.110157
0.458091
0.298858
0.917773
0.738997
0.718676
0.571235
0.14852
0.920114
0.480773
0.811187
0.98819
0.173674
0.280801
0.905872
0.599298
0.657103
0.256493
0.825557
0.261842
0.899681
0.693852
0.509321
0.565575
0.759898
0.956846
0.523303
0.348937
0.171989
0.940018
0.385195
0.271144
0.220584
0.44771
0.846551
0.252998
0.705937
0.163816
0.539231
0.084871
0.934453
0.957033
0.676227
0.301257
0.997698
0.558891
0.182396
0.312282
0.047625
0.75514
0.690601
0.926101
0.746475
0.774535
0.010839
0.016143
0.513785
0.351996
0.85742
0.318542
0.779968
0.886947
0.742563
0.885609
0.272353
0.78529
0.972774
0.502946
0.359272
0.984722
0.223444
0.827803
0.613118
0.656875
0.584865
0.891858
0.55247
0.964444
0.770173
0.712467
0.885656
0.245647
0.342889
0.691832
0.59429
0.994061
0.242063
0.664872
0.600536
0.297332
0.125874
0.648714
0.683966
0.718151
0.97183
0.486999
0.865842
0.116462
0.430876
0.66393
0.057568
0.789049
0.098155
0.937813
0.935263
0.10525
0.221279
0.776148
0.067018
0.758159
0.927435
0.735232
0.513925
0.269115
0.58014
0.142217
0.630344
0.496335
0.046489
0.116022
0.687137
0.667896
0.996063
0.153883
0.485657
0.651926
0.154743
0.766877
0.552084
0.970542
0.074996
0.415501
0.870193
0.939625
0.302826
0.94372
0.188356
0.261988
0.567144
0.845536
0.131964
0.469214
0.27865
0.121933
0.00127
0.196215
0.804018
0.691422
0.556784
0.871354
0.663021
0.296467
0.070174
0.694462
0.251917
0.230056
0.588515
0.860665
0.789202
0.249962
0.762205
0.284958
0.615032
0.446982
0.204358
0.956584
0.35585
0.859558
0.487852
0.790696
0.988552
0.208928
0.886239
0.11421
0.134093
0.556492
0.713212
0.669292
0.013396
0.689012
0.072282
0.915888
0.311704
0.011768
0.522526
0.971501
0.817296
0.093046
0.059296
0.710177
0.387954
0.828261
0.635029
0.850495
0.139499
0.698263
0.319366
0.76139
0.728934
0.794222
0.345263
0.029229
0.984506
0.826634
0.39286
0.658327
0.694112
0.478953
0.201093
0.42025
0.317259
0.230201
0.323581
0.393793
0.649737
0.673292
0.797381
0.224178
0.038385
0.246851
0.853611
0.198125
0.710888
0.21882
0.395459
0.606148
0.083782
0.166793
0.809311
0.955061
0.607577
0.207344
0.611236
0.226175
0.214804
0.04361
0.956255
0.180684
0.285954
0.05627
0.547653
0.717301
0.785578
0.681753
0.179345
0.005777
0.50684
0.924362
0.22622
0.017006
0.751005
0.881106
0.583666
0.189549
0.888034
0.471287
0.364898
0.671427
0.806509
0.050874
0.403812
0.424289
0.886687
0.838678
0.661934
0.586408
0.721527
0.851182
0.345617
0.041539
0.479298
0.270499
0.855522
0.745552
0.561798
0.892987
0.751334
0.896404
0.544002
0.081848
0.260536
0.435876
0.812439
0.39124
0.722513
0.382675
0.24468
0.908244
0.665394
0.778977
0.180562
0.47531
0.638087
0.253647
0.076095
0.843679
0.429632
0.067165
0.068674
0.456395
0.339122
0.076973
0.912245
0.797174
0.611536
0.039087
0.130719
0.037854
0.088774
0.590666
0.488064
0.112772
0.249936
0.307861
0.958313
0.617967
0.549268
0.684914
0.254092
0.818309
0.650033
0.213523
0.740475
0.525648
0.114419
0.435892
0.190888
0.628353
0.182776
0.933794
0.351587
0.124457
0.869062
0.083872
0.439202
0.385363
0.850947
0.896413
0.228283
0.987395
0.930156
0.343745
0.229472
0.162035
0.290636
0.51912
0.947174
0.925971
0.151583
0.228195
0.360768
0.990346
0.221075
0.867992
0.692198
0.059677
0.91252
0.413836
0.578933
0.387256
0.674085
0.509938
0.311147
0.397668
0.910366
0.667863
0.325795
0.592111
0.949026
0.16849
0.023775
0.056149
0.383411
0.984687
0.460449
0.808725
0.213151
0.246204
0.474665
0.965474
0.7978
0.408317
0.07348
0.746928
0.614453
0.475533
0.330557
0.319789
0.11714
0.240544
0.235044
0.555316
0.386209
0.59275
0.860582
0.733457
0.953004
0.968769
0.435061
0.220486
0.102572
0.95382
0.269867
0.940474
0.391751
0.03893
0.587717
0.898531
0.792935
0.727478
0.139602
0.511797
0.477533
0.993036
0.034581
0.155786
0.728545
0.129483
0.717172
0.57229
0.73277
0.557595
0.763344
0.274085
0.13624
0.712355
0.612571
0.02197
0.97829
0.960481
0.600133
0.792388
0.779412
0.829505
0.626264
0.972811
0.895747
0.236497
0.723028
0.303616
0.571356
0.2187
0.031944
0.163321
0.576293
0.380747
0.056571
0.638618
0.908714
0.194077
0.187967
0.253832
0.890787
0.317381
0.622774
0.482721
0.594028
0.748903
0.044653
0.705848
0.857515
0.087553
0.000887
0.854137
0.993033
0.592271
0.575116
0.67486
0.868133
0.475159
0.743153
0.063206
0.952744
0.497926
0.712581
0.103712
0.878413
0.609509
0.15083
0.131727
0.467274
0.105544
0.444302
0.732246
0.561643
0.336313
0.805794
0.298863
0.637824
0.203089
0.312214
0.093899
0.961626
0.272891
0.833452
0.862145
0.170352
0.419634
0.448382
0.480751
0.160864
0.68861
0.842918
0.084327
0.014042
0.317483
0.491872
0.023364
0.653249
0.654879
0.431135
0.504334
0.799089
0.210824
0.62178
0.37859
0.043793
0.939264
0.003728
0.295415
0.160724
0.546829
0.85014
0.845912
0.48492
0.423995
0.687825
0.173896
0.451295
0.747073
0.873115
0.460599
0.061691
0.813551
0.622548
0.088024
0.359628
0.172334
0.359254
0.862102
0.243825
0.006136
0.299976
0.175796
0.23243
0.712131
0.664905
0.675125
0.089263
0.810719
0.948312
0.441246
0.424779
0.372185
0.197169
0.711142
0.978263
0.63449
0.010542
0.140948
0.754349
0.87666
0.464656
0.955998
0.157796
0.166338
0.403909
0.005177
0.630153
0.271908
0.400056
0.486669
0.113306
0.933339
0.255536
0.008647
0.610189
0.545739
0.350563
0.281702
0.797447
0.055108
0.245442
0.293513
0.712571
0.083162
0.5619
0.256872
0.777204
0.450986
0.734744
0.744922
0.187794
0.753056
0.750085
0.61208
0.837079
0.590784
0.247938
0.940689
0.427667
0.6568
0.301976
0.450158
0.313764
0.260631
0.511092
0.372142
0.433028
0.143877
0.527731
0.62661
0.099008
0.725033
0.222493
0.249058
0.86868
0.907061
0.797131
0.639466
0.899164
0.631506
0.971812
0.527704
0.98677
0.239458
0.015918
0.042378
0.32548
0.487529
0.279289
0.945794
0.984593
0.892077
0.926325
0.817168
0.191089
0.818554
0.992055
0.922859
0.761786
0.559514
0.893702
0.475922
0.479119
0.233541
0.621366
0.886278
0.553233
0.157554
0.815128
0.767891
0.618953
0.117826
0.8542
0.08146
0.212786
0.265444
0.232251
0.562844
0.662469
0.58199
0.976713
0.281767
0.165028
0.74291
0.913528
0.410255
0.438433
0.16535
0.266873
0.822768
0.712347
0.971256
0.446997
0.099021
0.548608
0.146321
0.10939
0.880892
0.870843
0.070609
0.090953
0.945913
0.7611
0.080784
0.565559
0.88373
0.737571
0.838509
0.127873
0.180661
0.308859
0.212445
0.774309
0.604396
0.492102
0.848404
0.0735
0.787498
0.754716
0.541839
0.948292
0.019682
0.368424
0.43458
0.513785
0.478752
0.56505
0.078662
0.618385
0.620231
0.532772
0.510804
0.705168
0.828593
0.000654
0.947419
0.890629
0.151007
0.929776
0.942911
0.647776
0.079637
0.457427
0.393765
0.834234
0.326671
0.456783
0.281449
0.671951
0.930216
0.5831
0.589385
0.525945
0.97863
0.35487
0.887209
0.86371
0.279116
0.41194
0.025645
0.891209
0.450058
0.552118
0.374414
0.160967
0.371054
0.519788
0.212111
0.880371
0.510175
0.62853
0.462647
0.793236
0.421802
0.819054
0.966716
0.738404
0.454346
0.653383
0.923169
0.833171
0.810214
0.661631
0.234698
0.216827
0.088292
0.712458
0.422892
0.721181
0.075986
0.986133
0.602094
0.988144
0.516418
0.674168
0.68904
0.303589
0.161894
0.501756
0.312979
0.383097
0.25572
0.436332
0.449076
0.47697
0.849037
0.434724
0.815749
0.600604
0.159941
0.822996
0.238349
0.676098
0.10202
0.932189
0.257697
0.454189
0.986262
0.317601
0.539311
0.745393
0.170833
0.680727
0.39327
0.821876
0.177412
0.084873
0.340913
0.574599
0.672169
0.856998
0.48001
0.324329
0.139761
0.268991
0.015489
0.532249
0.00319
0.364222
0.014015
0.241492
0.324233
0.523207
0.434142
0.344406
0.696637
0.717907
0.131387
0.027369
0.417778
0.796778
0.057753
0.242458
0.509404
0.089487
0.324856
0.0318
0.402066
0.054888
0.964498
0.539464
0.391903
0.521293
0.247187
0.763683
0.04059
0.361202
0.393497
0.05018
0.449375
0.320399
0.824476
0.247697
0.67387
0.46454
0.353767
0.990849
0.354366
0.464539
0.248593
0.423892
0.901897
0.296053
0.965011
0.745526
0.170447
0.963539
0.355728
0.095816
0.806477
0.128821
0.912357
0.758728
0.534407
0.089352
0.002686
0.143228
0.060829
0.436415
0.91317
0.464727
0.859662
0.650511
0.404224
0.276211
0.492201
0.919028
0.35142
0.474229
0.495432
0.217726
0.532942
0.918011
0.105048
0.678229
0.409308
0.008654
0.306718
0.310456
0.881504
0.498382
0.284562
0.047168
0.118226
0.59082
0.52785
0.675662
0.224242
0.042623
0.914988
0.584121
0.665768
0.02833
0.05672
0.939004
0.748268
0.193974
0.12689
0.79968
0.699571
0.889636
0.353803
0.503963
0.031598
0.188022
0.60805
0.86313
0.075522
0.307613
0.780866
0.955974
0.305817
0.60206
0.739946
0.638735
0.018611
0.081872
0.819728
0.169121
0.015839
0.658825
0.993299
0.016398
0.237
0.904983
0.610487
0.180243
0.671734
0.604601
0.714852
0.752705
0.762457
0.455104
0.75649
0.501294
0.362102
0.083079
0.974392
0.666125
0.677791
0.572873
0.610571
0.847109
0.73596
0.599443
0.328823
0.188281
0.890467
0.273927
0.750321
0.087651
0.0012
0.961266
0.760919
0.702678
0.24732
0.401226
0.919574
0.117509
0.062344
0.982079
0.915745
0.840094
0.050445
0.878683
0.64941
0.996824
0.961958
0.133204
0.57474
0.360987
0.351859
0.136107
0.009668
0.984838
0.582934
0.276838
0.481934
0.234806
0.103724
0.173763
0.880523
0.998083
0.82081
0.480702
0.561671
0.720127
0.410274
0.933281
0.528044
0.613167
0.771804
0.880549
0.802186
0.465253
0.589606
0.419038
0.884664
0.026499
0.82125
0.6463
0.523289
0.448484
0.065597
0.889051
0.706361
0.59184
0.170796
0.763169
0.773374
0.128768
0.551903
0.78721
0.646172
0.501416
0.62406
0.286621
0.774655
0.25441
0.697639
0.672691
0.488719
0.218177
0.596688
0.725153
0.710745
0.551135
0.55689
0.928622
0.743133
0.689103
0.261551
0.379861
0.714453
0.669913
0.888152
0.304931
0.797997
0.449279
0.941193
0.941107
0.00013
0.017498
0.408429
0.104578
0.141572
0.07898
0.094988
0.631954
0.16879
0.369474
0.701421
0.933333
0.891856
0.272946
0.535602
0.474812
0.95961
0.751501
0.722766
0.926227
0.079327
0.575329
0.624597
0.446423
0.589759
0.751414
0.445642
0.786737
0.67446
0.37359
0.678884
0.013041
0.548971
0.887542
0.401903
0.510395
0.266736
0.171752
0.537064
0.633976
0.622551
0.92732
0.50955
0.036743
0.411618
0.44172
0.708741
0.08692
0.624068
0.235607
0.773345
0.400267
0.604816
0.503952
0.10893
0.312403
0.420798
0.174211
0.875616
0.035593
0.486322
0.311421
0.389431
0.945625
0.404022
0.380899
0.90745
0.758986
0.621594
0.227792
0.117596
0.804141
0.567507
0.979324
0.74482
0.436695
0.085019
0.960123
0.647626
0.956021
0.967247
0.909721
0.540806
0.761503
0.565325
0.973564
0.447304
0.317811
0.145791
0.299523
0.898445
0.351329
0.259862
0.146436
0.879067
0.048589
0.310221
0.63051
0.251457
0.471291
0.654627
0.692986
0.018414
0.868111
0.927709
0.776274
0.614629
0.196301
0.272927
0.121682
0.7473
0.183393
0.544716
0.454667
0.720203
0.477558
0.463598
0.276469
0.079633
0.451048
0.899769
0.601214
0.488843
0.41908
0.710005
0.288819
0.787639
0.908369
0.515056
0.596425
0.396323
0.791581
0.095811
0.532494
0.387248
0.662781
0.920967
0.080575
0.482978
0.572467
0.452288
0.321417
0.632476
0.407942
0.951908
0.521051
0.565704
0.762589
0.875397
0.928534
0.190663
0.103772
0.361709
0.836157
0.211851
0.630915
0.256212
0.878105
0.257932
0.431894
0.268892
0.532192
0.041191
0.379974
0.95579
0.391911
0.666855
0.047828
0.660038
0.531212
0.992832
0.164009
0.637865
0.936958
0.984699
0.952011
0.803158
0.330255
0.86517
0.3575
0.758416
0.634322
0.278956
0.232628
0.849696
0.069841
0.104504
0.677299
0.800634
0.151128
0.448119
0.212407
0.16175
0.39932
0.053147
0.280706
0.272491
0.366871
0.670773
0.808162
0.096328
0.945152
0.86561
0.35012
0.95347
0.596552
0.9101
0.325938
0.003807
0.315623
0.966563
0.583385
0.697384
0.944533
0.809392
0.970601
0.180312
0.700946
0.083986
0.624478
0.489753
0.524706
0.58657
0.42064
0.877305
0.144286
0.698488
0.826046
0.825329
0.96102
0.566261
0.514046
0.614734
0.698704
0.961197
0.365023
0.071998
0.226019
0.436591
0.369615
0.874031
0.570441
0.838765
0.672859
0.35329
0.940203
0.459974
0.067254
0.255254
0.074558
0.477723
0.528433
0.157414
0.625722
0.237448
0.478152
0.507484
0.574706
0.348161
0.842547
0.377748
0.280905
0.74028
0.217818
0.873891
0.552841
0.917965
0.99124
0.000419
0.709958
0.591134
0.787979
0.790528
0.205562
0.222409
0.082889
0.797822
0.499314
0.589044
0.823601
0.657753
0.800627
0.113798
0.610737
0.858419
0.580814
0.443862
0.992615
0.623185
0.574111
0.425765
0.627235
0.727427
0.287828
0.331762
0.675172
0.20227
0.64452
0.942881
0.790011
0.287245
0.181343
0.741526
0.562076
0.858248
0.965476
0.659047
0.934183
0.129195
0.377324
0.418935
0.793549
0.22141
0.519442
0.261114
0.613147
0.849196
0.461835
0.810261
0.723818
0.777484
0.226792
0.689469
0.363311
0.107976
0.593473
0.477972
0.973713
0.56716
0.144068
0.594362
0.772468
0.659652
0.048715
0.156173
0.607113
0.261231
0.636298
0.672199
0.733482
0.471998
0.800731
0.408593
0.935841
0.003295
0.743314
0.526596
0.864838
0.760937
0.742425
0.749557
0.460296
0.808992
0.647987
0.876203
0.849633
0.787098
0.132147
0.635486
0.128464
0.999458
0.045345
0.353285
0.278067
0.040257
0.870481
0.435362
0.607498
0.847136
0.066
0.062913
0.761409
0.47794
0.575372
0.539284
0.721924
0.873326
0.168321
0.523134
0.399149
0.342827
0.773218
0.179792
0.359053
0.642601
0.036192
0.228302
0.920407
0.682355
0.224557
0.930548
0.088213
0.96124
0.654495
0.374134
0.138735
0.375897
0.925801
0.119579
0.854121
0.056606
0.555732
0.384186
0.123137
0.546794
0.768991
0.708324
0.837551
0.178679
0.888169
0.31106
0.935867
0.244895
0.913667
0.928114
0.143529
0.273469
0.870275
0.926951
0.565726
0.435029
0.645375
0.950225
0.379171
0.832004
0.656295
0.515772
0.07291
0.81256
0.81419
0.578961
0.580818
0.709261
0.73497
0.891452
0.821202
0.852978
0.151207
0.153933
0.675221
0.488814
0.183225
0.068144
0.787737
0.588571
0.040195
0.670775
0.506537
0.798629
0.662357
0.346113
0.653446
0.180249
0.807831
0.823769
0.63548
0.03664
0.028391
0.143397
0.610636
0.669957
0.588911
0.467697
0.815018
0.579747
0.652139
0.579255
0.308821
0.498749
0.078229
0.729009
0.485097
0.315429
0.74875
0.637048
0.480493
0.187545
0.145133
0.081516
0.793775
0.920715
0.414828
0.737203
0.970535
0.877287
0.634232
0.972065
0.319261
0.472949
0.218865
0.577346
0.0119
0.719503
0.905844
0.066307
0.540806
0.646146
0.555346
0.402938
0.16234
0.668815
0.791579
0.445007
0.938941
0.567056
0.638153
0.839475
0.635144
0.409248
0.341037
0.007918
0.669264
0.003861
0.480438
0.294523
0.812917
0.684636
0.893584
0.521946
0.00032
0.87237
0.098338
0.187646
0.959569
0.768517
0.072062
0.759357
0.723743
0.965511
0.788616
0.059785
0.749499
0.661479
0.614097
0.681579
0.351563
0.678526
0.844787
0.416792
0.51815
0.48781
0.186208
0.942364
0.060918
0.549877
0.048467
0.126221
0.692342
0.711461
0.201019
0.399597
0.453447
0.387742
0.664986
0.56355
0.395446
0.978088
0.984604
0.327243
0.280537
0.405041
0.986563
0.04475
0.319107
0.013478
0.260463
0.416807
0.883359
0.909388
0.181815
0.608075
0.78017
0.185083
0.437315
0.904338
0.068562
0.130563
0.469458
0.97245
0.283805
0.778822
0.927158
0.15138
0.540831
0.316091
1.4e-05
0.973162
0.339194
0.976962
0.661651
0.177585
0.184261
0.239312
0.626009
0.298923
0.607504
0.777371
0.919012
0.105462
0.480726
0.459537
0.793355
0.246803
0.655056
0.215196
0.904919
0.22316
0.311724
0.405248
0.405179
0.213514
0.380341
0.898008
0.109169
0.010675
0.267611
0.919094
0.258201
0.087668
0.226152
0.900819
0.430916
0.360415
0.95485
0.425431
0.366887
0.498187
0.028722
0.487366
0.012643
0.680984
0.739361
0.913751
0.702334
0.195245
0.10846
0.17386
0.650686
0.52666
0.155688
0.159289
0.340623
0.148168
0.339092
0.341672
0.145946
0.607728
0.690063
0.117188
0.412296
0.291606
0.174734
0.975805
0.252789
0.67029
0.856293
0.153256
0.023516
0.186037
0.254386
0.748981
0.091306
0.845659
0.425777
0.908647
0.198389
0.858704
0.654464
0.400931
0.492977
0.140004
0.084568
0.996517
0.017627
0.843855
0.65702
0.027022
0.640867
0.296184
0.746391
0.234677
0.117908
0.808964
0.191467
0.425139
0.90766
0.879374
0.522114
0.568204
0.477331
0.099407
0.814482
0.879562
0.662928
0.136547
0.821735
0.475818
0.777999
0.128552
0.877277
0.890231
0.994956
0.551583
0.143354
0.201031
0.939756
0.74015
0.23578
0.43793
0.091218
0.269665
0.619125
0.22614
0.481173
0.440695
0.603471
0.523549
0.705328
0.663043
0.463619
0.013638
0.369383
0.176957
0.881308
0.086951
0.801253
0.170603
0.589317
0.213854
0.617645
0.398104
0.694908
0.339768
0.089767
0.730758
0.973708
0.299365
0.165671
0.557201
0.091042
0.652575
0.128333
0.054543
0.317015
0.416498
0.632058
0.167245
0.773308
0.276724
0.568104
0.443181
0.511032
0.571611
0.56472
0.358494
0.495983
0.238328
0.486617
0.311698
0.390493
0.133346
0.912338
0.714186
0.000904
0.17783
0.859566
0.928446
0.709671
0.401148
0.156178
0.285901
0.522045
0.189187
0.876768
0.705479
0.667933
0.302889
0.221201
0.033164
0.046774
0.589631
0.569914
0.302022
0.644426
0.797427
0.342956
0.839536
0.386913
0.928066
0.479577
0.982064
0.208565
0.082525
0.455532
0.205379
0.524963
0.866044
0.557061
0.907959
0.183605
0.770107
0.654959
0.298811
0.036074
0.705278
0.135442
0.860805
0.609293
0.430991
0.291881
0.945284
0.029423
0.459861
0.306407
0.9538
0.951973
0.434902
0.097591
0.060127
0.627773
0.416861
0.223566
0.384553
0.299737
0.788417
0.400921
0.353335
0.981673
0.651912
0.47452
0.633267
0.702577
0.882533
0.043329
0.292997
0.133414
0.249858
0.477328
0.535976
0.233125
0.277163
0.491869
0.648638
0.789451
0.54207
0.315285
0.593303
0.078158
0.741429
0.577272
0.801948
0.568639
0.567046
0.741225
0.891373
0.709938
0.371983
0.507669
0.599805
0.195736
0.533305
0.6451
0.191731
0.039226
0.239824
0.508685
0.837097
0.142833
0.981319
0.137024
0.37745
0.602129
0.69365
0.609929
0.907622
0.997948
0.926057
0.146682
0.176491
0.516527
0.985984
0.048142
0.121393
0.613571
0.101348
0.434842
0.646033
0.548323
0.040248
0.814879
0.348225
0.376696
0.984598
0.824387
0.570958
0.408572
0.496281
0.970006
0.985161
0.344212
0.07173
0.405602
0.927726
0.858402
0.548297
0.016756
0.398137
0.032087
0.698133
0.429428
0.510229
0.402461
0.111716
0.063185
0.187051
0.602035
0.845126
0.592808
0.197998
0.131752
0.222379
0.979354
0.30274
0.481943
0.741212
0.02428
0.388158
0.863566
0.930247
0.759133
0.844507
0.5408
0.698843
0.768844
0.428567
0.463447
0.094434
0.38887
0.844157
0.375868
0.108227
0.322066
0.573053
0.726999
0.260862
0.259538
0.816484
0.426759
0.032746
0.552223
0.657684
0.741482
0.958425
0.162669
0.234476
0.71747
0.075809
0.312222
0.288444
0.034218
0.153927
0.631736
0.745425
0.449873
0.599315
0.458221
0.593803
0.984135
0.79875
0.411999
0.537882
0.525949
0.762104
0.7389
0.602446
0.29108
0.9265
0.117667
0.103752
0.751298
0.842299
0.043835
0.8323
0.821847
0.160406
0.420979
0.023214
0.275912
0.403701
0.513219
0.927784
0.277618
0.489474
0.018008
0.110198
0.513189
0.171931
0.651968
0.364258
0.37665
0.477516
0.983484
0.290248
0.780528
0.015058
0.405522
0.434387
0.387215
0.506894
0.066272
0.231228
0.256422
0.090813
0.874063
0.585634
0.144481
0.431612
0.533227
0.365476
0.244281
0.25733
0.262024
0.745115
0.175199
0.220569
0.735914
0.062898
0.412464
0.215386
0.987484
0.625598
0.606654
0.166188
0.266708
0.089209
0.968217
0.443808
0.542772
0.732001
0.554349
0.057597
0.795039
0.716742
0.407237
0.079002
0.008306
0.897527
0.290468
0.527161
0.383785
0.760756
0.112127
0.052045
0.883894
0.062842
0.978206
0.091193
0.751497
0.22367
0.536435
0.142339
0.62197
0.434642
0.086686
0.819236
0.785928
0.295537
0.205858
0.674967
0.280074
0.34568
0.287633
0.949742
0.071852
0.844945
0.438534
0.547623
0.379775
0.28742
0.630543
0.801022
0.810393
0.593145
0.035852
0.304884
0.027497
0.919495
0.9776
0.810551
0.697706
0.315759
0.817872
0.547372
0.885097
0.594075
0.667275
0.103309
0.578545
0.625664
0.193441
0.872541
0.56187
0.248924
0.395906
0.241386
0.046243
0.829679
0.134943
0.138021
0.871241
0.674208
0.94674
0.205044
0.596486
0.203776
0.96449
0.67372
0.951557
0.143183
0.450379
0.619932
0.591086
0.94322
0.740649
0.896674
0.721419
0.271772
0.745745
0.895708
0.722077
0.387207
0.240892
0.720545
0.268122
0.246216
0.66858
0.726023
0.368192
0.347567
0.35012
0.759612
0.250878
0.936872
0.967389
0.760385
0.544904
0.951803
0.863996
0.734662
0.239983
0.318024
0.341959
0.626361
0.14293
0.766483
0.262424
0.988785
0.602629
0.483739
0.697092
0.53529
0.618238
0.635275
0.592341
0.221255
0.118892
0.524828
0.096512
0.218986
0.440004
0.005737
0.867192
0.016798
0.088164
0.608214
0.319364
0.835836
0.688699
0.747592
0.518266
0.470184
0.678737
0.747921
0.310602
0.725054
0.469208
0.99423
0.993936
0.669011
0.065357
0.037127
0.776909
0.156296
0.368763
0.700302
0.094321
0.272306
0.248117
0.28416
0.365497
0.319961
0.553769
0.131187
0.564712
0.742257
0.589457
0.682845
0.983367
0.85386
0.419902
0.470575
0.914073
0.757887
0.556617
0.2883
0.26035
0.681218
0.337868
0.180373
0.648848
0.534139
0.998905
0.739753
0.195964
0.192031
0.124994
0.835724
0.569661
0.122549
0.648042
0.264039
0.97393
0.898966
0.397283
0.530597
0.222265
0.120841
0.601888
0.166279
0.33071
0.896917
0.762837
0.840051
0.461368
0.037457
0.779719
0.865034
0.098207
0.451589
0.05625
0.685958
0.625795
0.428797
0.463546
0.271775
0.161373
0.737176
0.84536
0.015542
0.977851
0.422484
0.208822
0.66977
0.349037
0.055048
0.983779
0.01072
0.224485
0.037002
0.271241
0.242441
0.851124
0.014485
0.339867
0.510521
0.573308
0.876884
0.217267
0.55509
0.912813
0.138346
0.201258
0.451154
0.006541
0.232789
0.398227
0.591113
0.252529
0.893502
0.088311
0.402845
0.847136
0.224355
0.470094
0.256326
0.946786
0.726239
0.06309
0.272993
0.195313
0.712673
0.156769
0.390958
0.652184
0.266875
0.889872
0.390967
0.060945
0.366842
0.364739
0.902721
0.121826
0.445252
0.31981
0.152702
0.282109
0.977296
0.715057
0.405781
0.36745
0.226797
0.723366
0.285209
0.682656
0.687269
0.111142
0.257114
0.178818
0.309295
0.667497
0.662551
0.135314
0.459967
0.224431
0.971534
0.912875
0.414899
0.480569
0.977562
0.602604
0.71678
0.625458
0.543459
0.640843
0.972825
0.580049
0.015477
0.875005
0.701164
0.882549
0.891249
0.345293
0.822697
0.054497
0.481701
0.861637
0.414884
0.190749
0.716856
0.201204
0.881216
0.579036
0.994354
0.963278
0.730938
0.285908
0.909412
0.986585
0.040409
0.479142
0.699234
0.229452
0.058582
0.176376
0.1685
0.862729
0.30388
0.985178
0.776739
0.752589
0.947793
0.102257
0.953073
0.300611
0.490687
0.64885
0.26801
0.55116
0.172921
0.482175
0.264621
0.346139
0.420688
0.054765
0.451272
0.235185
0.058239
0.660519
0.000149
0.895625
0.659522
0.05155
0.783625
0.324626
0.410607
0.778606
0.338778
0.861584
0.841226
0.857262
0.317538
0.323005
0.39482
0.364633
0.05336
0.650839
0.56951
0.986678
0.6712
0.028288
0.11879
0.192293
0.066931
0.748163
0.784022
0.703823
0.438712
0.436244
0.395256
0.234959
0.650181
0.639234
0.176666
0.371418
0.013857
0.678722
0.269262
0.57995
0.137848
0.281747
0.481864
0.221249
0.917176
0.573944
0.480789
0.306595
0.685662
0.94977
0.985906
0.792236
0.581481
0.524688
0.750354
0.712561
0.743615
0.242284
0.052671
0.63125
0.667632
0.442346
0.809352
0.917973
0.230325
0.350184
0.73549
0.830392
0.334613
0.391974
0.41986
0.030495
0.63125
0.395832
0.126421
0.502477
0.46825
0.719846
0.984286
0.813814
0.836114
0.90893
0.823931
0.667115
0.214909
0.113713
0.17474
0.659488
0.816598
0.248415
0.224841
0.398507
0.090314
0.05866
0.384199
0.221088
0.288488
0.197646
0.910877
0.317222
0.043391
0.182893
0.041113
0.462041
0.259444
0.711532
0.980509
0.154418
0.011681
0.963041
0.225712
0.242577
0.321313
0.246364
0.097875
0.297368
0.678882
0.796162
0.909854
0.570431
0.364481
0.62865
0.284413
0.509769
0.324436
0.511608
0.688937
0.108124
0.606898
0.710898
0.737957
0.521685
0.598354
0.490082
0.955441
0.399902
0.875341
0.705455
0.09762
0.234656
0.627307
0.937102
0.241849
0.232676
0.244199
0.251793
0.342744
0.974027
0.164614
0.017608
0.853675
0.852879
0.044976
0.056154
0.29177
0.890899
0.226794
0.902462
0.905547
0.820702
0.433699
0.060366
0.331801
0.803528
0.80082
0.367022
0.442272
0.627398
0.191159
0.577544
0.358932
0.174413
0.043086
0.702909
0.034758
0.962637
0.863936
0.704595
0.0451
0.088726
0.560337
0.185245
0.909063
0.801241
0.530328
0.420478
0.753
0.158832
0.484961
0.844397
0.288447
0.608974
0.65045
0.328193
0.991398
0.616712
0.41483
0.314189
0.114708
0.826684
0.126094
0.467112
0.134566
0.792217
0.346987
0.025726
0.406986
0.440793
0.069906
0.884534
0.300581
0.748643
0.452684
0.724669
0.211849
0.806602
0.080808
0.354378
0.211697
0.267384
0.787589
0.212296
0.158456
0.016163
0.22419
0.535902
0.04122
0.150634
0.311293
0.845155
0.946723
0.812963
0.401078
0.709107
0.595318
0.87207
0.663046
0.960883
0.397617
0.190517
0.363741
0.090049
0.379995
0.105121
0.62135
0.074425
0.69842
0.700575
0.560984
0.026372
0.096661
0.185807
0.927068
0.442161
0.464801
0.797041
0.325932
0.834832
0.056189
0.490733
0.590116
0.749184
0.619448
0.768401
0.804716
0.57926
0.38955
0.711317
0.327837
0.442985
0.555908
0.135317
0.438625
0.583226
0.361497
0.645454
0.333241
0.523269
0.411976
0.35508
0.671708
0.012521
0.958613
0.0224
0.693327
0.929781
0.279719
0.899426
0.229226
0.038045
0.643347
0.166307
0.683064
0.290818
0.6226
0.220574
0.137682
0.883145
0.221065
0.618271
0.115119
0.474636
0.85081
0.363293
0.103827
0.143768
0.892433
0.036463
0.780201
0.265712
0.666673
0.60844
0.158705
0.55171
0.052439
0.745532
0.439067
0.209923
0.562162
0.824522
0.325251
0.158828
0.210088
0.839792
0.567072
0.196128
0.465135
0.628786
0.474794
0.073924
0.797147
0.455101
0.903302
0.904825
0.084616
0.976946
0.002729
0.735144
0.283956
0.176886
0.335751
0.815988
0.809005
0.761857
0.255223
0.472235
0.871469
0.288341
0.592632
0.812412
0.94225
0.585071
0.212116
0.948752
0.173218
0.82746
0.311437
0.999334
0.574839
0.66333
0.343621
0.317986
0.649786
0.036296
0.055753
0.81317
0.89553
0.930592
0.020549
0.185557
0.662487
0.827709
0.726179
0.256965
0.558204
0.46766
0.979491
0.231781
0.882157
0.504314
0.107625
0.825528
0.509053
0.842419
0.281155
0.321234
0.431301
0.939519
0.714367
0.520062
0.330181
0.885522
0.040902
0.714868
0.614066
0.551164
0.161314
0.753882
0.088215
0.7103
0.194592
0.614953
0.754828
0.763195
0.467936
0.701335
0.479757
0.352767
0.773376
0.335421
0.077927
0.067368
0.460149
0.93565
0.320193
0.160877
0.332828
0.689304
0.038312
0.365852
0.569075
0.116441
0.056141
0.36811
0.403976
0.282136
0.811989
0.00714
0.487477
0.793899
0.936612
0.309273
0.380868
0.063564
0.201816
0.51794
0.179594
0.360298
0.471323
0.073854
0.220925
0.129482
0.620431
0.014476
0.59224
0.93606
0.703158
0.341664
0.46339
0.177786
0.960027
0.796588
0.599066
0.32121
0.147246
0.157711
0.840157
0.603018
0.050155
0.694415
0.378806
0.509277
0.239602
0.779162
0.906886
0.092045
0.540783
0.451327
0.080446
0.889389
0.642456
0.301599
0.294695
0.40162
0.614282
0.027339
0.707778
0.989446
0.8555
0.725369
0.659972
0.910514
0.502307
0.190914
0.696908
0.520033
0.121543
0.707197
0.877411
0.51709
0.083706
0.39302
0.322148
0.262667
0.388535
0.474732
0.320503
0.769306
0.400982
0.582167
0.898488
0.190015
0.40847
0.057423
0.745368
0.231968
0.193065
0.516547
0.842748
0.702586
0.209563
0.948041
0.871267
0.547348
0.436323
0.138831
0.451869
0.571937
0.709426
0.544329
0.832982
0.205226
0.414347
0.580433
0.978425
0.431381
0.749291
0.745746
0.93861
0.707394
0.139711
0.007289
0.89769
0.067656
0.257862
0.073971
0.518184
0.483688
0.50915
0.504482
0.475536
0.089541
0.165097
0.856686
0.154561
0.381942
0.929137
0.585546
0.180569
0.208873
0.290051
0.266204
0.356375
0.889901
0.879952
0.415847
0.035713
0.488426
0.674816
0.141147
0.425294
0.009127
0.626716
0.873487
0.391823
0.421129
0.293453
0.137566
0.870302
0.152707
0.381385
0.979194
0.793217
0.343171
0.640503
0.140216
0.137375
0.82993
0.591871
0.288151
0.357846
0.858896
0.524441
0.176338
0.154666
0.413675
0.199734
0.983811
0.017998
0.585133
0.200075
0.093401
0.689424
0.928603
0.958474
0.982085
0.391647
0.835028
0.122142
0.579833
0.2511
0.938418
0.705572
0.459607
0.872808
0.55062
0.9661
0.646665
0.796596
0.466939
0.405742
0.889155
0.389417
0.663354
0.578864
0.830581
0.373871
0.114346
0.791173
0.048851
0.662218
0.204825
0.126374
0.857919
0.78357
0.657533
0.314748
0.503263
0.383599
0.007815
0.056934
0.767144
0.568363
0.623803
0.337803
0.718531
0.366882
0.11602
0.594292
0.292459
0.571496
0.575132
0.698936
0.317132
0.403804
0.143998
0.408963
0.717973
0.37451
0.011959
0.817348
0.864258
0.977197
0.927314
0.274054
0.801092
0.310119
0.429592
0.352761
0.955223
0.679788
0.364042
0.833357
0.835838
0.710086
0.534139
0.40795
0.102861
0.268142
0.960907
0.043976
0.138241
0.493031
0.194703
0.52628
0.335667
0.007112
0.242518
0.974932
0.611419
0.99488
0.794649
0.69858
0.725368
0.326988
0.973446
0.901621
0.312402
0.541142
0.191678
0.473385
0.757091
0.828357
0.362333
0.952354
0.445474
0.150289
0.777377
0.943491
0.365342
0.540791
0.249907
0.5034
0.098773
0.225839
0.695562
0.908235
0.831413
0.696316
0.529904
0.72065
0.349454
0.7723
0.933629
0.236951
0.740328
0.538866
0.726076
0.411383
0.783733
0.106797
0.259805
0.253885
0.663494
0.281674
0.582668
0.106066
0.468381
0.159674
0.775183
0.167591
0.955228
0.01818
0.304274
0.648064
0.551467
0.624299
0.468429
0.512952
0.276957
0.585602
0.376774
0.873359
0.464401
0.242898
0.22809
0.92036
0.395938
0.17994
0.305332
0.047017
0.897049
0.812278
0.400334
0.843154
0.252955
0.260268
0.526127
0.965049
0.614407
0.162423
0.636441
0.00967
0.04065
0.401787
0.248878
0.479185
0.342279
0.47981
0.299992
0.044862
0.791504
0.844181
0.247873
0.625664
0.006445
0.380195
0.205377
0.739989
0.845902
0.552622
0.4898
0.467295
0.792398
0.152216
0.653759
0.245002
0.733972
0.624143
0.402427
0.249126
0.957976
0.915656
0.893241
0.851035
0.608462
0.706296
0.296716
0.90861
0.429155
0.423242
0.997754
0.405928
0.989528
0.015284
0.277664
0.211742
0.395998
0.400428
0.202173
0.78301
0.288001
0.920411
0.20426
0.305108
0.667874
0.572468
0.391666
0.123534
0.778837
0.621014
0.929693
0.097331
0.961745
0.951108
0.544773
0.921201
0.241502
0.472404
0.459796
0.825131
0.659131
0.73842
0.414608
0.4284
0.617081
0.947095
0.362667
0.949478
0.453861
0.603984
0.464941
0.168816
0.894282
0.892173
0.192434
0.986046
0.643644
0.888384
0.889053
0.514357
0.163503
0.623293
0.572471
0.36043
0.854427
0.740723
0.323782
0.635803
0.200469
0.339724
0.91777
0.304935
0.729546
0.725549
0.307112
0.984745
0.378018
0.508075
0.218935
0.579561
0.035356
0.656794
0.946435
0.951467
0.472723
0.623543
0.287995
0.71479
0.499179
0.380774
0.586056
0.113849
0.091306
0.068747
0.280755
0.718331
0.277265
0.305061
0.019071
0.552652
0.185998
0.540692
0.340158
0.587866
0.006818
0.972174
0.344868
0.297421
0.786602
0.235419
0.144535
0.695829
0.549243
0.701873
0.640085
0.667185
0.177913
0.948805
0.475242
0.295504
0.160946
0.47974
0.075867
0.293538
0.994135
0.743786
0.42545
0.475422
0.01696
0.574743
0.593754
0.33156
0.46612
0.042541
0.899576
0.114378
0.211101
0.849716
0.440923
0.781832
0.720684
0.944101
0.849534
0.272819
0.148433
0.289524
0.657984
0.524379
0.355429
0.587065
0.962868
0.048942
0.450353
0.631562
0.708372
0.066223
0.213989
0.280679
0.751139
0.74322
0.447617
0.11212
0.269003
0.776341
0.172207
0.89016
0.301841
0.620129
0.090074
0.787388
0.261374
0.546321
0.465481
0.354417
0.873184
0.401569
0.907173
0.902462
0.648477
0.350032
0.586281
0.192181
0.083474
0.977078
0.765475
0.149055
0.437367
0.223626
0.883849
0.870075
0.336699
0.142382
0.034981
0.159221
0.504263
0.137203
0.081554
0.56645
0.363724
0.408045
0.331446
0.785655
0.55216
0.144335
0.730035
0.754799
0.73477
0.449978
0.710229
0.562918
0.349276
0.495973
0.399279
0.796612
0.943633
0.297036
0.565503
0.968196
0.407824
0.915277
0.348019
0.27636
0.646152
0.143776
0.429902
0.136643
0.967049
0.631812
0.178031
0.407502
0.317986
0.034665
0.184652
0.742588
0.378557
0.369628
0.334471
0.391747
0.990427
0.628526
0.528377
0.242369
0.057353
0.619894
0.423882
0.011058
0.077358
0.095335
0.894787
0.659417
0.826379
0.95119
0.618114
0.943598
0.136233
0.329216
0.565361
0.91754
0.947095
0.832978
0.261881
0.715863
0.359875
0.99403
0.358209
0.640597
0.610596
0.127489
0.558577
0.047536
0.268224
0.416959
0.337072
0.254786
0.250903
0.72129
0.793715
0.193136
0.958481
0.021993
0.800431
0.601141
0.535486
0.080586
0.152913
0.550298
0.648222
0.880143
0.118539
0.758967
0.448712
0.8417
0.201388
0.342379
0.046041
0.913698
0.811935
0.683043
0.937545
0.904949
0.827287
0.43266
0.950584
0.324297
0.862959
0.079285
0.577925
0.444167
0.518666
0.680317
0.834925
0.668216
0.580096
0.398835
0.30475
0.0202
0.146183
0.142136
0.373664
0.137789
0.811914
0.327938
0.023587
0.04573
0.414501
0.516781
0.341632
0.095346
0.172545
0.770504
0.970528
0.129718
0.397497
0.120093
0.261891
0.666502
0.295844
0.269008
0.740873
0.399916
0.306458
0.4954
0.484228
0.52548
0.721958
0.260069
0.373319
0.313888
0.653122
0.853004
0.657639
0.025076
0.924827
0.929108
0.818344
0.60696
0.49089
0.160949
0.051863
0.336083
0.005917
0.210438
0.096492
0.601542
0.176031
0.634363
0.017949
0.061942
0.152729
0.949523
0.580512
0.533279
0.24176
0.44976
0.085986
0.082525
0.408811
0.3666
0.260751
0.471127
0.888064
0.819002
0.130773
0.584228
0.788115
0.225288
0.355242
0.219646
0.583518
0.787064
0.222977
0.7
0.649828
0.873177
0.934384
0.79625
0.018829
0.303443
0.616033
0.27872
0.335457
0.403918
0.73391
0.951171
0.716029
0.472979
0.653727
0.497864
0.100994
0.830962
0.279714
0.093694
0.071508
0.236219
0.872387
0.290719
0.087293
0.704192
0.110685
0.139131
0.897768
0.493252
0.475439
0.1882
0.210385
0.337371
0.846394
0.772963
0.019137
0.085047
0.452047
0.446557
0.56393
0.219391
0.907075
0.089531
0.410183
0.367698
0.911224
0.52848
0.850153
0.276509
0.964879
0.2921
0.913519
0.491075
0.205909
0.699448
0.421914
0.476416
0.392231
0.804272
0.997317
0.932569
0.197984
0.882537
0.487553
0.262509
0.631071
0.736524
0.590773
0.184392
0.443865
0.777129
0.21591
0.501874
0.38436
0.004821
0.986427
0.463676
0.283478
0.836317
0.329412
0.876469
0.277877
0.04548
0.754096
0.852072
0.83585
0.556366
0.759281
0.165947
0.236703
0.268976
0.953712
0.860646
0.696717
0.758996
0.688228
0.443914
0.946814
0.696193
0.749779
0.635948
0.135822
0.900962
0.088547
0.038368
0.541064
0.86034
0.747742
0.316411
0.209324
0.697739
0.810889
0.084183
0.212502
0.293148
0.085222
0.930244
0.495141
0.948471
0.947835
0.515397
0.305988
0.265463
0.330673
0.530858
0.044848
0.188703
0.83169
0.03497
0.816634
0.124801
0.434934
0.297336
0.550465
0.989361
0.179955
0.364908
0.440294
0.590113
0.509455
0.227519
0.529147
0.014826
0.046315
0.296225
0.567764
0.218016
0.916444
0.316237
0.028296
0.747839
0.711596
0.153549
0.142519
0.534367
0.849269
0.176483
0.133246
0.229883
0.820045
0.601149
0.756754
0.767795
0.454096
0.062543
0.32793
0.505857
0.087256
0.149014
0.760088
0.933176
0.957463
0.370346
0.863004
0.199447
0.58945
0.960815
0.698442
0.612779
0.721898
0.533747
0.316241
0.339893
0.084746
0.948613
0.115323
0.874476
0.011712
0.149174
0.507689
0.344122
0.55304
0.378604
0.572828
0.819054
0.007158
0.055942
0.930735
0.941003
0.502357
0.570554
0.072331
0.278689
0.438063
0.854839
0.808519
0.979544
0.653565
0.756517
0.938971
0.647382
0.856697
0.922475
0.369831
0.730643
0.691356
0.004096
0.837304
0.761073
0.317194
0.869716
0.730524
0.793825
0.109529
0.91771
0.188093
0.300168
0.458463
0.583333
0.37772
0.815475
0.986794
0.604692
0.82074
0.123437
0.163114
0.566668
0.583681
0.799816
0.499588
0.696897
0.06287
0.491442
0.679405
0.031158
0.677495
0.451635
0.032958
0.475282
0.69726
0.631737
0.395447
0.481447
0.71615
0.426067
0.385732
0.6793
0.320356
0.901155
0.772863
0.88627
0.902036
0.474717
0.682307
0.384541
0.643761
0.322481
0.168751
0.695691
0.768667
0.319831
0.889221
0.175208
0.698132
0.563835
0.283401
0.38157
0.708551
0.799382
0.635866
0.199282
0.321088
0.127055
0.753861
0.824584
0.381099
0.350119
0.829533
0.709787
0.911005
0.929866
0.581852
0.878963
0.298365
0.842237
0.58533
0.158958
0.167877
0.009075
0.521829
0.871688
0.021967
0.301177
0.04474
0.579145
0.84841
0.387241
0.564628
0.270335
0.48509
0.629412
0.095685
0.438108
0.329716
0.680247
0.535473
0.587084
0.087537
0.870643
0.423499
0.872119
0.778851
0.731278
0.415301
0.209601
0.209071
0.472454
0.282677
0.481348
0.199931
0.583783
0.273582
0.148288
0.449251
0.001913
0.170442
0.230485
0.014051
0.374794
0.464303
0.338834
0.014757
0.867881
0.561783
0.399974
0.430737
0.220418
0.074243
0.558152
0.700128
0.541117
0.534798
0.051178
0.825796
0.823054
0.367847
0.951919
0.169471
0.049644
0.853868
0.0602
0.806792
0.507592
0.753303
0.301596
0.76787
0.267048
0.220995
0.433428
0.563515
0.567186
0.099671
0.656081
0.007921
0.18181
0.422599
0.558845
0.242178
0.009426
0.824943
0.079832
0.183235
0.460942
0.097433
0.08064
0.703756
0.280201
0.391391
0.632301
0.229732
0.188995
0.330658
0.14934
0.428415
0.814052
0.228206
0.889452
0.229546
0.433779
0.324646
0.594254
0.383027
0.063273
0.891095
0.974857
0.47713
0.987749
0.578796
0.698832
0.289514
0.646915
0.149643
0.932855
0.19279
0.938816
0.501982
0.660552
0.479056
0.920482
0.862645
0.670276
0.797033
0.99383
0.307672
0.265486
0.454953
0.498118
0.184994
0.446976
0.271145
0.468465
0.209529
0.038901
0.42035
0.51673
0.249456
0.803731
0.817386
0.274695
0.526312
0.727654
0.322496
0.701346
0.247805
0.439649
0.629719
0.837197
0.503999
0.090333
0.828525
0.527741
0.970283
0.744838
0.609442
0.248933
0.369593
0.528963
0.569652
0.525376
0.746835
0.352185
0.644547
0.096578
0.386384
0.176795
0.451965
0.206389
0.521758
0.560034
0.5928
0.00763
0.717868
0.829722
0.814922
0.067077
0.848851
0.33295
0.431796
0.691915
0.761754
0.370636
0.037218
0.237933
0.447314
0.62276
0.220779
0.986377
0.416226
0.613392
0.911678
0.189262
0.188618
0.15056
0.414112
0.307505
0.46445
0.872445
0.461356
0.769244
0.97393
0.388461
0.343491
0.158748
0.92574
0.639795
0.016323
0.55207
0.577119
0.073736
0.008887
0.852293
0.503752
0.145189
0.642498
0.743562
0.476162
0.835788
0.970622
0.161704
0.095523
0.902483
0.624027
0.892227
0.772538
0.72641
0.672743
0.834246
0.219596
0.970645
0.91165
0.248028
0.345219
0.51745
0.151538
0.96013
0.516107
0.363857
0.155151
0.218358
0.852572
0.869981
0.498783
0.482719
0.261163
0.574386
0.296947
0.056613
0.34612
0.592863
0.026721
0.240224
0.750643
0.034551
0.794426
0.877751
0.470996
0.787878
0.830008
0.072194
0.702983
0.770955
0.449344
0.785545
0.395486
0.205987
0.526244
0.588313
0.119284
0.366435
0.878038
0.803089
0.921976
0.551201
0.532456
0.053422
0.821548
0.035303
0.587197
0.736696
0.376193
0.132658
0.876433
0.565038
0.678644
0.501723
0.793895
0.888438
0.604286
0.133555
0.367364
0.475226
0.701959
0.687122
0.74464
0.717108
0.164778
0.019606
0.212886
0.475915
0.867493
0.244596
0.999059
0.960613
0.941712
0.204713
0.608863
0.538617
0.738136
0.801379
0.295432
0.304872
0.242582
0.624102
0.911677
0.395974
0.775623
0.820572
0.165135
0.539406
0.331375
0.136837
0.049832
0.861772
0.849214
0.361089
0.886708
0.20694
0.844933
0.251214
0.978192
0.749106
0.750319
0.193525
0.66896
0.272741
0.358904
0.629811
0.219187
0.480358
0.354645
0.996137
0.727088
0.720679
0.737508
0.595874
0.246269
0.251157
0.762136
0.487862
0.478436
0.70122
0.945367
0.743046
0.49267
0.280246
0.611196
0.661487
0.035477
0.355296
0.766318
0.982474
0.713693
0.427064
0.851362
0.505709
0.876739
0.615115
0.903768
0.982018
0.645149
0.179076
0.578658
0.584175
0.095351
0.198002
0.696764
0.677691
0.605817
0.539395
0.357323
0.250602
0.935979
0.797067
0.754768
0.156542
0.98577
0.336395
0.185168
0.251393
0.045047
0.695402
0.418411
0.127059
0.195572
0.372414
0.250043
0.821233
0.137984
0.856143
0.72819
0.414144
0.293226
0.811737
0.738156
0.223374
0.875019
0.282714
0.552867
0.479153
0.614958
0.375075
0.06235
0.709503
0.786626
0.485261
0.69279
0.36604
0.884626
0.8427
0.184637
0.173622
0.491334
0.814383
0.966198
0.626085
0.845856
0.90384
0.446107
0.069337
0.437037
0.032918
0.222636
0.31277
0.84059
0.203605
0.234328
0.387959
0.952086
0.538172
0.613449
0.340905
0.599798
0.074233
0.40556
0.781543
0.501436
0.867026
0.602335
0.514076
0.642373
0.100862
0.222096
0.557067
0.0586
0.256691
0.192415
0.254358
0.808736
0.166496
0.676318
0.774712
0.960684
0.126943
0.317384
0.302952
0.892698
0.820635
0.770025
0.182952
0.966162
0.075238
0.896649
0.935597
0.392017
0.565341
0.58139
0.033473
0.958647
0.611725
0.998752
0.977274
0.725058
0.18438
0.19067
0.108424
0.106664
0.024139
0.58935
0.396617
0.238685
0.566871
0.182071
0.392431
0.213111
0.346958
0.600756
0.182908
0.046018
0.898289
0.551951
0.58614
0.735008
0.957159
0.423865
0.085872
0.212005
0.726051
0.298661
0.541513
0.646095
0.307913
0.766807
0.570967
0.260716
0.79285
0.272959
0.47227
0.314245
0.735436
0.617888
0.412975
0.136333
0.361338
0.78564
0.003776
0.823413
0.832332
0.81939
0.367229
0.16858
0.969579
0.076897
0.662112
0.661616
0.459127
0.509018
0.109397
0.91539
0.917183
0.338797
0.857007
0.810205
0.725412
0.574614
0.389216
0.470157
0.827421
0.648687
0.28606
0.898478
0.882327
0.160504
0.137381
0.663316
0.351022
0.10204
0.141859
0.235389
0.940633
0.045689
0.445157
0.906347
2e-05
0.05985
0.776509
0.558766
0.141657
0.313927
0.744071
0.303761
0.730014
0.792911
0.784499
0.780708
0.379935
0.066064
0.690831
0.558125
0.040584
0.022727
0.088008
0.703786
0.75847
0.537717
0.659671
0.662336
0.482098
0.335564
0.351464
0.111237
0.609464
0.621976
0.908347
0.652522
0.06951
0.053691
0.221775
0.470078
0.633313
0.518875
0.880374
0.429351
0.697383
0.735095
0.882941
0.069634
0.94358
0.804622
0.080076
0.154639
0.956992
0.254154
0.653088
0.625503
0.966763
0.329222
0.362897
0.264291
0.224395
0.256179
0.082564
0.006468
0.766801
0.933242
0.910822
0.022311
0.898922
0.180316
0.232267
0.063667
0.679975
0.62404
0.635088
0.742768
0.50826
0.794878
0.491906
0.823146
0.484659
0.531595
0.074139
0.191061
0.858852
0.75748
0.127368
0.383008
0.555647
0.975098
0.86025
0.154961
0.281384
0.4991
0.677213
0.817501
0.78234
0.036795
0.513234
0.605635
0.685273
0.829763
0.604508
0.265503
0.222703
0.448157
0.208455
0.561721
0.07398
0.297073
0.596037
0.596756
0.551316
0.362176
0.253159
0.826851
0.559433
0.658926
0.160873
0.334586
0.65057
0.684122
0.437636
0.498139
0.255884
0.8148
0.629677
0.436009
0.8116
0.726128
0.550761
0.3473
0.846432
0.052516
0.820025
0.440797
0.836072
0.527668
0.999518
0.628218
0.549337
0.67397
0.865183
0.708875
0.531905
0.753054
0.871253
0.12537
0.106977
0.398801
0.865923
0.569463
0.959441
0.526864
0.713535
0.167699
0.483551
0.295513
0.600825
0.078386
0.126839
0.362149
0.025694
0.886685
0.476096
0.018785
0.59008
0.928739
0.379012
0.007583
0.509414
0.150228
0.26165
0.949901
0.645679
0.569209
0.036778
0.065598
0.134216
0.496127
0.298801
0.349667
0.96633
0.300457
0.748529
0.874783
0.229677
0.462411
0.215595
0.204137
0.241388
0.735331
0.026796
0.113272
0.700238
0.461637
0.807846
0.796124
0.340882
0.487728
0.642955
0.550486
0.5279
0.159959
0.43644
0.194935
0.087942
0.309046
0.733224
0.982871
0.648957
0.265732
0.411791
0.785639
0.532677
0.168539
0.670742
0.566756
0.717952
0.943187
0.199347
0.260882
0.462827
0.538395
0.28528
0.812022
0.625076
0.657685
0.131218
0.063038
0.971999
0.683346
0.746514
0.723923
0.559757
0.690653
0.083726
0.628655
0.288325
0.471728
0.795772
0.352033
0.151578
0.339236
0.970973
0.201626
0.848748
0.344154
0.15208
0.559
0.532886
0.81106
0.107693
0.391988
0.346571
0.296299
0.404209
0.759144
0.92546
0.768339
0.528105
0.980009
0.877222
0.329227
0.101697
0.705102
0.06696
0.28053
0.994056
0.838284
0.847285
0.61557
0.480153
0.499399
0.71894
0.458559
0.738721
0.443535
0.27363
0.244924
0.185353
0.311725
0.811563
0.692983
0.259902
0.11113
0.849876
0.451429
0.315376
0.766541
0.999139
0.580285
0.205805
0.749418
0.290864
0.020999
0.401137
0.345545
0.002209
0.424453
0.213213
0.76253
0.313179
0.149467
0.542856
0.999698
0.224396
0.906406
0.712545
0.375389
0.683472
0.013333
0.578779
0.389028
0.117131
0.314923
0.945672
0.624298
0.773189
0.953769
0.612295
0.422314
0.626625
0.777334
0.535024
0.935045
0.993464
0.151313
0.353269
0.240209
0.79935
0.981114
0.053335
0.414553
0.163929
0.550948
0.959587
0.291944
0.331042
0.14825
0.637806
0.29529
0.099579
0.208007
0.631875
0.344628
0.31569
0.85203
0.201204
0.663467
0.281376
0.913179
0.025205
0.095202
0.938158
0.861796
0.236229
0.980646
0.414447
0.252117
0.999053
0.732797
0.563203
0.658247
0.785689
0.953707
0.321365
0.169213
0.199737
0.531342
0.802793
0.888074
0.41414
0.764483
0.390616
0.260708
0.375171
0.353585
0.737368
0.513253
0.666948
0.829324
0.705656
0.343212
0.337705
0.592367
0.752726
0.930884
0.978778
0.898782
0.406638
0.559533
0.303469
0.049636
0.833046
0.213229
0.609415
0.648893
0.350088
0.532879
0.351879
0.332817
0.657052
0.216799
0.509867
0.581119
0.916822
0.75174
0.165288
0.784914
0.878121
0.029491
0.585939
0.776032
0.166644
0.791349
0.953957
0.477043
0.55431
0.891481
0.342411
0.052257
0.697907
0.337688
0.953917
0.515505
0.036699
0.777903
0.396338
0.216352
0.568231
0.400594
0.99324
0.775727
0.226081
0.846716
0.104391
0.986758
0.25745
0.33616
0.04159
0.612917
0.558757
0.057382
0.512124
0.225968
0.013703
0.171864
0.505414
0.34617
0.089764
0.264635
0.368542
0.944997
0.377608
0.220976
0.160365
0.760099
0.18452
0.183074
0.046353
0.445206
0.720427
0.692123
0.982086
0.112781
0.132684
0.925627
0.061244
0.681244
0.71502
0.506559
0.071644
0.199865
0.183895
0.307686
0.879541
0.275123
0.854497
0.094888
0.192951
0.913061
0.017065
0.611975
0.734257
0.737788
0.664341
0.131241
0.322911
0.842445
0.215931
0.959716
0.739968
0.029047
0.916338
0.501651
1e-06
0.990292
0.104918
0.192106
0.867714
0.840823
0.736495
0.719173
0.007022
0.837912
0.064664
0.386923
0.851347
0.748079
0.41941
0.119983
0.752103
0.323292
0.382407
0.217044
0.674611
0.993252
0.42089
0.168905
0.122575
0.16003
0.685448
0.183974
0.584854
0.613514
0.142242
0.79579
0.715163
0.748919
0.962801
0.840392
0.781138
0.323984
0.099024
0.967322
0.293339
0.620244
0.288129
0.125168
0.504339
0.505066
0.911092
0.044544
0.692281
0.319151
0.388467
0.250272
0.982475
0.842363
0.414075
0.151471
0.878637
0.738328
0.19734
0.039719
0.149342
0.283131
0.907101
0.5039
0.805795
0.151185
0.452434
0.252411
0.45069
0.598225
0.471477
0.440242
0.836694
0.539888
0.778864
0.092718
0.281548
0.291057
0.292081
0.105462
0.692596
0.69918
0.021377
0.292092
0.711654
0.203885
0.800121
0.028776
0.229102
0.795635
0.145846
0.37273
0.800692
0.236815
0.402306
0.090595
0.7938
0.891308
0.018906
0.224646
0.753744
0.979436
0.278336
0.702808
0.667524
0.389919
0.798256
0.265957
0.715319
0.910805
0.943451
0.40616
0.807959
0.756795
0.324235
0.116218
0.792207
0.077516
0.059478
0.858574
0.657569
0.203486
0.130767
0.815466
0.860314
0.589265
0.798215
0.15955
0.305243
0.485589
0.050589
0.086145
0.951946
0.318557
0.692475
0.793207
0.337131
0.417548
0.268801
0.810661
0.94879
0.197873
0.574398
0.223796
0.169197
0.569035
0.880463
0.038583
0.058877
0.202016
0.160526
0.143127
0.303396
0.680711
0.692935
0.975031
0.115402
0.403601
0.171269
0.947689
0.889172
0.101032
0.799909
0.186632
0.224717
0.263779
0.630011
0.906767
0.35971
0.021918
0.146391
0.142751
0.211665
0.342973
0.059368
0.827692
0.496428
0.667405
0.234594
0.635499
0.715521
0.355392
0.58614
0.453394
0.021001
0.711981
0.130064
0.451852
0.242826
0.476335
0.849936
0.860168
0.017116
0.500706
0.346944
0.46112
0.974778
0.671369
0.69831
0.218999
0.360414
0.51444
0.218234
0.208257
0.276596
0.588819
0.245746
0.037609
0.636238
0.655139
0.070325
0.112126
0.919842
0.126539
0.127941
0.108736
0.480675
0.153362
0.908151
0.220108
0.502899
0.81775
0.661041
0.955914
0.029959
0.73227
0.839074
0.307367
0.853238
0.357737
0.334193
0.204238
0.28135
0.205762
0.640299
0.908075
0.87894
0.437358
0.149089
0.928504
0.924025
0.73774
0.465511
0.939652
0.077524
0.087872
0.382701
0.696613
0.678583
0.505634
0.048499
0.277125
0.911933
0.791596
0.565376
0.799384
0.482368
0.625677
0.217983
0.919016
0.184524
0.067856
0.059194
0.989838
0.748159
0.049444
0.764908
0.100576
0.431152
0.015895
0.348304
0.245339
0.298159
0.980753
0.303476
0.531848
0.639713
0.272382
0.345288
0.815106
0.93687
0.98094
0.085339
0.383247
0.99953
0.502097
0.396826
0.416381
0.423179
0.570525
0.600398
0.692056
0.802467
0.741452
0.573243
0.265087
0.913295
0.551574
0.732381
0.00339
0.786297
0.739455
0.325185
0.336534
0.012202
0.57137
0.629313
0.138757
0.538186
0.62095
0.153147
0.255806
0.738019
0.069271
0.564105
0.597154
0.619117
0.72113
0.502581
0.660418
0.433574
0.08753
0.719524
0.93752
0.143774
0.865939
0.12291
0.712556
0.40659
0.094186
0.036813
0.00203
0.624471
0.896993
0.923971
0.646132
0.759972
0.75373
0.097379
0.089203
0.489965
0.433875
0.699895
0.801162
0.934587
0.264042
0.679041
0.77621
0.952584
0.706291
0.626583
0.774002
0.64733
0.3992
0.909751
0.126619
0.692252
0.372174
0.155575
0.576725
0.394812
0.395137
0.822414
0.101553
0.117577
0.734451
0.859154
0.858362
0.722513
0.156314
0.648697
0.80869
0.851774
0.791831
0.337266
0.89687
0.186544
0.940567
0.601432
0.952951
0.876684
0.413394
0.264306
0.892804
0.530152
0.466095
0.311549
0.80461
0.354028
0.018308
0.983603
0.65065
0.263955
0.559519
0.11095
0.883652
0.189335
0.065798
0.306045
0.89697
0.899727
0.303448
0.509161
0.487931
0.65517
0.403679
0.423651
0.62403
0.005869
0.43551
0.88693
0.676725
0.99784
0.32436
0.445754
0.362798
0.892211
0.124193
0.926617
0.827026
0.664711
0.401108
0.27602
0.840427
0.271032
0.632878
0.552762
0.56
0.837854
0.651336
0.949374
0.971498
0.597009
0.226844
0.897036
0.009263
0.756953
0.119333
0.895231
0.266725
0.441372
0.377558
0.17897
0.713502
0.126551
0.753921
0.552315
0.300297
0.318459
0.413634
0.510052
0.026604
0.327141
0.371647
0.176679
0.960296
0.906141
0.138804
0.86245
0.024311
0.2679
0.816355
0.256088
0.787704
0.978792
0.2507
0.077051
0.188176
0.36962
0.277482
0.583812
0.418807
0.976579
0.113861
0.950608
0.607132
0.89032
0.095245
0.372828
0.357321
0.794953
0.611252
0.613988
0.727741
0.033346
0.746141
0.363294
0.522316
0.168747
0.460756
0.773174
0.21412
0.65451
0.420161
0.042007
0.502738
0.03961
0.263925
0.474066
0.603196
0.131019
0.096206
0.587704
0.943144
0.524239
0.945929
0.599121
0.255696
0.527416
0.302642
0.744678
0.508077
0.198434
0.022723
0.771428
0.347248
0.092048
0.445653
0.565101
0.211682
0.807634
0.703748
0.512328
0.696602
0.17929
0.961426
0.525261
0.738985
0.639524
0.137332
0.552939
0.027135
0.952378
0.808561
0.810405
0.795892
0.983715
0.622439
0.924921
0.338649
0.685737
0.008675
0.994448
0.897228
0.273353
0.45279
0.754316
0.904371
0.810801
0.174886
0.551192
0.112991
0.972663
0.10341
0.31643
0.733936
0.679285
0.600239
0.16821
0.542064
0.117663
0.899996
0.520185
0.015173
0.130514
0.1218
0.437218
0.533421
0.664944
0.469236
0.032226
0.138585
0.600983
0.069461
0.771049
0.131612
0.182514
0.526547
0.375594
0.652116
0.534638
0.248813
0.322543
0.404308
0.712662
0.461546
0.068162
0.554892
0.927945
0.737337
0.424863
0.703095
0.344388
0.115302
0.38757
0.595152
0.314058
0.039502
0.367704
0.006693
0.497762
0.359325
0.771849
0.890381
0.954213
0.573275
0.468923
0.211196
0.517529
0.001191
0.159592
0.968008
0.033582
0.512933
0.67154
0.714256
0.961963
0.594177
0.835203
0.362154
0.964921
0.599478
0.106659
0.705896
0.882374
0.429521
0.380455
0.679774
0.155688
0.089414
0.681146
0.318654
0.958398
0.633536
0.079595
0.11852
0.694149
0.406199
0.011306
0.572309
0.880588
0.804109
0.785007
0.332368
0.366994
0.629319
0.966522
0.351292
0.14537
0.417513
0.002872
0.135305
0.516695
0.265225
0.223986
0.960529
0.503059
0.559725
0.812316
0.160997
0.645598
0.356856
0.837447
0.443398
0.580959
0.291368
0.852256
0.809291
0.354366
0.502372
0.995415
0.919151
0.034027
0.010819
0.980649
0.649203
0.72191
0.106329
0.687254
0.883397
0.74703
0.234584
0.194814
0.229758
0.206084
0.554577
0.589192
0.826952
0.729324
0.693608
0.641391
0.656101
0.261259
0.245535
0.350745
0.438699
0.705592
0.34161
0.725514
0.252378
0.931834
0.851276
0.992243
0.216734
0.922208
0.22406
0.04184
0.629637
0.565898
0.471241
0.671117
0.825315
0.794642
0.996966
0.988364
0.799794
0.535126
0.078028
0.143473
0.028817
0.622321
0.667654
0.841465
0.397246
0.374776
0.329131
0.897615
0.462654
0.815539
0.304291
0.363323
0.519765
0.552743
0.391975
0.482865
0.715405
0.220688
0.098843
0.643003
0.175259
0.104083
0.140522
0.722756
0.477455
0.205799
0.95746
0.156954
0.107001
0.281714
0.011466
0.653047
0.250284
0.918696
0.61199
0.823494
0.156529
0.74684
0.942894
0.439284
0.124335
0.452553
0.474435
0.890138
0.277321
0.597344
0.238505
0.09707
0.558538
0.171487
0.118688
0.805861
0.975692
0.271836
0.766799
0.928934
0.750064
0.037012
0.381596
0.32385
0.120349
0.283712
0.539259
0.526987
0.414018
0.72961
0.879738
0.079793
0.18035
0.165368
0.056174
0.394349
0.01524
0.372312
0.499791
0.965039
0.367364
0.755927
0.424592
0.342766
0.541566
0.6371
0.939346
0.263722
0.213775
0.238237
0.447925
0.048661
0.498382
0.627408
0.474512
0.187848
0.473626
0.004189
0.580437
0.421442
0.801932
0.198989
0.610518
0.641329
0.466874
0.466394
0.889807
0.435663
0.447488
0.687
0.267163
0.915496
0.833342
0.068437
0.88436
0.956193
0.44221
0.467236
0.03057
0.768434
0.732852
0.499144
0.237954
0.428038
0.031382
0.664728
0.270188
0.961163
0.923296
0.619468
0.110073
0.114355
0.511326
0.523263
0.152666
0.592767
0.127034
0.336649
0.99542
0.63448
0.1497
0.05337
0.253415
0.950836
0.611237
0.718129
0.362877
0.594898
0.204661
0.923679
0.117826
0.263038
0.727329
0.863623
0.024886
0.324743
0.801782
0.445658
0.884418
0.960355
0.105953
0.443631
0.138994
0.025102
0.489988
0.191689
0.969833
0.17831
0.381721
0.052284
0.659012
0.67647
0.015523
0.68541
0.439522
0.601378
0.494586
0.941129
0.273697
0.949819
0.625108
0.180164
0.394223
0.845236
0.659707
0.909586
0.210699
0.919973
0.938609
0.26107
0.190346
0.039103
0.456975
0.696744
0.388424
0.739466
0.698721
0.193069
0.917629
0.397207
0.473583
0.538477
0.505289
0.99773
0.495207
0.509499
0.097487
0.619574
0.251575
0.798713
0.433897
0.433732
0.447135
0.827942
0.057021
0.829114
0.500212
0.075378
0.97225
0.296337
0.97361
0.831353
0.765062
0.743631
0.596792
0.32703
0.714148
0.180256
0.504394
0.574076
0.533471
0.427942
0.591667
0.343253
0.503622
0.115191
0.672599
0.610792
0.737692
0.418169
0.547798
0.951279
0.711591
0.385655
0.957927
0.084922
0.788461
0.037933
0.466586
0.586494
0.614541
0.561372
0.91586
0.977653
0.67512
0.183954
0.571166
0.335018
0.857412
0.775873
0.716741
0.012501
0.906422
0.075297
0.960571
0.013552
0.708596
0.601459
0.540713
0.899286
0.86087
0.619553
0.464281
0.54464
0.765648
0.237497
0.534941
0.162437
0.51203
0.687734
0.93232
0.177351
0.369809
0.950885
0.849101
0.324643
0.758273
0.133788
0.006715
0.886786
0.96642
0.805973
0.466786
0.280433
0.552543
0.519658
0.259751
0.387453
0.178945
0.381969
0.979947
0.746284
0.163265
0.905083
0.701324
0.782474
0.821009
0.328681
0.917722
0.187579
0.733476
0.490154
0.078857
0.759281
0.701529
0.532891
0.981755
0.012494
0.508675
0.48362
0.64604
0.173223
0.887806
0.294832
0.841969
0.784285
0.685427
0.690811
0.046194
0.302998
0.940974
0.299683
0.693519
0.420479
0.940794
0.917429
0.493091
0.929266
0.83876
0.934817
0.779417
0.518844
0.730493
0.313434
0.442302
0.134733
0.479902
0.332197
0.723574
0.381381
0.053261
0.660442
0.028937