1024 2
0
121
345
1
337
498
2
105
210
3
319
821
4
632
730
5
550
831
6
353
890
7
154
817
8
993
1008
9
298
930
10
233
1002
11
26
396
12
327
901
13
461
724
14
209
567
15
531
758
16
225
410
17
94
116
18
48
319
19
453
750
20
712
921
21
42
158
22
510
949
23
452
907
24
623
729
25
593
829
26
919
935
27
253
295
28
48
585
29
201
447
30
150
544
31
103
446
32
491
970
33
260
510
34
304
912
35
204
434
36
523
1007
37
181
244
3
38
186
39
693
820
40
548
617
26
41
324
42
591
796
32
43
522
44
337
737
45
132
662
19
46
144
47
475
479
48
970
1016
21
49
667
50
280
641
51
97
740
52
493
566
53
176
344
54
81
802
55
382
916
56
595
976
57
755
908
58
102
911
59
161
682
60
709
784
61
475
932
62
722
827
63
68
458
64
293
482
65
564
628
66
699
903
67
161
494
68
219
723
69
162
988
70
419
728
8
71
102
48
72
697
22
73
883
74
145
437
75
287
997
76
182
909
77
101
959
78
772
933
79
294
920
80
350
1016
81
809
863
82
116
890
83
323
443
84
232
988
48
85
927
86
525
824
87
839
972
3
88
727
89
622
718
90
141
289
45
83
91
92
589
809
93
457
574
94
567
673
95
778
976
96
460
1012
97
116
783
91
98
970
99
269
890
100
116
743
101
338
968
102
919
1012
103
562
980
104
488
1023
105
648
802
106
144
759
75
107
823
108
290
527
109
220
557
110
240
435
111
506
659
61
112
694
113
497
635
114
475
677
111
115
878
83
116
468
117
149
891
118
679
728
119
591
694
120
418
773
121
723
752
122
132
560
123
323
451
124
371
605
125
560
943
104
126
979
68
127
562
128
199
528
129
664
952
130
332
436
32
131
796
60
132
141
133
221
603
73
134
420
135
517
531
113
136
653
137
433
494
138
745
778
139
912
951
94
140
277
96
141
411
64
142
738
143
433
441
144
798
898
104
145
589
146
234
865
147
360
505
148
412
617
149
381
647
119
150
773
18
91
151
152
238
840
153
308
748
40
154
473
155
409
662
156
365
777
157
750
759
158
696
724
85
159
337
108
160
617
161
184
366
162
539
678
162
163
242
164
222
578
119
165
740
166
401
1000
167
178
994
116
168
804
111
169
317
6
170
570
171
220
608
78
172
388
173
259
486
174
567
863
175
562
796
176
537
588
177
268
839
89
178
865
91
179
265
180
665
978
181
807
889
182
797
801
54
183
858
178
184
520
133
185
356
24
186
303
187
495
567
188
815
900
189
581
957
190
418
554
191
787
878
26
192
490
193
469
783
194
270
580
195
710
1019
13
156
196
197
241
568
198
604
777
45
199
664
16
200
433
201
618
714
57
202
952
13
203
542
204
639
865
205
620
960
107
206
418
207
377
707
208
228
504
111
209
587
210
868
1010
33
211
447
212
430
799
213
444
851
214
406
656
215
441
607
216
485
902
217
800
840
218
267
484
219
499
709
220
349
625
91
221
702
101
222
743
223
658
672
224
356
754
185
225
709
170
226
442
213
227
304
174
228
292
148
229
291
92
230
710
231
254
360
232
638
966
77
233
643
54
234
722
235
529
779
236
340
724
131
170
237
238
531
681
201
239
464
240
484
585
241
608
812
27
242
309
243
309
714
244
333
1008
245
269
752
35
246
715
188
232
247
248
700
877
249
654
841
114
129
250
251
372
920
233
252
322
253
254
607
60
254
919
255
299
576
256
472
856
116
257
807
258
542
821
155
259
1020
72
260
792
135
261
675
262
565
1002
263
344
555
264
772
795
211
265
913
266
442
858
34
66
267
268
352
625
269
356
430
270
441
480
271
402
647
213
272
920
273
364
402
274
326
801
241
275
313
276
701
838
50
93
277
278
610
614
279
327
927
280
733
941
281
840
986
211
282
667
125
215
283
284
431
656
285
323
903
7
286
525
281
287
942
288
505
655
289
681
718
251
257
290
159
291
353
78
292
718
293
569
665
294
477
689
295
738
928
146
296
1005
49
297
757
151
298
363
299
518
991
300
859
912
201
251
301
134
302
627
303
543
665
212
272
304
305
472
969
155
180
306
7
307
488
233
308
810
309
665
669
310
638
946
311
343
594
79
197
312
313
546
902
314
478
607
79
315
863
316
461
932
147
317
792
310
318
975
103
319
416
320
459
603
321
736
840
134
322
887
296
323
472
150
324
981
187
325
984
326
514
797
327
875
896
328
438
960
329
588
841
330
459
790
331
362
891
7
332
874
333
575
993
282
334
414
335
468
990
32
336
384
337
374
564
285
338
598
339
588
740
76
340
396
341
733
875
134
312
342
231
237
343
199
344
930
151
345
621
346
514
850
347
425
977
348
544
549
234
349
453
202
350
471
351
468
663
197
217
352
36
353
720
270
354
849
296
355
537
356
418
487
101
357
979
358
476
702
29
182
359
360
710
839
165
361
537
165
362
458
363
642
831
330
364
502
43
365
792
366
380
986
367
525
805
174
336
368
170
369
806
288
370
483
127
371
525
372
612
986
373
412
468
374
398
710
375
455
994
376
444
934
114
377
541
296
378
384
379
658
1015
190
380
940
381
454
623
250
382
892
138
383
527
384
830
931
385
438
849
386
488
538
16
387
441
101
388
603
20
144
389
390
730
868
211
347
391
263
392
962
393
809
998
391
394
457
395
507
785
139
396
865
296
397
621
398
867
1014
12
399
722
92
400
999
292
401
647
402
472
945
112
128
403
117
404
634
165
339
405
103
282
406
407
790
793
408
502
654
83
409
997
410
675
725
183
411
617
314
412
831
413
640
727
121
414
582
275
415
470
416
531
662
164
417
936
48
192
418
151
419
425
420
656
904
317
421
1008
113
422
500
373
413
423
142
424
721
342
425
808
368
426
720
78
279
427
280
428
575
394
429
474
287
430
702
22
125
431
19
44
432
433
736
874
434
461
910
435
767
955
70
436
500
437
615
645
234
438
521
324
439
622
151
371
440
441
821
923
255
442
894
316
443
602
444
594
982
445
514
701
116
446
971
406
447
852
247
448
887
141
187
449
353
450
874
224
270
451
117
429
452
453
709
804
306
454
841
316
455
1012
108
456
616
100
457
901
458
553
823
459
720
884
102
460
1006
315
461
999
149
462
963
156
463
955
64
464
563
318
357
465
223
466
945
467
520
669
64
468
704
19
363
469
372
470
537
218
428
471
277
472
750
10
473
504
474
610
1023
402
475
695
180
476
602
477
532
955
478
739
922
479
773
865
480
554
955
245
481
945
448
482
596
214
483
850
484
850
950
485
590
688
117
486
999
355
482
487
431
487
488
114
489
818
122
490
549
491
668
936
345
492
575
247
493
822
340
494
879
299
441
495
139
496
772
14
497
506
103
443
498
357
499
864
500
923
1021
53
501
517
90
307
502
28
503
512
56
359
504
256
505
589
5
347
506
179
507
837
9
195
508
486
509
696
77
510
819
59
340
511
164
490
512
454
513
820
109
117
514
118
515
578
217
318
516
26
397
517
327
518
663
163
206
519
17
230
520
521
598
747
194
483
522
417
523
582
37
524
618
34
426
525
42
526
988
454
527
913
335
368
528
529
859
1011
364
530
751
230
531
864
59
66
532
374
415
533
534
677
926
115
535
647
536
577
833
84
537
593
538
664
1007
433
539
699
396
511
540
541
816
871
542
644
775
38
543
597
62
544
808
272
545
790
146
178
546
14
547
737
230
548
684
157
549
739
201
363
550
126
344
551
429
552
648
266
553
570
42
554
883
13
533
555
126
480
556
294
557
845
232
558
797
221
230
559
416
560
788
2
561
730
372
421
562
32
78
563
128
564
744
565
722
840
150
457
566
61
567
821
374
568
953
508
569
677
143
564
570
564
571
938
524
572
775
573
816
952
456
504
574
157
575
611
576
588
607
295
577
920
578
662
859
579
675
757
166
468
580
188
551
581
545
582
677
554
558
583
584
627
991
567
568
585
182
586
911
343
587
604
159
588
963
57
589
722
408
465
590
246
340
591
583
592
675
61
278
593
365
594
819
132
595
677
596
725
899
597
718
955
531
598
854
83
106
599
600
679
831
601
661
700
284
350
602
603
652
987
568
604
830
377
605
842
89
606
843
221
607
617
269
608
768
391
484
609
207
610
863
14
242
611
22
612
755
226
441
613
168
209
614
234
615
904
458
616
817
617
813
844
589
618
722
234
619
908
290
494
620
621
849
901
306
622
625
623
634
983
30
569
624
224
353
625
369
626
884
109
627
923
149
540
628
27
438
629
192
630
632
180
631
857
417
603
632
633
712
907
576
634
819
23
385
635
506
559
636
406
532
637
359
415
638
57
351
639
640
661
802
593
617
641
638
642
977
417
602
643
644
792
867
34
521
645
49
484
646
2
204
647
647
648
967
65
649
892
496
650
794
57
458
651
652
758
929
154
289
653
278
590
654
626
655
666
186
586
656
657
744
1021
223
280
658
33
80
659
64
431
660
559
661
694
596
662
985
580
663
956
297
442
664
356
381
665
346
529
666
161
449
667
426
657
668
148
324
669
48
666
670
671
746
859
566
672
703
673
742
1010
136
674
818
107
675
1008
610
676
983
150
677
704
335
678
907
403
679
945
173
680
720
125
588
681
682
815
868
447
683
691
17
455
684
126
685
837
238
510
686
77
426
687
688
748
1012
110
407
689
331
568
690
506
691
714
585
692
796
186
479
693
694
935
959
506
526
695
572
696
924
341
697
885
591
698
999
240
325
699
469
608
700
50
701
929
61
82
702
496
703
706
209
627
704
20
404
705
152
607
706
408
707
797
603
708
884
276
341
709
609
710
744
70
711
834
494
712
732
233
462
713
223
714
811
157
715
1003
387
414
716
717
943
1020
268
681
718
196
227
719
73
720
920
407
581
721
329
671
722
471
723
973
97
111
724
82
274
725
120
272
726
84
214
727
101
160
728
211
471
729
563
692
730
115
589
731
398
732
859
33
733
899
154
734
947
631
735
741
679
736
950
99
528
737
738
954
974
290
334
739
188
740
882
187
708
741
362
475
742
743
752
879
64
302
744
686
745
953
368
746
840
246
747
842
112
748
872
370
580
749
254
750
873
514
643
751
0
21
752
347
713
753
754
777
870
57
191
755
87
693
756
283
757
883
32
97
758
759
811
989
752
760
948
683
761
919
191
713
762
224
660
763
271
307
764
72
410
765
617
766
821
529
654
767
246
768
779
769
809
1003
181
569
770
495
587
771
131
160
772
9
727
773
330
542
774
407
775
904
154
317
776
468
736
777
447
495
778
170
682
779
351
745
780
31
77
781
177
234
782
595
677
783
43
784
933
40
343
785
167
318
786
667
787
987
135
173
788
658
789
986
778
790
893
788
791
799
242
792
931
302
327
793
373
794
938
232
795
996
191
299
796
163
797
833
289
764
798
71
596
799
29
117
800
801
857
956
4
389
802
498
560
803
336
804
956
131
805
928
71
442
806
733
764
807
593
808
999
381
512
809
427
810
894
106
597
811
28
609
812
372
813
907
343
599
814
200
257
815
218
408
816
242
551
817
520
562
818
185
458
819
376
618
820
283
572
821
325
822
996
713
823
994
430
777
824
271
321
825
219
755
826
202
755
827
524
828
849
178
641
829
489
528
830
733
758
831
382
531
832
124
564
833
474
834
920
771
775
835
723
836
999
681
837
851
158
180
838
721
792
839
561
611
840
130
841
853
356
699
842
67
508
843
298
655
844
147
777
845
535
683
846
65
847
903
647
838
848
277
849
927
174
224
850
848
851
920
137
820
852
137
541
853
366
660
854
346
855
866
735
856
985
574
830
857
357
467
858
98
141
859
72
346
860
14
498
861
238
455
862
636
767
863
374
738
864
232
739
865
186
527
866
87
508
867
82
418
868
21
376
869
601
678
870
27
556
871
245
824
872
421
767
873
575
697
874
251
307
875
726
875
876
445
777
877
508
859
878
138
259
879
47
857
880
867
881
970
147
189
882
741
883
919
253
274
884
19
609
885
112
761
886
242
613
887
272
276
888
359
819
889
839
862
890
615
784
891
346
824
892
115
893
975
115
391
894
433
895
943
387
619
896
561
738
897
481
898
945
508
555
899
634
897
900
447
864
901
391
496
902
860
903
988
167
433
904
531
905
917
351
532
906
285
883
907
505
625
908
607
650
909
105
413
910
44
46
911
203
384
912
385
564
913
45
153
914
768
780
915
140
188
916
688
839
917
85
783
918
566
756
919
537
625
920
253
801
921
778
922
968
539
788
923
579
820
924
122
922
925
550
926
980
452
664
927
582
826
928
2
44
929
258
843
930
657
845
931
77
376
932
120
933
988
505
785
934
167
274
935
40
300
936
443
487
937
84
814
938
210
531
939
873
940
995
388
468
941
325
415
942
102
943
944
403
801
944
139
734
945
190
499
946
733
944
947
228
680
948
109
809
949
30
642
950
223
359
951
76
629
952
226
597
953
387
526
954
239
395
955
73
216
956
147
716
957
413
900
958
294
434
959
627
849
960
120
330
961
242
850
962
551
689
963
280
405
964
493
811
965
950
966
993
697
879
967
74
827
968
165
716
969
52
693
970
115
534
971
77
184
972
19
280
973
218
591
974
12
92
975
36
550
976
471
577
977
896
970
978
58
112
979
5
537
980
215
340
981
392
921
982
517
765
983
292
381
984
414
581
985
194
613
986
533
608
987
437
652
988
288
465
989
642
863
990
367
649
991
29
842
992
459
620
993
375
609
994
26
953
995
415
895
996
221
981
997
874
974
998
331
936
999
128
589
1000
398
835
1001
378
649
1002
86
782
1003
166
225
1004
38
738
1005
298
589
1006
275
894
1007
462
520
1008
269
339
1009
211
539
1010
86
534
1011
214
844
1012
609
801
1013
237
777
1014
116
514
1015
401
689
1016
46
494
1017
20
481
1018
338
678
1019
92
160
1020
690
938
1021
126
531
1022
511
634
1023
0.712246
0.606975
0.305035
0.420099
0.984142
0.034608
0.132424
0.364365
0.331124
0.112557
0.091993
0.662811
0.518768
0.768833
0.605854
0.37005
0.253703
0.623312
0.496805
0.187632
0.213126
0.287505
0.385112
0.211597
0.451751
0.771417
0.366581
0.824939
0.991289
0.850751
0.236449
0.701578
0.551573
0.140978
0.552857
0.885122
0.813521
0.055855
0.063841
0.955757
0.938441
0.954896
0.321232
0.857743
0.69407
0.686621
0.50958
0.083189
0.134684
0.57767
0.259461
0.392213
0.631773
0.449293
0.942654
0.878824
0.324045
0.225153
0.765411
0.815132
0.727927
0.956222
0.537769
0.142713
0.128495
0.634651
0.149865
0.473666
0.368964
0.677697
0.51969
0.81709
0.223736
0.885186
0.610362
0.913547
0.349857
0.932216
0.572374
0.526968
0.891899
0.412734
0.589062
0.168475
0.590252
0.426486
0.921013
0.447395
0.937435
0.703131
0.358935
0.063272
0.361494
0.3339
0.939391
0.710872
0.531376
0.657883
0.261802
0.47087
0.655133
0.46604
0.648803
0.312537
0.788321
0.563054
0.082279
0.543373
0.923089
0.554774
0.102511
0.803332
0.256559
0.157562
0.387241
0.344389
0.658928
0.336877
0.495922
0.145257
0.374329
0.486484
0.846497
0.136185
0.962234
0.222909
0.877359
0.755964
0.184744
0.55301
0.827353
0.979139
0.653298
0.264502
0.715954
0.003059
0.933553
0.056968
0.144416
0.405164
0.809505
0.598959
0.103724
0.01391
0.615141
0.596344
0.366935
0.929469
0.435952
0.628304
0.511789
0.354177
0.27501
0.288694
0.728675
0.945316
0.135161
0.115155
0.33447
0.373716
0.356411
0.281328
0.180848
0.360286
0.155959
0.741063
0.461826
0.964005
0.836469
0.050172
0.083417
0.043645
0.707663
0.541092
0.494386
0.848766
0.552887
0.047735
0.553562
0.756409
0.893982
0.732798
0.031342
0.021278
0.576057
0.660474
0.463443
0.337737
0.391491
0.408265
0.945445
0.726461
0.575692
0.927833
0.37469
0.975596
0.182735
0.608941
0.881217
0.780989
0.248232
0.845495
0.612654
0.966651
0.769138
0.511761
0.65834
0.240055
0.987543
0.683711
0.335202
0.494372
0.452645
0.61597
0.845848
0.882451
0.801623
0.697045
0.121604
0.371199
0.363217
0.569389
0.922076
0.532044
0.989995
0.142764
0.589833
0.596705
0.96992
0.114593
0.365218
0.864412
0.125916
0.647411
0.550342
0.79247
0.051137
0.606764
0.979125
0.692686
0.083068
0.681603
0.093379
0.920281
0.753984
0.228435
0.74019
0.767666
0.876905
0.492553
0.685251
0.956771
0.924476
0.257377
0.20859
0.720226
0.652108
0.806095
0.855887
0.00643
0.719236
0.669762
0.292951
0.371366
0.45532
0.959743
0.367698
0.206641
0.701539
0.646807
0.001144
0.055082
0.003016
0.34294
0.992192
0.413615
0.112648
0.030883
0.786065
0.658497
0.870907
0.85292
0.549273
0.593227
0.169511
0.89576
0.17779
0.356782
0.12281
0.128152
0.183664
0.336168
0.75102
0.650596
0.209967
0.330655
0.729074
0.955905
0.360967
0.514275
0.628618
0.344784
0.778038
0.450057
0.74657
0.593495
0.645157
0.162527
0.797911
0.929854
0.409925
0.710807
0.860739
0.025191
0.649727
0.677506
0.901008
0.681574
0.369085
0.55361
0.279456
0.286426
0.581582
0.933373
0.372412
0.454374
0.100434
0.501545
0.957576
0.73659
0.505896
0.421262
0.858261
0.701116
0.705016
0.979584
0.626291
0.337079
0.132053
0.109406
0.279069
0.992302
0.721813
0.680911
0.549304
0.254455
0.021385
0.239745
0.489366
0.294774
0.222322
0.435986
0.014554
0.220377
0.093457
0.959152
0.355161
0.874314
0.069378
0.367767
0.158948
0.316445
0.916849
0.005821
0.798821
0.332669
0.470251
0.472718
0.704129
0.695298
0.225738
0.308617
0.7349
0.800398
0.863111
0.338392
0.247375
0.966407
0.365106
0.802757
0.554607
0.11985
0.447054
0.596297
0.274754
0.522754
0.148172
0.05627
0.217248
0.945454
0.111307
0.237654
0.161844
0.357894
0.805907
0.016371
0.308681
0.274622
0.737064
0.709451
0.488676
0.46082
0.091089
0.363943
0.836404
0.293562
0.240076
0.167086
0.843351
0.349885
0.333316
0.487393
0.184402
0.782184
0.320402
0.286752
0.57842
0.149796
0.227086
0.437423
0.740618
0.941893
0.512351
0.388698
0.397009
0.340671
0.346949
0.870103
0.136813
0.263486
0.968932
0.259576
0.261302
0.569384
0.414477
0.282691
0.013861
0.115476
0.830785
0.55114
0.333019
0.311751
0.365491
0.446867
0.050353
0.697781
0.375624
0.881894
0.919292
0.76949
0.841467
0.3146
0.484547
0.251645
0.155756
0.482906
0.421715
0.391467
0.17799
0.403069
0.558567
0.274225
0.632648
0.87053
0.228265
0.623776
0.359873
0.943921
0.727413
0.055319
0.814853
0.674128
0.706792
0.161953
0.768941
0.406149
0.893373
0.791753
0.034352
0.778498
0.482363
0.041424
0.601629
0.013695
0.36444
0.436792
0.918835
0.566799
0.768662
0.398666
0.051164
0.539504
0.725316
0.163132
0.370931
0.474865
0.544754
0.945546
0.38851
0.933499
0.40775
0.886857
0.070468
0.224173
0.408119
0.224371
0.310023
0.467364
0.443915
0.308073
0.811549
0.609398
0.60111
0.998717
0.815994
0.713526
0.929145
0.094802
0.83294
0.621075
0.586715
0.665053
0.837283
0.570017
0.183211
0.233625
0.410007
0.517963
0.633889
0.486558
0.473771
0.973454
0.940004
0.592868
0.596816
0.739912
0.55324
0.943376
0.695943
0.602121
0.772769
0.272426
0.970816
0.519281
0.660633
0.12864
0.363973
0.526
0.001769
0.121811
0.548795
0.453787
0.906162
0.654176
0.146493
0.979089
0.665828
0.959716
0.779339
0.885104
0.333151
0.55488
0.25406
0.519083
0.4454
0.667312
0.186847
0.653035
0.336513
0.235532
0.934415
0.293285
0.85207
0.970697
0.573661
0.133646
0.851209
0.096837
0.709293
0.359539
0.56661
0.102992
0.654625
0.54486
0.959948
0.587329
0.282089
0.301895
0.804404
0.865033
0.2987
0.350646
0.088685
0.345514
0.361247
0.236791
0.54243
0.238288
0.067635
0.86544
0.058344
0.047016
0.439001
0.498017
0.72287
0.591105
0.818294
0.201824
0.63272
0.543761
0.839007
0.449012
0.281384
0.751127
0.018839
0.415267
0.489829
0.726078
0.878035
0.633373
0.681866
0.51645
0.172883
0.895744
0.901865
0.467989
0.290325
0.788207
0.680213
0.140659
0.321766
0.248162
0.390079
0.7978
0.384343
0.407103
0.998781
0.567282
0.759603
0.004052
0.097459
0.328434
0.139171
0.904026
0.633772
0.804039
0.918092
0.359904
0.14006
0.911555
0.010859
0.731634
0.901778
0.511986
0.169583
0.083585
0.115998
0.615809
0.897549
0.712938
0.492004
0.914871
0.336278
0.92535
0.619395
0.973879
0.334036
0.350605
0.124359
0.374316
0.593995
0.758491
0.484249
0.721924
0.087391
0.080393
0.410618
0.457462
0.767964
0.033794
0.551275
0.434705
0.881924
0.307642
0.804091
0.081545
0.079453
0.139066
0.568481
0.800119
0.012205
0.054856
0.671661
0.545975
0.387776
0.374106
0.854738
0.00236
0.35843
0.41125
0.901732
0.277713
0.684773
0.392711
0.908762
0.650807
0.443676
0.738543
0.40469
0.239147
0.124745
0.336614
0.020753
0.825394
0.147391
0.829818
0.22979
0.089324
0.091284
0.179828
0.768073
0.298111
0.406208
0.578596
0.388095
0.506419
0.250228
0.7999
0.391605
0.16531
0.80976
0.130826
0.449227
0.820938
0.650879
0.932089
0.352676
0.806021
0.381728
0.135944
0.052947
0.986879
0.828012
0.226484
0.213595
0.886106
0.006644
0.706727
0.728471
0.653939
0.554006
0.247864
0.521777
0.809015
0.213385
0.655113
0.255262
0.83506
0.649537
0.858525
0.584536
0.563002
0.657541
0.904543
0.444042
0.522491
0.485055
0.389415
0.430251
0.212648
0.812942
0.24875
0.764992
0.373678
0.852859
0.870809
0.817844
0.267566
0.933277
0.026591
0.190381
0.839092
0.632109
0.72215
0.483377
0.9815
0.038088
0.868763
0.450372
0.721885
0.85842
0.34287
0.464516
0.400399
0.239616
0.679342
0.588229
0.26736
0.03463
0.202049
0.652585
0.880344
0.335815
0.885905
0.647161
0.1139
0.625898
0.328742
0.81171
0.819015
0.918911
0.362259
0.731341
0.026758
0.758905
0.658391
0.900704
0.098532
0.533938
0.8346
0.051639
0.259056
0.944982
0.280202
0.26942
0.967678
0.823285
0.730638
0.222368
0.871319
0.084313
0.626706
0.951219
0.158798
0.018818
0.270545
0.911563
0.142168
0.811497
0.890067
0.974339
0.561228
0.211809
0.882221
0.180306
0.34079
0.708992
0.739687
0.155842
0.813948
0.250988
0.12212
0.972099
0.992151
0.339281
0.868458
0.386506
0.627726
0.972381
0.619173
0.481721
0.931222
0.993666
0.97495
0.786075
0.672118
0.761602
0.423138
0.72536
0.814725
0.281647
0.435058
0.236898
0.040814
0.820885
0.573369
0.838568
0.761201
0.962004
0.323371
0.267847
0.995792
0.666843
0.770836
0.914422
0.270705
0.918775
0.913695
0.182232
0.622595
0.897705
0.822074
0.134567
0.5512
0.259169
0.282117
0.701387
0.474326
0.509138
0.717322
0.47889
0.395319
0.402457
0.741967
0.686249
0.882577
0.566753
0.959474
0.669262
0.401132
0.681805
0.700845
0.338259
0.036425
0.283819
0.71549
0.843709
0.474914
0.865304
0.634084
0.855405
0.109323
0.341611
0.732025
0.42677
0.12116
0.152445
0.501644
0.414718
0.313652
0.791695
0.337787
0.337514
0.282116
0.049058
0.046036
0.678967
0.397987
0.600238
0.934375
0.868228
0.443126
0.479432
0.943903
0.328986
0.786662
0.984722
0.03853
0.478091
0.532386
0.139116
0.122846
0.641373
0.453723
0.236205
0.464857
0.139514
0.6772
0.46832
0.76785
0.7715
0.178305
0.5801
0.022399
0.905032
0.437337
0.829496
0.946201
0.935672
0.825997
0.782871
0.352115
0.280616
0.927018
0.536631
0.533515
0.305417
0.644072
0.498192
0.946743
0.400034
0.298123
0.343787
0.757332
0.172325
0.291101
0.370682
0.229335
0.773965
0.147728
0.153408
0.738845
0.543963
0.101051
0.95743
0.713925
0.140407
0.738961
0.798943
0.609133
0.246021
0.045176
0.149772
0.347723
0.932352
0.440123
0.186353
0.564777
0.650006
0.317615
0.830229
0.659784
0.984708
0.754313
0.737199
0.802479
0.1976
0.718137
0.664907
0.023673
0.563081
0.351611
0.826693
0.129432
0.271209
0.824716
0.920972
0.10539
0.626942
0.149013
0.570156
0.318459
0.185758
0.303839
0.991367
0.260336
0.923712
0.413553
0.172815
0.770098
0.920663
0.398418
0.932502
0.701223
0.798926
0.535145
0.905174
0.111465
0.887066
0.966998
0.270001
0.007007
0.615821
0.341237
0.380166
0.983438
0.794614
0.214475
0.258993
0.287955
0.884716
0.967534
0.829741
0.42898
0.635334
0.199929
0.958722
0.174058
0.905873
0.675645
0.745926
0.585512
0.946224
0.077265
0.875178
0.908704
0.486548
0.380212
0.075907
0.908296
0.771814
0.119045
0.791141
0.12259
0.905068
0.324795
0.399669
0.159781
0.721251
0.462648
0.384611
0.836378
0.962726
0.134685
0.654707
0.36728
0.565535
0.206574
0.780617
0.496445
0.681087
0.165467
0.962612
0.815219
0.510707
0.24162
0.064061
0.480658
0.895044
0.251444
0.764511
0.524904
0.185212
0.089092
0.502706
0.856893
0.694483
0.034047
0.051543
0.00032
0.937107
0.052539
0.100264
0.891085
0.796774
0.802308
0.072698
0.543208
0.291467
0.928062
0.833424
0.124356
0.708907
0.267387
0.01477
0.342033
0.93594
0.684769
0.243723
0.527979
0.528072
0.004367
0.174741
0.92599
0.937233
0.993318
0.368814
0.100762
0.301928
0.708637
0.922993
0.409983
0.081281
0.121166
0.943214
0.783615
0.586949
0.322248
0.893703
0.166439
0.568775
0.176518
0.362537
0.842824
0.337488
0.213044
0.81033
0.843013
0.305642
0.741008
0.558994
0.82448
0.784878
0.101063
0.488813
0.513189
0.776489
0.410405
0.093131
0.252497
0.187955
0.588988
0.689873
0.930805
0.587635
0.741679
0.329049
0.470385
0.534561
0.848175
0.407081
0.720848
0.421076
0.222478
0.252324
0.99903
0.896723
0.107
0.996398
0.257138
0.394595
0.829752
0.685498
0.374647
0.060001
0.468995
0.258558
0.771409
0.850986
0.012585
0.017223
0.893279
0.490433
0.515946
0.020219
0.497466
0.673899
0.212629
0.3574
0.274844
0.725141
0.670617
0.5017
0.471722
0.237513
0.962563
0.354023
0.775832
0.953677
0.162324
0.730821
0.865105
0.581277
0.334
0.009907
0.997055
0.178956
0.024555
0.847004
0.926868
0.362783
0.932619
0.592456
0.45168
0.691324
0.232646
0.484896
0.264595
0.988546
0.889241
0.855772
0.511197
0.939279
0.370821
0.807659
0.812005
0.021172
0.437669
0.486571
0.27464
0.486537
0.567374
0.261292
0.193478
0.442403
0.875264
0.902808
0.924856
0.075448
0.072621
0.239545
0.495056
0.404677
0.692693
0.685478
0.377499
0.318383
0.969541
0.065668
0.966776
0.927426
0.868951
0.365222
0.91103
0.105564
0.584638
0.549529
0.090807
0.42964
0.404302
0.991543
0.731769
0.774929
0.274421
0.951445
0.155668
0.367866
0.060454
0.786422
0.334668
0.212262
0.474087
0.856987
0.235943
0.252138
0.082814
0.917986
0.343709
0.822282
0.331009
0.220626
0.022771
0.823872
0.601127
0.115242
0.443976
0.802456
0.326746
0.58677
0.181759
0.563297
0.683724
0.398959
0.96893
0.450281
0.751965
0.713749
0.790575
0.286698
0.116355
0.429495
0.643118
0.502743
0.280454
0.599649
0.971052
0.313395
0.16594
0.864742
0.859728
0.79241
0.540136
0.405548
0.289987
0.102522
0.871736
0.52126
0.451795
0.395653
0.130159
0.014452
0.13084
0.376573
0.026292
0.144706
0.289633
0.892704
0.612738
0.786185
0.290111
0.398291
0.592639
0.086783
0.446381
0.6625
0.518003
0.444257
0.410752
0.893608
0.471585
0.984252
0.89622
0.538978
0.108567
0.422819
0.156215
0.285109
0.839593
0.416651
0.757866
0.579544
0.559073
0.212421
0.309391
0.771428
0.961845
0.6812
0.13449
0.23812
0.052061
0.113301
0.45243
0.656253
0.921801
0.219728
0.805093
0.210526
0.175265
0.429223
0.781302
0.099949
0.294191
0.75305
0.718919
0.430915
0.436952
0.117193
0.181628
0.412246
0.116703
0.363475
0.026702
0.520477
0.444586
0.677471
0.124637
0.470961
0.219269
0.531507
0.696748
0.563222
0.497272
0.907574
0.048431
0.915956
0.287072
0.754971
0.856504
0.671728
0.993732
0.295548
0.146701
0.903439
0.021587
0.760536
0.141888
0.481461
0.515215
0.473181
0.412384
0.679384
0.496006
0.162845
0.731498
0.752158
0.677756
0.996304
0.756289
0.167379
0.075312
0.513216
0.42066
0.47591
0.18421
0.87053
0.811671
0.046782
0.702688
0.038379
0.560623
0.243241
0.100362
0.108631
0.881282
0.229742
0.387052
0.247833
0.856119
0.263956
0.636661
0.32404
0.372553
0.674464
0.100686
0.856167
0.641037
0.103676
0.390175
0.854546
0.424265
0.833014
0.953722
0.690971
0.605548
0.525215
0.671161
0.59127
0.195215
0.765831
0.529854
0.361464
0.311104
0.711876
0.307268
0.709126
0.400948
0.972172
0.696311
0.926026
0.385065
0.168211
0.599124
0.458681
0.284061
0.664163
0.151136
0.248694
0.309491
0.091973
0.221783
0.11285
0.434819
0.597112
0.210677
0.173578
0.508628
0.710983
0.550631
0.466406
0.829387
0.12218
0.949045
0.340463
0.663363
0.175869
0.917082
0.892453
0.350403
0.660726
0.994322
0.761843
0.70312
0.37768
0.623837
0.94092
0.5879
0.235947
0.046245
0.692425
0.226348
0.413344
0.277673
0.014026
0.592753
0.130088
0.99573
0.89522
0.169685
0.26741
0.215589
0.968795
0.90822
0.109297
0.979667
0.797448
0.499051
0.541064
0.60886
0.828313
0.836588
0.312169
0.984886
0.677269
0.51251
0.62772
0.6827
0.54025
0.27593
0.212877
0.849506
0.325329
0.768047
0.94719
0.766123
0.554997
0.783272
0.077707
0.165
0.78902
0.502895
0.374864
0.420549
0.859469
0.117954
0.024897
0.419987
0.794611
0.664887
0.794681
0.113774
0.704441
0.835347
0.363443
0.581493
0.659716
0.447269
0.273435
0.066135
0.242535
0.342978
0.368625
0.591613
0.325826
0.793512
0.785533
0.009119
0.437681
0.928696
0.461978
0.949814
0.719406
0.089231
0.567034
0.450313
0.949545
0.93736
0.469659
0.214979
0.185457
0.72112
0.881597
0.836682
0.430088
0.953993
0.770073
0.652068
0.26457
0.950663
0.392409
0.383563
0.138517
0.371197
0.39465
0.20679
0.636641
0.786113
0.843761
0.253622
0.373279
0.007075
0.563676
0.551244
0.560651
0.544309
0.947102
0.708139
0.665521
0.784656
0.118187
0.7292
0.157957
0.017879
0.015384
0.349603
0.069124
0.094243
0.536235
0.213396
0.761419
0.196654
0.807369
0.750027
0.244161
0.146066
0.29847
0.754082
0.510184
0.723302
0.631941
0.904088
0.299991
0.014915
0.091875
0.707445
0.516567
0.289852
0.022079
0.345317
0.359021
0.247447
0.356701
0.04002
0.078888
0.663203
0.000903
0.181404
0.462144
0.826351
0.43613
0.845154
0.525981
0.78778
0.297226
0.079897
0.726655
0.967366
0.242804
0.518563
0.417175
0.884825
0.673184
0.790647
0.351397
0.039749
0.435798
0.274276
0.166354
0.958451
0.92164
0.42204
0.433445
0.937644
0.038288
0.131056
0.742771
0.608892
0.969964
0.523093
0.016507
0.201541
0.647032
0.776419
0.849308
0.572879
0.879279
0.287735
0.41317
0.388135
0.515733
0.400406
0.656362
0.287049
0.915658
0.442811
0.186033
0.610882
0.951622
0.940224
0.564479
0.667223
0.112654
0.981596
0.577053
0.901245
0.288492
0.381859
0.0994
0.685173
0.858636
0.674179
0.657174
0.733517
0.397546
0.827608
0.835048
0.946402
0.04217
0.293821
0.12265
0.368226
0.879215
0.154737
0.486223
0.983132
0.744602
0.392437
0.065355
0.519948
0.294259
0.696661
0.016376
0.997979
0.99557
0.754756
0.486405
0.139051
0.866419
0.678511
0.679254
0.657491
0.464778
0.565169
0.284056
0.089334
0.82164
0.495089
0.203637
0.01248
0.850442
0.798884
0.313787
0.44331
0.922268
0.338725
0.034004
0.062957
0.987651
0.593728
0.625278
0.805236
0.374697
0.771509
0.83675
0.173382
0.411022
0.655599
0.226529
0.99644
0.192612
0.815198
0.829554
0.720851
0.14543
0.977527
0.391071
0.125904
0.530463
0.980171
0.109278
0.407015
0.617247
0.993593
0.595991
0.222584
0.091505
0.079071
0.802734
0.293417
0.703247
0.610825
0.183632
0.905337
0.494848
0.733807
0.694284
0.321614
0.543802
0.619658
0.899979
0.852748
0.936763
0.195292
0.088886
0.425899
0.689278
0.062517
0.874724
0.165784
0.98717
0.772683
0.249685
0.619384
0.450104
0.179632
0.258147
0.885589
0.056747
0.813423
0.361721
0.995354
0.042612
0.757205
0.860359
0.389951
0.745687
0.644327
0.711857
0.944308
0.155732
0.285506
0.116548
0.445915
0.127254
0.178056
0.829644
0.191485
0.306648
0.945267
0.6691
0.087731
0.005231
0.225077
0.967064
0.427558
0.74462
0.154045
0.654827
0.830715
0.931684
0.751179
0.963718
0.843506
0.297193
0.187472
0.094011
0.301985
0.941053
0.936836
0.36849
0.370582
0.597085
0.228519
0.051459
0.001282
0.291994
0.947627
0.544102
0.408943
0.116036
0.058753
0.156346
0.083105
0.005673
0.62785
0.906383
0.593672
0.99548
0.941666
0.453337
0.928569
0.23927
0.881736
0.774046
0.045774
0.41519
0.502387
0.14096
0.536877
0.035201
0.337326
0.409835
0.679613
0.872312
0.004159
0.376406
0.917433
0.093195
0.768146
0.796077
0.209913
0.069047
0.021914
0.672755
0.203125
0.225143
0.539477
0.796653
0.536221
0.305647
0.663077
0.898025
0.035874
0.200173
0.057524
0.283989
0.882392
0.034439
0.104585
0.949093
0.475685
0.614703
0.641263
0.669634
0.171024
0.451053
0.229189
0.722359
0.994025
0.036702
0.687872
0.772164
0.238311
0.580356
0.871863
0.122445
0.191573
0.671175
0.647836
0.878746
0.55682
0.490359
0.417923
0.842983
0.151034
0.49209
0.673576
0.93016
0.722067
0.884534
0.885499
0.946442
0.564381
0.867599
0.93456
0.279511
0.126489
0.106649
0.277525
0.582514
0.089488
0.795015
0.971478
0.630823
0.389467
0.296663
0.718297
0.727937
0.111537
0.765474
0.331542
0.951223
0.430043
0.234728
0.780517
0.805928
0.289088
0.165441
0.652861
0.36296
0.278162
0.795678
0.97128
0.388155
0.981746
0.881806
0.253249
0.083543
0.081278
0.310275
0.423001
0.248916
0.385521
0.205446
0.065037
0.974922
0.695876
0.49977
0.527492
0.360921
0.567451
0.169574
0.920006
0.504479
0.55651
0.582095
0.671524
0.513786
0.334642
0.855362
0.552505
0.219024
0.286862
0.190147
0.204338
0.25095
0.652707
0.579676
0.557208
0.91803
0.878945
0.897608
0.465414
0.231732
0.751747
0.858786
0.395912
0.179647
0.468239
0.990708
0.267453
0.381129
0.104866
0.723955
0.913585
0.400362
0.189756
0.25431
0.793962
0.942713
0.366894
0.733447
0.657732
0.225736
0.717786
0.694771
0.436328
0.87599
0.751165
0.304649
0.043406
0.700479
0.314901
0.052585
0.594238
0.961384
0.878647
0.824923
0.753496
0.037833
0.848163
0.45309
0.398091
0.713362
0.537813
0.650564
0.144583
0.589641
0.761559
0.084308
0.334388
0.569259
0.191984
0.412413
0.188605
0.566029
0.053573
0.199274
0.578787
0.947856
0.490281
0.951596
0.59315
0.633427
0.166623
0.283575
0.606613
0.132822
0.768339
0.283093
0.256877
0.827489
0.869649
0.646013
0.752787
0.297566
0.659641
0.336042
0.692602
0.859686
0.157138
0.168174
0.733317
0.308295
0.942598
0.102975
0.85488
0.099287
0.470969
0.752041
0.775311
0.872433
0.616463
0.606355
0.672079
0.885513
0.190999
0.267965
0.269702
0.656996
0.074413
0.516853
0.471982
0.23879
0.421867
0.683865
0.773699
0.412335
0.39103
0.195911
0.232481
0.612233
0.711361
0.557751
0.534336
0.935903
0.434873
0.418476
0.684827
0.054514
0.823989
0.214865
0.140271
0.507371
0.492949
0.215522
0.602527
0.735379
0.671878
0.250857
0.86546
0.540529
0.925157
0.512613
0.951652
0.905357
0.61423
0.356078
0.768662
0.855063
0.281214
0.480657
0.217373
0.939147
0.375668
0.240654
0.146923
0.011216
0.17402
0.485883
0.741488
0.465797
0.574791
0.890438
0.419983
0.288915
0.268399
0.741724
0.365916
0.068401
0.685953
0.886442
0.48313
0.564956
0.904105
0.959108
0.086769
0.150533
0.232492
0.498391
0.076825
0.42812
0.905176
0.226245
0.796416
0.09377
0.746587
0.060377
0.128393
0.884659
0.021311
0.960431
0.779709
0.184062
0.065804
0.381404
0.980245
0.275038
0.250999
0.739104
0.592646
0.319812
0.235718
0.346568
0.192153
0.94892
0.655958
0.947456
0.356064
0.087713
0.567154
0.318473
0.422145
0.728882
0.612271
0.940033
0.561254
0.862622
0.129886
0.500239
0.899867
0.045819
0.890684
0.640306
0.387989
0.791429
0.576282
0.825696
0.972081
0.864977
0.36847
0.685576
0.118308
0.137815
0.611177
0.386031
0.249897
0.766406
0.223974
0.066035
0.748335
0.678182
0.775246
0.971154
0.772699
0.574019
0.670167
0.520022
0.179789
0.685973
0.314469
0.173026
0.777196
0.486247
0.312803
0.283895
0.944283
0.62572
0.153592
0.999401
0.973963
0.072874
0.478892
0.500088
0.20469
0.818537
0.875574
0.519227
0.490204
0.601982
0.730584
0.080892
0.100391
0.749705
0.112796
0.810493
0.839699
0.29599
0.299674
0.919194
0.543438
0.460169
0.850226
0.401669
0.656657
0.849878
0.560109
0.810978
0.429605
0.213493
0.094953
0.263309
0.246912
0.124541
0.410185
0.418924
0.240621
0.823055
0.694078
0.81338
0.49043
0.519719
0.904796
0.795828
0.952017
0.289254
0.726109
0.208887
0.929445
0.466268
0.39443
0.527952
0.686166
0.097225
0.476378
0.987907
0.613217
0.769789
0.57413
0.695089
0.485355
0.284765
0.093486
0.459353
0.890244
0.898817
0.025148
0.371661
0.162056
0.885623
0.48573
0.627929
0.650741
0.294866
0.911479
0.785312
0.905577
0.441731
0.976452
0.487403
0.954098
0.308939
0.151471
0.891845
0.573241
0.065655
0.047009
0.236426
0.768551
0.665018
0.038666
0.016827
0.23734
0.327894
0.69064
0.222447
0.460564
0.615347
0.510406
0.964309
0.048524
0.619055
0.765372
0.729352
0.928773
0.813009
0.955267
0.25966
0.445707
0.497854
0.192594
0.804754
0.877427
0.364647
0.263445
0.483347
0.119696
0.777445
0.65912
0.615451
0.976202
0.652615
0.825679
0.852295
0.947591
0.40484
0.26922
0.171506
0.371445
0.564265
0.654784
0.967295
0.311923
0.994078
0.4714
0.06306
0.292459
0.990799
0.088959
0.200567
0.339042
0.709757
0.874652
0.672492
0.268554
0.190613
0.962825
0.226127
0.207938
0.471387
0.246332
0.379202
0.632446
0.794605
0.414554
0.910041
0.094287
0.327699
0.595557
0.416736
0.970966
0.569455
0.334425
0.827831
0.678791
0.107396
0.189224
0.651535
0.03872
0.245215
0.317621
0.498605
0.598482
0.491253
0.310943
0.743663
0.052865
0.012771
0.570115
0.130155
0.575173
0.521767
0.380742
0.462738
0.438029
0.524327
0.908437
0.016702
0.87663
0.877839
0.218275
0.645067
0.90468
0.963898
0.661411
0.545978
0.821821
0.595313
0.4847
0.410041
0.292681
0.542827
0.405962
0.712587
0.051705
0.677691
0.375031
0.883777
0.594681
0.003681
0.835422
0.919185
0.166154
0.130993
0.381475
0.190644
0.778827
0.280408
0.917561
0.478421
0.276405
0.130556
0.764423
0.119799
0.125257
0.155655
0.83262
0.481071
0.749586
0.337128
0.422102
0.8334
0.715276
0.450444
0.272377
0.675485
0.002089
0.595248
0.763825
0.081564
0.146506
0.144373
0.588559
0.926845
0.93946
0.998738
0.880953
0.445815
0.765512
0.952362
0.723725
0.933917
0.084997
0.20966
0.668285
0.192452
0.762531
0.618531
0.999134
0.501006
0.475298
0.466592
0.66496
0.346879
0.007938
0.499422
0.898118
0.399734
0.519535
0.831896
0.581638
0.786813
0.03841
0.995406
0.545429
0.400809
0.939162
0.958731
0.529099
0.159628
0.313075
0.872178
0.527251
0.549036
0.688356
0.75884
0.799012
0.594937
0.116816
0.37938
0.363167
0.823535
0.213458
0.282869
0.202174
0.351758
0.975595
0.40727
0.017147
0.406579
0.436156
0.698551
0.339892
0.858752
0.61943
0.961065
0.604209
0.492532
0.595539
0.002879
0.835108
0.571756
0.020116
0.72958
0.700517
0.514193
0.92829
0.108758
0.987571
0.293454
0.390194
0.879409
0.646511
0.971474
0.827675
0.369261
0.469975
0.078514
0.580753
0.434921
0.282466
0.662448
0.366655
0.516626
0.446696
0.443401
0.702536
0.070091
0.746087
0.553733
0.846058
0.644343
0.114061
0.746529
0.04591
0.374084
0.053521
0.689707
0.099924
0.615656
0.091029
0.039117
0.553505
0.616052
0.312295
0.094303
0.947709
0.240392
0.821879
0.512554
0.404932
0.372794
0.382939
0.85574
0.770072
0.0134
0.246503
0.275662
0.915672
0.532667
0.388083
0.984059
0.55284
0.652905
0.672184
0.714532
0.724435
0.302868
0.689393
0.513129
0.476808
0.787581
0.293501
0.963138
0.455356
0.429673
0.948412
0.741357
0.672067
0.084642
0.641745
0.096383
0.601678
0.697724
0.961321
0.290418
0.282967
0.946152
0.215498
0.288638
0.349391
0.171848
0.422593
0.744307
0.455976
0.846765
0.582973
0.21038
0.229896
0.180578
0.406105
0.319891
0.209896
0.40026
0.148859
0.213141
0.836615
0.811493
0.994194
0.926712
0.627086
0.744019
0.616455
0.304141
0.991781
0.754204
0.794085
0.229381
0.040968
0.040827
0.940708
0.893245
0.410273
0.709384
0.09346
0.017133
0.520048
0.650475
0.1278
0.413577
0.940288
0.7507
0.988236
0.304496
0.415525
0.759642
0.263581
0.682453
0.520127
0.044738
0.100137
0.209154
0.592117
0.060748
0.698834
0.028844
0.043916
0.47752
0.560288
0.836751
0.42844
0.494919
0.885085
0.756412
0.548088
0.752183
0.599438
0.073066
0.796689
0.518903
0.951633
0.52758
0.939001
0.070959
0.043275
0.835056
0.091753
0.927168
0.741757
0.277398
0.786829
0.648422
0.429303
0.642697
0.177657
0.629514
0.434439
0.932267
0.244606
0.84579
0.476812
0.443356
0.441541
0.219606
0.811291
0.848665
0.607001
0.461766
0.080746
0.085592
0.956419
0.358768
0.554772
0.35644
0.765232
0.665319
0.235284
0.185553
0.36912
0.367363
0.2016
0.146873
0.169338
0.079937
0.246531
0.273575
0.910104
0.825016
0.499506
0.524248
0.731123
0.86444
0.444537
0.417296
0.833159
0.457046
0.635652
0.252571
0.549991
3.5e-05
0.386112
0.245853
0.280493
0.072353
0.280569
0.494697
0.912308
0.266026
0.10443
0.465426
0.077758
0.200685
0.3586
0.187958
0.87646
0.555859
0.158249
0.546644
0.496381
0.160852
0.840468
0.584778
0.423206
0.09413
0.398602
0.393735
0.215753
0.190889
0.915188
0.891868
0.948951
0.956865
0.406815
0.054825
0.517384
0.181705
0.166174
0.635666
0.59251
0.107657
0.150168
0.752205
0.796421
0.565496
0.111514
0.422873
0.213245
0.407568
0.934942
0.674248
0.0738
0.544483
0.919133
0.846077
0.656977
0.715092
0.510337
0.039635
0.116848
0.17603
0.041448
0.494363
0.7642
0.323461
0.387232
0.992804
0.104054
0.292591
0.03838
0.139306
0.582731
0.410273
0.955303
0.752425
0.045176
0.307141
0.969041
0.782709
0.890264
0.753981
0.594924
0.064953
0.002308
0.462633
0.046858
0.271736
0.84781
0.730458
0.541041
0.565674
0.129059
0.534978
0.508141
0.271784
0.892883
0.699073
0.070237
0.908758
0.547226
0.398161
0.61036
0.246563
0.812246
0.566647
0.495276
0.513768
0.958958
0.521929
0.279011
0.109502
0.272943
0.073043
0.13781
0.244521
0.357465
0.893357
0.656921
0.58735
0.107202
0.15616
0.964948
0.992537
0.943494
0.746648
0.836534
0.7171
0.094616
0.325835
0.870317
0.929487
0.453398
0.267055
0.47351
0.647256
0.885351
0.720162
0.493781
0.138887
0.512909
0.212719
0.297387
0.042497
0.885858
0.275899
0.766808
0.832014
0.009896
0.575256
0.210725
0.62127
0.998538
0.31398
0.697207
0.768375
0.244401
0.246659
0.312453
0.321422
0.33089
0.810252
0.19344
0.835456
0.226291
0.16467
0.533648
0.347207
0.370707
0.62236
0.910006
0.285396
0.010683
0.92936
0.7316
0.451402
0.784117
0.507826
0.898767
0.10267
0.572715
0.841103
0.30773
0.337152
0.071741
0.025932
0.94524
0.112413
0.720369
0.458288
0.196398
0.344364
0.029416
0.880064
0.62385
0.244786
0.435179
0.99893
0.930361
0.140734
0.155952
0.53415
0.437556
0.230041
0.588852
0.570294
0.70895
0.122685
0.383088
0.016893
0.503496
0.20175
0.059257
0.421988
0.492555
0.030223
0.595643
0.846658
0.679222
0.821389
0.009521
0.729857
0.667598
0.788869
0.244881
0.008878
0.795413
0.575027
0.600689
0.988658
0.574797
0.08853
0.855569
0.53119
0.461048
0.517898
0.755017
0.502111
0.413661
0.484364
0.747627
0.684038
0.64465
0.137747
0.861266
0.133449
0.399794
0.297859
0.818797
0.752319
0.463916
0.90404
0.79915
0.778526
0.686767
0.187535
0.786859
0.146813
0.615316
0.307755
0.260035
0.632911
0.320372
0.584808
0.97553
0.846813
0.68813
0.317906
0.517295
0.31392
0.61264
0.027612
0.653014
0.12456
0.904895
0.118267
0.253532
0.604057
0.17927
0.822743
0.129754
0.899942
0.070052
0.259831
0.596131
0.971207
0.519142
0.428118
0.503871
0.814765
0.83586
0.571476
0.440133
0.718827
0.858222
0.317171
0.524767
0.755351
0.292527
0.668789
0.668239
0.124581
0.547153
0.168894
0.112489
0.287361
0.80768
0.146354
0.209735
0.443521
0.150772
0.951512
0.814151
0.840222
0.795775
0.268482
0.110026
0.407345
0.802096
0.137582
0.811158
0.143445
0.831563
0.353842
0.951101
0.363173
0.623636
0.777595
0.068155
0.928772
0.279541
0.12528
0.449432
0.713165
0.689999
0.158136
0.715409
0.447934
0.210475
0.644088
0.447355
0.405245
0.450192
0.544115
0.209575
0.774916
0.73366
0.901481
0.186903
0.56063
0.903307
0.457622
0.462203
0.300964
0.590648
0.345879
0.861891
0.352819
0.552567
0.207428
0.557931
0.72218
0.809535
0.393119
0.002451
0.005671
0.470603
0.465984
0.459977
0.417137
0.646019
0.70787
0.022942
0.369083
0.523055
0.653459
0.19984
0.338373
0.29403
0.952857
0.960031
0.278142
0.563271
0.0045
0.786582
0.418921
0.410972
0.585596
0.530535
0.003192
0.8951
0.836006
0.926252
0.48326
0.079269
0.945392
0.55713
0.931464
0.310078
0.651247
0.398127
0.598312
0.929829
0.536948
0.689012
0.35696
0.572103
0.600749
0.38923
0.36597
0.530388
0.064523
0.931613
0.538855
0.038233
0.936401
0.727508
0.882801
0.551639
0.197303
0.804494
0.150301
0.392464
0.834469
0.842063
0.725823
0.218744
0.15341
0.9
0.719874
0.144127
0.171691
0.182849
0.95565
0.134175
0.655189
0.642148
0.532572
0.468916
0.83182
0.868213
0.470965
0.264374
0.983353
0.373925
0.396261
0.606398
0.465825
0.175749
0.39345
0.762264
0.442289
0.377865
0.062189
0.980583
0.191537
0.410973
0.899367
0.327172
0.338138
0.031444
0.871246
0.242228
0.834775
0.112275
0.593328
0.34424
0.395823
0.26881
0.477145
0.975205
0.978144
0.033986
0.726041
0.294601
0.638817
0.206951
0.644225
0.39343
0.535698
0.297555
0.467011
0.109
0.298676
0.547461
0.165366
0.338198
0.466595
0.192185
0.830824
0.762071
0.304181
0.819537
0.07171
0.448316
0.277091
0.470608
0.114842
0.248526
0.729192
0.033445
0.712643
0.014737
0.985071
0.520746
0.911049
0.504323
0.611798
0.682785
0.972385
0.151136
0.013252
0.020492
0.315684
0.045128
0.540364
0.510825
0.03422
0.416295
0.296933
0.543131
0.548328
0.016226
0.90791
0.203453
0.418279
0.216606
0.656438
0.094506
0.288394
0.570892
0.009112
0.886081
0.478916
0.99069
0.79785
0.192981
0.870387
0.99524
0.026778
0.515089
0.888252
0.912075
0.926969
0.871679
0.248889
0.940615
0.898902
0.754226
0.501758
0.579736
0.313423
0.768055
0.773236
0.969784
0.88284
0.526996
0.30353
0.406446
0.5303
0.810719
0.367013
0.047133
0.213467
0.294917
0.044952
0.777049
0.63751
0.759683
0.28621
0.709302
0.760786
0.805851
0.757717
0.747827
0.590848
0.536503
0.518092
0.267076
0.009007
0.773482
0.705794
0.146161
0.840863
0.985688
0.742237
0.202234
0.425798
0.766346
0.043291
0.261901
0.622476
0.641668
0.660415
0.315459
0.150648
0.31015
0.408649
0.273758
0.676387
0.028648
0.070266
0.718892
0.580264
0.491304
0.494538
0.722662
0.018049
0.096842
0.439489
0.102497
0.839303
0.885289
0.942379
0.566907
0.707235
0.638594
0.977083
0.554842
0.550583
0.84075
0.663702
0.633368
0.393809
0.174793
0.857401
0.363266
0.545319
0.127396
0.136966
0.028131
0.714843
0.844753
0.362515
0.267739
0.95381
0.030726
0.976822
0.471893
0.117759
0.58511
0.240656
0.91393
0.593194
0.233686
0.343271
0.339095
0.321113
0.087806
0.268763
0.440544
0.955091
0.270138
0.493626
0.340313
0.880656
0.567542
0.63895
0.561972
0.582958
0.445576
0.936317
0.372534
0.199769
0.642116
0.99111
0.922395
0.608507
0.136356
0.615513
0.037165
0.438798
0.259843
0.712855
0.531208
0.08651
0.203544
0.926858
0.25174
0.769731
0.092322
0.818654
0.612634
0.010398
0.778548
0.44449
0.447975
0.512538
0.914305
0.692493
0.897637
0.712535
0.935025
0.986965
0.545859
0.777697
0.173239
0.37156
0.858634
0.823313
0.460562
0.687512
0.469161
0.170859
0.393775
0.908402
0.501243
0.752704
0.359997
0.4879
0.711626
0.125275
0.110094
0.428238
0.915052
0.243587
0.295472
0.552307
0.397593
0.288115
0.901016
0.725353
0.250468
0.497005
0.373932
0.460691
0.977534
0.455942
0.25842
0.015093
0.36932
0.813233
0.376077
0.166614
0.541497
0.234987
0.814344
0.843395
0.647239
0.472772
0.015177
0.625538
0.854376
0.473083
0.65337
0.32209
0.608885
0.456775
0.145399
0.293945
0.63982
0.091691
0.526933
0.07302
0.192029
0.541513
0.423231
0.91026
0.24441
0.592482
0.795599
0.449144
0.203558
0.967901
0.935091
0.709819
0.730496
0.264769
0.255486
0.320505
0.093885
0.26367
0.757379
0.550039
0.902173
0.571803
0.43988
0.881329
0.555313
0.54085
0.344093
0.251224
0.954174
0.091469
0.069562
0.174703
0.373879
0.171641
0.962888
0.837628
0.496496
0.02308
0.180408
0.311642
0.896822
0.632805
0.240085
0.839062
0.465098
0.181726
0.625905
0.150662
0.357862
0.688178
0.133033
0.947211
0.550566
0.559437
0.6566
0.446595
0.625093
0.200553
0.792294
0.521395
0.332395
0.683887
0.429226
0.278374
0.191265
0.72425
0.4481
0.131194
0.757474
0.090364
0.917821
0.747886
0.802042
0.624128
0.342222
0.909091
0.584083
0.370407
0.614715
0.259538
0.568518
0.416167
0.593109
0.393909
0.999113
0.951832
0.238936
0.552299
0.368993
0.485073
0.143743
0.973532
0.409607
0.088107
0.553236
0.387284
0.205969
0.360129
0.830386
0.161972
0.6756
0.783718
0.314319
0.77883
0.53771
0.188414
0.950504
0.689828
0.050014
0.151885
0.806858
0.970573
0.788445
0.295846
0.19814
0.381105
0.188915
0.153034
0.684519
0.015945
0.230876
0.172045
0.751058
0.234433
0.946184
0.736315
0.344756
0.88514
0.950469
0.161014
0.364042
0.394252
0.173867
0.476404
0.965928
0.615358
0.809504
0.496365
0.056981
0.408753
0.67553
0.418999
0.998439
0.141205
0.364893
0.017198
0.282908
0.36802
0.768633
0.880004
0.166272
0.778722
0.473922
0.311794
0.423271
0.996351
0.373702
0.172187
0.696402
0.033111
0.542685
0.450823
0.548866
0.540917
0.552665
0.669908
0.303715
0.376493
0.934983
0.191192
0.071025
0.17494
0.467737
0.012323
0.035602
0.213409
0.253379
0.579488
0.440045
0.688686
0.081067
0.42011
0.286243
0.938531
0.414155
0.590625
0.212443
0.697119
0.167077
0.381711
0.79078
0.947308
0.633692
0.959903
0.719125
0.972293
0.906494
0.632014
0.886033
0.64957
0.364106
0.490748
0.180116
0.210625
0.081188
0.481068
0.022062
0.887
0.386748
0.745974
0.948123
0.66591
0.485494
0.363973
0.143581
0.796043
0.949509
0.379708
0.77474
0.45684
0.2044
0.467914
0.223992
0.746504
0.321112
0.344708
0.705563
0.32187
0.220533
0.028948
0.077795
0.926588
0.336343
0.20504
0.070599
0.216973
0.847388
0.674097
0.234763
0.044369
0.814261
0.024154
0.082094
0.509675
0.624473
0.847824
0.666558
0.235417
0.975315
0.067079
0.784398
0.891907
0.860674
0.328812
0.290942
0.661337
0.536492
0.239636
0.102526
0.660701
0.496452
0.485745
0.624057
0.957076
0.857432
0.305235
0.854296
0.969784
0.235118
0.317803
0.341318
0.179985
0.176835
0.376067
0.954954
0.868484
0.153949
0.41609
0.440412
0.940072
0.905016
0.1754
0.057225
0.93899
0.460954
0.88898
0.896514
0.427427
0.428941
0.289097
0.030118
0.391755
0.97334
0.71571
0.497949
0.864836
0.329467
0.052429
0.626801
0.128293
0.398985
0.381588
0.935756
0.483068
0.957508
0.95501
0.751442
0.15746
0.836354
0.197178
0.618062
0.656211
0.615923
0.750812
0.409097
0.47747
0.630982
0.287669
0.67699
0.803579
0.694614
0.947381
0.057456
0.651509
0.208406
0.938076
0.538653
0.775967
0.073568
0.478758
0.567502
0.520999
0.179902
0.398263
0.511159
0.312239
0.206957
0.306296
0.681246
0.594784
0.720325
0.309267
0.066416
0.858118
0.602093
0.339752
0.248887
0.528574
0.060711
0.624305
0.997866
0.506115
0.809027
0.239967
0.849043
0.965617
0.336255
0.393488
0.627106
0.520308
0.795873
0.705136
0.539236
0.349677
0.283482
0.432228
0.536788
0.84091
0.853275
0.902939
0.264068
0.911669
0.639523
0.624632
0.626865
0.800636
0.489249
0.283425
0.44054
0.799022
0.866605
0.357686
0.004555
0.463867
0.811369
0.184506
0.745574
0.306505
0.31612
0.498626
0.425662
0.575358
0.448986
0.725949
0.013623
0.156241
0.039935
0.111807
0.737311
0.566389
0.777023
0.037196
0.505185
0.339481
0.678821
0.102078
0.615202
0.310567
0.057666
0.561252
0.320604
0.192516
0.561295
0.868523
0.076374
0.986739
0.835003
0.408501
0.887273
0.296942
0.993329
0.747803
0.484023
0.593856
0.241435
0.081496
0.076284
0.261606
0.190865
0.283654
0.724954
0.850464
0.894632
0.141196
0.475245
0.17479
0.936151
0.614805
0.251175
0.955162
0.826974
0.410567
0.597211
0.599922
0.349177
0.664246
0.767493
0.556273
0.120055
0.447508
0.693733
0.453842
0.006048
0.141265
0.057702
0.428728
0.111517
0.037954
0.461532
0.148413
0.406773
0.554976
0.959333
0.192352
0.502403
0.459201
0.447138
0.789776
0.221349
0.124001
0.755671
0.751285
0.07077
0.769533
0.929096
0.375218
0.089412
0.601757
0.984356
0.800218
0.953616
0.695142
0.532994
0.685012
0.452077
0.520409
0.596488
0.932862
0.059459
0.743812
0.189816
0.698891
0.615612
0.542688
0.289588
0.11507
0.676974
0.403101
0.522454
0.897782
0.902237
0.656398
0.803132
0.349542
0.935304
0.680349
0.263104
0.926499
0.840297
0.959354
0.423576
0.78868
0.111029
0.596207
0.569242
0.594727
0.399845
0.343591
0.487106
0.870984
0.646994
0.503578
0.769656
0.253716
0.705237
0.763989
0.096101
0.021696
0.338107
0.060948
0.653938
0.250787
0.532994
0.492958
0.850467
0.554956
0.746107
0.472358
0.876273
0.282866
0.404298
0.49745
0.620323
0.616678
0.782276
0.480225
0.700054
0.013596
0.241131
0.01031
0.379444
0.73116
0.065002
0.506654
0.924417
0.422629
0.365912
0.848339
0.235593
0.671266
0.189583
0.881027
0.967326
0.281881
0.972242
0.439008
0.711811
0.667611
0.102161
0.838173
0.992108
0.44058
0.121532
0.840766
0.754016
0.771471
0.97248
0.974493
0.623453
0.775328
0.710049
0.589003
0.447489
0.674313
0.548722
0.893593
0.984918
0.178269
0.580577
0.560467
0.10296
0.99492
0.02366
0.345282
0.713683
0.505765
0.958312
0.767409
0.550853
0.743266
0.052468
0.147029
0.71857
0.490048
0.337934
0.803181
0.47169
0.303348
0.018396
0.53362
0.548288
0.431465
0.798867
0.757626
0.665512
0.868577
0.402979
0.961264
0.814473
0.826705
0.568002
0.184579
0.576482
0.451086
0.446879
0.150141
0.486127
0.818211
0.223255
0.120125
0.181825
0.983169
0.370571
0.400787
0.737645
0.53654
0.37966
0.555774
0.479909
0.453828
0.301187
0.85935
0.268143
0.148414
0.29779
0.403565
0.55061
0.410299
0.000647
0.865899
0.51313
0.938162
0.850684
0.251585
0.313681
0.503831
0.144889
0.92786
0.438097
0.729539
0.845569
0.857305
0.545758
0.920221
0.204812
0.38375
0.008393
0.49117
0.20403
0.99503
0.548405
0.384579
0.975365
0.185494
0.018159
0.309018
0.472911
0.382045
0.167627
0.178455
0.514456
0.082777
0.878407
0.318654
0.526221
0.872577
0.406037
0.678674
0.815375
0.382486
0.79428
0.311195
0.470035
0.599014
0.61797
0.208956
0.398509
0.701581
0.221647
0.560203
0.969503
0.763684
0.802528
0.285484
0.067919
0.131418
0.563237
0.743791
0.131053
0.821777
0.547225
0.494705
0.307878
0.732635
0.094764
0.26689
0.683249
0.444151
0.911823
0.05372
0.79108
0.959764
0.402733
0.598525
0.380682
0.250797
0.846768
0.299943
0.113143
0.794572
0.954007
0.061781
0.489052
0.0706
0.112231
0.850682
0.356008
0.4445
0.232224
0.41927
0.349463
0.724486
0.490407
0.305636
0.526401
0.910993
0.686663
0.843672
0.656419
0.22557
0.495937
0.538109
0.061007
0.526543
0.194197
0.53771
0.272822
0.080823
0.442842
0.134885
0.235954
0.196859
0.460406
0.984231
0.895728
0.788952
0.37332
0.636396
0.744879
0.452106
0.505463
0.216119
0.609006
0.972588
0.807634
0.974242
0.462891
0.576917
0.879474
0.172264
0.148677
0.368925
0.071396
0.13718
0.373804
0.282858
0.325353
0.997388
0.77677
0.19338
0.300287
0.478283
0.656777
0.78517
0.309953
0.535456
0.067842
0.152499
0.731133
0.64551
0.596259
0.591588
0.741548
0.46913
0.667688
0.051536
0.271075
0.137102
0.378012
0.567773
0.713189
0.531146
0.300868
0.542082
0.760357
0.766083
0.342582
0.655034
0.051349
0.219259
0.366651
0.430513
0.995976
0.900295
0.701749
0.715503
0.708235
0.501383
0.717057
0.154682
0.045144
0.13309
0.674519
0.542809
0.418376
0.214556
0.615216
0.864315
0.952749
0.905801
0.501093
0.149949
0.529744
0.592684
0.131879
0.937895
0.666062
0.178024
0.831468
0.729472
0.552875
0.667506
0.539834
0.069523
0.201333
0.72371
0.516755
0.345351
0.220309
0.827843
0.365217
0.316306
0.320959
0.616807
0.285709
0.888228
0.377633
0.914042
0.317485
0.862966
0.79194
0.828377
0.715166
0.414829
0.13677
0.199721
0.521339
0.197644
0.723163
0.486884
0.712889
0.546232
0.096678
0.868043
0.778448
0.346024
0.646724
0.275458
0.870493
0.660123
0.033871
0.702023
0.785166
0.481784
0.134522
0.168267
0.993286
0.1559
0.970792
0.047064
0.103756
0.07949
0.074691
0.911371
0.741796
0.894515
0.094579
0.929109
0.984264
0.059564
0.299246
0.006554
0.891853
0.561635
0.720219
0.122943
0.078971
0.423938
0.530543
0.472105
0.213471
0.656236
0.614512
0.151799
0.14465
0.34425
0.857303
0.256156
0.79108
0.687474
0.76056
0.59242
0.203859
0.998196
0.416853
0.473971
0.714117
0.935177
0.327726
0.73205
0.15375
0.357283
0.798386
0.685473
0.634521
0.302354
0.551246
0.881525
0.865683
0.906406
0.705578
0.983107
0.940479
0.141537
0.775767
0.010169
0.538891
0.474644
0.946862
0.822661
0.323136
0.857576
0.763022
0.778522
0.077689
0.59097
0.085677
0.380426
0.445514
0.948454
0.391801
0.289901
0.027965
0.218438
0.700986
0.046015
0.615248
0.574401
0.503646
0.691577
0.743323
0.257421
0.86448
0.238357
0.090568
0.529166
0.398113
0.625923
0.585425
0.463716
0.099007
0.919859
0.761482
0.221455
0.496616
0.123263
0.783901
0.080472
0.852629
0.775982
0.915996
0.051743
0.535825
0.316932
0.9007
0.97781
0.060633
0.762241
0.434292
0.761692
0.272273
0.036435
0.879128
0.132688
0.640735
0.52696
0.731637
0.803164
0.591596
0.109614
0.45341
0.276295
0.003928
0.353737
0.542736
0.99417
0.007057
0.469133
0.126897
0.845985
0.105852
0.03377
0.116542
0.847997
0.329298
0.259021
0.650813
0.158309
0.184402
0.598177
0.610193
0.084304
0.765969
0.161118
0.731291
0.67311
0.722185
0.218188
0.699333
0.20277
0.739938
0.356024
0.537019
0.99193
0.643921
0.046646
0.763243
0.609284
0.383999
0.74896
0.021104
0.965007
0.809276
0.378957
0.047851
0.358761
0.929059
0.928656
0.100694
0.56434
0.906133
0.628137
0.841011
0.631558
0.371783
0.623178
0.900148
0.843697
0.276498
0.885872
0.852958
0.133601
0.912595
0.516995
0.775828
0.083089
0.497074
0.014767
0.026031
0.169653
0.001768
0.47652
0.984147
0.763298
0.290998
0.606882
0.48292
0.589628
0.91399
0.938413
0.653953
0.736562
0.837406
0.54428
0.183849
0.918147
0.741042
0.505947
0.784042
0.337563
0.80193
0.7751
0.520862
0.923956
0.943632
0.16596
0.051522
0.700609
0.344268
0.794719
0.373131
0.906312
0.367318
0.883466
0.317741
0.73491
0.444161
0.017229
0.333617
0.570265
0.012447
0.69374
0.247926
0.501425
0.984278
0.616697
0.82033
0.438024
0.149476
0.744975
0.915533
0.077237
0.242166
0.023165
0.46668
0.074097
0.922696
0.191842
0.850769
0.692469
0.341734
0.193029
0.479663
0.715808
0.377316
0.952449
0.592238
0.16553
0.444379
0.497444
0.036052
0.281051
0.989607
0.977481
0.055066
0.920238
0.95339
0.537137
0.266853
0.945487
0.936909
0.02529
0.876363
0.648776
0.719431
0.708062
0.115423
0.158723
0.834632
0.28547
0.045914
0.648655
0.838067
0.248544
0.533977
0.969938
0.715182
0.711449
0.823863
0.691031
0.557642
0.001148
0.399015
0.497293
0.912831
0.350935
0.399082
0.871913
0.01181
0.797383
0.30386
0.61677
0.111379
0.081097
0.477924
0.323646
0.123595
0.781878
0.76602
0.7803
0.20177
0.098538
0.11249
0.946844
0.118957
0.677374
0.25375
0.116444
0.286562
0.070851
0.904328
0.974804
0.560493
0.170463
0.439455
0.680967
0.670127
0.428962
0.808856
0.950919
0.43822
0.256333
0.58643
0.07066
0.794536
0.613321
0.481118
0.396542
0.612216
0.46668
0.691982
0.178487
0.064958
0.467187
0.692788
0.514997
0.226494
0.179127
0.715515
0.669132
0.214228
0.8096
0.235384
0.435081
0.908369
0.03569
0.724621
0.322154
0.841629
0.28012
0.866995
0.722827
0.213194
0.35126
0.286255
0.60671
0.737608
0.345201
0.566418
0.679919
0.597212
0.951764
0.257931
0.116309
0.529431
0.726833
0.72546
0.202098
0.631655
0.797929
0.518588
0.35393
0.33923
0.061419
0.821358
0.210203
0.860996
0.029728
0.159199
0.275677
0.468792
0.794526
0.202027
0.693475
0.066662
0.323295
0.560313
0.526131
0.963522
0.091709
0.720771
0.869548
0.744932
0.966767
0.222801
0.039101
0.478516
0.321511
0.407236
0.190352
0.563094
0.111539
0.82467
0.865901
0.316938
0.416072
0.696261
0.769301
0.055332
0.947674
0.912212
0.968564
0.261454
0.717343
0.777771
0.263896
0.845734
0.140806
0.120984
0.20384
0.451504
0.877924
0.808672
0.110198
0.949585
0.396215
0.853532
0.874635
0.871961
0.792254
0.628536
0.356933
0.587059
0.73427
0.363668
0.127113
0.459536
0.554988
0.689939
0.245178
0.547666
0.774402
0.590204
0.846527
0.185861
0.606563
0.162333
0.486641
0.204037
0.426241
0.279495
0.639083
0.181663
0.227425
0.308193
0.823645
0.450395
0.444821
0.893873
0.121746
0.486599
0.677588
0.087051
0.384225
0.424438
0.935615
0.891176
0.853332
0.07227
0.315698
0.74907
0.278831
0.151545
0.987613
0.886312
0.572071
0.901172
0.949532
0.499115
0.081108
0.178927
0.170453
0.957328
0.060643
0.57979
0.955379
0.910824
0.910492
0.489212
0.30836
0.786718
0.432882
0.04107
0.319976
0.893361
0.770533
0.588244
0.685683
0.318549
0.45521
0.426726
0.590961
0.974479
0.455332
0.109468
0.750458
0.780835
0.312752
0.376218
0.886433
0.308412
0.296235
0.178804
0.754417
0.430974
0.83732
0.50836
0.492557
0.911304
0.220383
0.871822
0.236853
0.689432
0.41255
0.129289
0.112445
0.042289
0.745044
0.372468
0.993692
0.451067
0.790296
0.943986
0.150309
0.129043
0.506162
0.90469
0.762461
0.387234
0.169036
0.639992
0.232436
0.168123
0.2448
0.921983
0.548534
0.764306
0.45694
0.607318
0.197309
0.569275
0.877037
0.865001
0.753323
0.533229
0.22992
0.468557
0.813279
0.030711
0.059194
0.283008
0.833436
0.366007
0.345038
0.154163
0.690078
0.157429
0.035557
0.025051
0.601096
0.968134
0.660154
0.753243
0.474179
0.139084
0.709274
0.495701
0.21738
0.148471
0.366545
0.460183
0.608566
0.660111
0.059081
0.500596
0.610978
0.037988
0.87601
0.01259
0.181628
0.914915
0.623163
0.922479
0.76402
0.834259
0.604707
0.316696
0.790976
0.749463
0.355369
0.838459
0.542369
0.615877
0.586725
0.177048
0.309267
0.119436
0.862772
0.200799
0.078802
0.108954
0.378137
0.931633
0.974083
0.971326
0.239257
0.448295
0.113743
0.018897
0.334633
0.370433
0.91494
0.425513
0.232253
0.962561
0.747464
0.016898
0.836771
0.315911
0.904065
0.145188
0.219207
0.78297
0.420855
0.324887
0.771449
0.459992
0.625489
0.080537
0.201396
0.9582
0.751288
0.383227
0.455867
0.083553
0.181684
0.694224
0.098591
0.988548
0.945977
0.136717
0.030249
0.812894
0.621507
0.112951
0.700844
0.299974
0.725781
0.61995
0.101477
0.986889
0.654048
0.156785
0.265992
0.343951
0.493498
0.307459
0.763885
0.431294
0.025353
0.772248
0.713768
0.087375
0.088192
0.899526
0.056378
0.178128
0.224463
0.262653
0.795951
0.653263
0.621373
0.001659
0.017495
0.476638
0.117325
0.159597
0.15523
0.357188
0.207212
0.422366
0.97417
0.539886
0.444271
0.812275
0.580224
0.62858
0.389469
0.955746
0.108525
0.176936
0.273632
0.083165
0.745834
0.959212
0.907384
0.665051
0.831228
0.611564
0.994752
0.091602
0.835626
0.374232
0.354482
0.919761
0.948349
0.576687
0.504907
0.912614
0.992338
0.627966
0.102896
0.908042
0.677823
0.587797
0.787184
0.516508
0.320071
0.552995
0.509548
0.82499
0.915562
0.298035
0.833841
0.279063
0.273438
0.315583
0.501187
0.016444
0.535177
0.686664
0.35169
0.049995
0.638229
0.604925
0.468955
0.67483
0.262694
0.508202
0.150408
0.642374
0.82327
0.504835
0.983286
0.190059
0.056122
0.634805
0.364552
0.635046
0.54011
0.723943
0.007733
0.657679
0.099545
0.941668
0.476914
0.044887
0.390637
0.935162
0.380232
0.91765
0.431444
0.840986
0.141655
0.688626
0.098014
0.578884
0.136003
0.52411
0.507101
0.833649
0.292673
0.963952
0.420286
0.909651
0.613391
0.172812
0.973474
0.500427
0.889158
0.7934
0.187822
0.889619
0.745142
0.468548
0.660649
0.453112
0.115725
0.241179
0.777089
0.772923
0.88766
0.330579
0.709471
0.797429
0.814358
0.464565
0.763715
0.168193
0.266382
0.862658
0.48706
0.204735
0.607073
0.600333
0.188393
0.758383
0.904172
0.865985
0.181093
0.223325
0.176978
0.87625
0.818673
0.52707
0.696974
0.793583
0.022244
0.257615
0.562908
0.18045
0.699288
0.976725
0.956258
0.000833
0.908108
0.838207
0.642525
0.338761
0.542674
0.275077
0.842586
0.383336
0.022493
0.579061
0.663046
0.143633
0.408693
0.819891
0.059733
0.320197
0.397746
0.098772
0.056112
0.871232
0.150034
0.883202
0.057321
0.099486
0.464667
0.707517
0.780289
0.977402
0.579655
0.120239
0.346658
0.498194
0.219864
0.024489
0.897895
0.097029
0.650177
0.72291
0.764989
0.06841
0.2867
0.953053
0.046612
0.158662
0.742505
0.234159
0.580481
0.531446
0.315441
0.543595
0.292194
0.918621
0.978922
0.032863
0.796058
0.328774
0.29502
0.859854
0.419868
0.861819
0.140952
0.043433
0.65679
0.48666
0.5627
0.665852
0.966887
0.095139
0.890275
0.062495
0.070028
0.247993
0.361305
0.293317
0.047523
0.743771
0.021905
0.965618
0.550712
0.56113
0.626656
0.369513
0.596665
0.832873
0.559502
0.437869
0.916279
0.932463
0.347232
0.776752
0.948734
0.109147
0.03066
0.946718
0.35133
0.92495
0.777537
0.977083
0.714932
0.665221
0.125909
0.05847
0.666955
0.1322
0.476402
0.607012
0.493589
0.011981
0.871607
0.22734
0.347889
0.850234
0.570517
0.402399
0.453978
0.827201
0.843716
0.678557
0.67127
0.651059
0.012328
0.171751
0.581222
0.384629
0.330616
0.166357
0.260746
0.324469
0.232618
0.682944
0.299628
0.612635
0.909111
0.770813
0.162037
0.157679
0.97737
0.638569
0.420136
0.24111
0.149641
0.957726
0.519313
0.604783
0.991675
0.666762
0.400014
0.292685
0.314466
0.943123
0.161654
0.541662
0.046697
0.057021
0.090293
0.28628
0.58892
0.395112
0.521664
0.069025
0.596285
0.695711
0.797095
0.362326
0.478397
0.184951
0.262581
0.35481
0.432585
0.250844
0.993662
0.448914
0.056149
0.292154
0.49048
0.500592
0.474797
0.555281
0.656854
0.79626
0.799249
0.673262
0.529545
0.824017
0.360643
0.692799
0.362261
0.574897
0.185571
0.541053
0.854766
0.705727
0.177922
0.579224
0.283804
0.771481
0.735009
0.319084
0.212689
0.984947
0.447675
0.892239
0.411441
0.651785
0.163063
0.59036
0.003367
0.581684
0.065799
0.885416
0.309473
0.717855
0.511739
0.070006
0.873691
0.257128
0.750087
0.242923
0.122025
0.239853
0.546981
0.978304
0.178569
0.888018
0.48716
0.336984
0.841961
0.508213
0.61773
0.714211
0.929403
0.13228
0.915541
0.229156
0.79796
0.330869
0.545184
0.283916
0.834677
0.238067
0.140568
0.705104
0.966617
0.853147
0.464403
0.320249
0.81
0.848991
0.813644
0.093346
0.261884
0.84999
0.631489
0.273817
0.813878
0.379556
0.769349
0.043741
0.358351
0.965157
0.174356
0.083531
0.902631
0.600829
0.267991
0.945465
0.310589
0.316184
0.184866
0.614707
0.302766
0.33457
0.170201
0.928216
0.718353
0.200577
0.037361
0.414197
0.18626
0.50178
0.781782
0.940366
0.477152
0.307336
0.280361
0.509543
0.549376
0.620052
0.465647
0.974292
0.506275
0.24328
0.228822
0.824881
0.335552
0.576265
0.943289
0.82123
0.432383
0.6974
0.792133
0.070575
0.349434
0.272808
0.190387
0.407735
0.164357
0.066757
0.063028
0.974248
0.234802
0.933784
0.934411
0.242473
0.778495
0.239192
0.98601
0.504372
0.694232
0.835935
0.510843
0.746325
0.040887
0.581567
0.672129
0.10449
0.04129
0.094207
0.119282
0.280656
0.863635
0.482073
0.726917
0.29373
0.627903
0.182025
0.032146
0.484258
0.727085
0.861494
0.974474
0.978573
0.93628
0.805425
0.203535
0.669827
0.2076
0.091959
0.790801
0.286031
0.421443
0.572841
0.177419
0.454434
0.065545
0.330055
0.585553
0.922291
0.471888
0.174855
0.637553
0.174529
0.974783
0.213851
0.213445
0.396993
0.600297
0.568868
0.21863
0.961331
0.909833
0.70508
0.276978
0.850356
0.171426
0.95159
0.321289
0.533459
0.603813
0.16841
0.61874
0.354111
0.693838
0.982265
0.635931
0.775109
0.947584
0.693774
0.073108
0.304699
0.47813
0.950836
0.036849
0.866288
0.458618
0.377445
0.375061
0.103054
0.642752
0.396834
0.969007
0.806328
0.277632
0.973985
0.475408
0.561743
0.542259
0.850037
0.323431
0.413365
0.442008
0.840158
0.372816
0.638166
0.055477
0.673432
0.354015
0.878769
0.064832
0.379459
0.585518
0.309022
0.566244
0.741417
0.157815
0.261908
0.425354
0.70424
0.583457
0.613076
0.95119
0.994855
0.736103
0.16789
0.21235
0.391498
0.324526
0.039688
0.398743
0.68147
0.787959
0.260018
0.997288
0.878858
0.981259
0.876256
0.47229
0.601297
0.120296
0.741362
0.693588
0.955726
0.748519
0.019373
0.570608
0.531814
0.881941
0.644977
0.944179
0.241972
0.589261
0.4021
0.354375
0.201747
0.728866
0.719883
0.153388
0.47181
0.89978
0.219327
0.816859
0.713002
0.228899
0.692137
0.611384
0.480149
0.850072
0.466715
0.948642
0.065235
0.311059
0.826225
0.024904
0.949558
0.40421
0.137957
0.927718
0.354005
0.579347
0.018347
0.954504
0.14232
0.262545
0.907058
0.139775
0.839933
0.137879
0.258862
0.178091
0.733826
0.234677
0.591877
0.373519
0.033739
0.156402
0.9712
0.816596
0.352336
0.360335
0.878185
0.805465
0.694586
0.690877
0.253726
0.738565
0.152703
0.326145
0.05474
0.3852
0.266992
0.730273
0.069878
0.979872
0.963289
0.70687
0.520113
0.341062
0.439866
0.629932
0.740617
0.010043
0.063477
0.529155
0.901183
0.517101
0.461581
0.522315
0.093901
0.680006
0.160996
0.180153
0.385105
0.106562
0.016909
0.36078
0.757586
0.236674
0.666346
0.502658
0.020572
0.299378
0.409061
0.860095
0.762693
0.407678
0.698776
0.632382
0.172968
0.860689
0.66264
0.043325
0.196489
0.60849
0.877625
0.067538
0.074461
0.024247
0.024457
0.029065
0.749378
0.80471
0.442457
0.628241
0.024056
0.255748
0.938233
0.615716
0.015805
0.684039
0.899921
0.623347
0.773686
0.963383
0.373626
0.271377
0.289123
0.592339
0.598766
0.887578
0.803483
0.714739
0.793686
0.015772
0.712307
0.486879
0.12527
0.19738
0.48399
0.486777
0.064349
0.796562
0.940276
0.458818
0.5452
0.450759
0.296097
0.11853
0.554111
0.702786
0.027044
0.901181
0.21605
0.285083
0.377442
0.351082
0.560736
0.092589
0.555342
0.65503
0.179017
0.059983
0.598697
0.68631
0.763138
0.790535
0.664156
0.169664
0.617446
0.67537
0.44482
0.692346
0.296323
0.019369
0.850325
0.037665
0.520971
0.350916
0.1009
0.29806
0.724235
0.647413
0.81605
0.793672
0.639201
0.698443
0.599838
0.159158
0.821536
0.016491
0.634146
0.417843
0.570232
0.739122
0.531904
0.564399
0.420862
0.178147
0.946681
0.649833
0.535802
0.805817
0.052296
0.5813
0.868662
0.14466
0.913244
0.055675
0.025702
0.840955
0.401298
0.186268
0.309411
0.114371
0.316722
0.239609
0.870968
0.447513
0.795353
0.895734
0.652998
0.061073
0.448336
0.689448
0.102783
0.40223
0.213387
0.159203
0.388453
0.750663
0.021735
0.239204
0.824001
0.075949
0.446971
0.43678
0.21523
0.899725
0.953041
0.617305
0.798603
0.759697
0.636683
0.426919
0.378873
0.584821
0.141886
0.40278
0.556176
0.894008
0.756319
0.387347
0.59685
0.735039
0.57463
0.781866
0.350143
0.362676
0.429866
0.764612
0.351312
0.542683
0.29904
0.093149
0.546139
0.130007
0.915576
0.093678
0.60374
0.440148
0.588206
0.294573
0.993312
0.951282
0.398969
0.716902
0.969689
0.403003
0.772428
0.101272
0.459347
0.802031
0.281328
0.261435
0.006714
0.115048
0.268414
0.246873
0.878627
0.509741
0.652576
0.767834
0.748327
0.528223
0.797649
0.486468
0.286622
0.119976
0.956232
0.08778
0.167922
0.967779
0.993716
0.047001
0.991985
0.006879
0.01527
0.342298
0.441662
0.069905
0.333196
0.69669
0.537575
0.862751
0.897888
0.844085
0.469114
0.532585
0.52568
0.929062
0.230073
0.091045
0.039481
0.183986
0.788483
0.452831
0.447905
0.662783
0.204957
0.797899
0.974726
0.70434
0.43627
0.193459
0.42375
0.85755
0.627774
0.378131
0.435967
0.654873
0.897693
0.178554
0.11992
0.097681
0.360177
0.760209
0.791338
0.703793
0.903027
0.071849
0.789451
0.861992
0.108229
0.343607
0.330602
0.028931
0.371982
0.470686
0.641914
0.849852
0.608632
0.947114
0.848428
0.56605
0.672437
0.116058
0.786745
0.104923
0.037087
0.118796
0.194252
0.411946
0.351439
0.17951
0.772475
0.109041
0.844606
0.126041
0.840752
0.212557
0.288976
0.53627
0.230596
0.011786
0.75485
0.048107
0.220502
0.653144
0.733903
0.598274
0.419804
0.725302
0.751924
0.057927
0.071308
0.079858
0.24154
0.849536
0.375429
0.240578
0.480559
0.076582
0.955559
0.358731
0.146946
0.984421
0.920225
0.738419
0.560361
0.807397
0.275726
0.751559
0.096579
0.512484
0.302581
0.496589
0.679071
0.334289
0.759402
0.115165
0.488723
0.689917
0.029152
0.463332
0.29853
0.403089
0.516611
0.44082
0.412613
0.283966
0.843593
0.183637
0.683809
0.404571
0.108943
0.897297
0.268359
0.503974
0.945382
0.962341
0.512632
0.839556
0.70095
0.004939
0.277256
0.665696
0.918991
0.76032
0.522863
0.175556
0.220446
0.710882
0.486255
0.550879
0.513943
0.903933
0.450563
0.764027
0.127664
0.544456
0.298278
0.822813
0.727235
0.988088
0.939888
0.62419
0.496293
0.542797
0.014369
0.59944
0.096998
0.968828
0.024899
0.355722
0.17511
0.920213
0.266806
0.744535
0.601969
0.347502
0.472136
0.320139
0.194348
0.913109
0.141653
0.116557
0.068353
0.180686
0.438102
0.752726
0.036718
0.015119
0.375587
0.470769
0.478178
0.759933
0.945076
0.546029
0.611299
0.087427
0.168751
0.848743
0.259042
0.498945
0.983419
0.33125
0.959981
0.387026
0.035308
0.481371
0.559582
0.256169
0.261448
0.945755
0.312912
0.377598
0.48232
0.371292
0.250773
0.833184
0.589165
0.862923
0.194029
0.081097
0.704528
0.856945
0.239555
0.279146
0.297563
0.175634
0.08913
0.693402
0.324566
0.857481
0.391924
0.244493
0.092473
0.939561
0.828326
0.280246
0.305986
0.431874
0.259397
0.45193
0.426032
0.216287
0.266873
0.573252
0.980653
0.063985
0.632147
0.441348
0.222937
0.389885
0.297637
0.230892
0.82662
0.794535
0.650222
0.229372
0.460303
0.4376
0.302171
0.758938
0.079396
0.588471
0.135344
0.214163
0.809758
0.285943
0.162121
0.842948
0.956529
0.006261
0.064822
0.659981
0.788432
0.38906
0.361428
0.55096
0.896393
0.672607
0.117617
0.559725
0.794717
0.818732
0.035696
0.375048
0.452156
0.47003
0.403717
0.058994
0.535095
0.177481
0.024299
0.545956
0.694531
0.453751
0.730133
0.813454
0.065088
0.670872
0.295719
0.095841
0.648036
0.693724
0.954966
0.748147
0.502008
0.988201
0.850752
0.356142
0.136919
0.671041
0.164027
0.790285
0.862262
0.373832
0.405049
0.998672
0.587808
0.911247
0.476329
0.285277
0.359852
0.782219
0.814207
0.898943
0.097574
0.147114
0.085916
0.110786
0.496449
0.214226
0.011128
0.25976
0.027179
0.886382
0.023508
0.191184
0.147328
0.801322
0.703354
0.990147
0.200479
0.502665
0.556572
0.142524
0.405476
0.634912
0.967879
0.911329
0.570654
0.173117
0.495497
0.534642
0.439635
0.278486
0.506392
0.344938
0.715337
0.180394
0.813573
0.780912
0.177802
0.171859
0.919536
0.366732
0.398914
0.929478
0.571393
0.117306
0.134568
0.22539
0.768683
0.69495
0.360023
0.160727
0.937288
0.913809
0.080496
0.347817
0.52734
0.336799
0.847112
0.358696
0.725435
0.162211
0.054385
0.088852
0.868934
0.459018
0.687502
0.651042
0.365593
0.759792
0.897177
0.273353
0.920043
0.06497
0.788509
0.625014
0.765562
0.77181
0.73
0.320716
0.496854
0.172175
0.096873
0.615234
0.50639
0.27829
0.12432
0.536246
0.025161
0.093861
0.775768
0.132786
0.454746
0.328095
0.198974
0.272624
0.497422
0.123324
0.030632
0.418047
0.751009
0.724264
0.746593
0.539303
0.199754
0.049818
0.919865
0.005706
0.04212
0.449307
0.084324
0.728625
0.163265
0.030635
0.355208
0.191365
0.64774
0.170437
0.871112
0.953111
0.216127
0.839674
0.343993
0.62811
0.586477
0.080017
0.794326
0.424122
0.090986
0.44087
0.83661
0.013391
0.140494
0.617054
0.67082
0.916876
0.203107
0.945876
0.879138
0.067756
0.571004
0.221539
0.220077
0.87816
0.01984
0.304558
0.683954
0.800001
0.017576
0.812642
0.061867
0.413018
0.000822
0.966004
0.667397
0.965087
0.221396
0.803119
0.42346
0.595791
0.232629
0.732562
0.702868
0.292695
0.504805
0.860506
0.935692
0.875343
0.046775
0.04793
0.776061
0.361933
0.814563
0.958486
0.158243
0.548025
0.959166
0.405194
0.872997
0.146803
0.613372
0.922132
0.880072
0.535948
0.050733
0.44543
0.670061
0.538039
0.381749
0.439047
0.962842
0.899215
0.162451
0.321686
0.748809
0.389714
0.629936
0.475345
0.931422
0.202036
0.906102
0.250598
0.976224
0.777327
0.485873
0.577219
0.278663
0.785083
0.466858
0.071778
0.371514
0.489929
0.815471
0.988242
0.198755
0.840502
0.091611
0.170984
0.571926
0.588938
0.488253
0.427923
0.017243
0.947719
0.742674
0.269792
0.761891
0.336074
0.555338
0.255404
0.210109
0.884386
0.872641
0.004667
0.77648
0.954712
0.734046
0.581369
0.829186
0.773364
0.409578
0.778511
0.872681
0.88317
0.521304
0.095771
0.876733
0.392305
0.117183
0.104325
0.421059
0.540463
0.449032
0.697109
0.705761
0.699567
0.507376
0.525916
0.737061
0.025904
0.616326
0.90393
0.57735
0.50472
0.427722
0.353101
0.876731
0.161345
0.760641
0.519535
0.694681
0.295091
0.588123
0.820963
0.859616
0.203644
0.164877
0.77161
0.24046
0.821999
0.894294
0.801766
0.420044
0.07936
0.463576
0.378189
0.079212
0.86107
0.297364
0.00893
0.239327
0.101481
0.911153
0.899966
0.898186
0.706832
0.440092
0.544558
0.260325
0.010376
0.89621
0.844292
0.123854
0.721811
0.950497
0.039013
0.50758
0.085496
0.874131
0.563757
0.52064
0.073187
0.425467
0.289086
0.339608
0.965286
0.454229
0.771182
0.990728
0.827711
0.627618
0.658105
0.921001
0.183807
0.02146
0.458502
0.861376
0.648425
0.330696
0.230909
0.97254
0.30376
0.527243
0.580928
0.195418
0.907491
0.57958
0.768081
0.188163
0.199965
0.53134
0.740951
0.421006
0.093899
0.056461
0.985685
0.769873
0.576582
0.936524
0.793533
0.486684
0.653881
0.211906
0.907142
0.699599
0.583418
0.986376
0.605416
0.812049
0.66419
0.288334
0.678295
0.830632
0.69083
0.355798
0.936356
0.082781
0.470717
0.5077
0.69974
0.778599
0.796487
0.073913
0.694516
0.068573
0.432666
0.996743
0.998024
0.948469
0.322014
0.613702
0.620479
0.502629
0.008855
0.426979
0.34713
0.034199
0.538992
0.189695
0.052023
0.457947
0.979609
0.371256
0.777407
0.677977
0.004652
0.385312
0.9068
0.689258
0.512948
0.640006
0.405929
0.038072
0.390463
0.739231
0.016135
0.267906
0.59372
0.323939
0.775424
0.344539
0.832165
0.847301
0.251692
0.190467
0.935106
0.889169
0.04815
0.685844
0.601815
0.799604
0.919795
0.606938
0.089101
0.148365
0.456794
0.875248
0.499666
0.919013
0.816065
0.714998
0.04155
0.18929
0.263503
0.396039
0.496118
0.183676
0.950826
0.453509
0.719363
0.47161
0.81273
0.896448
0.066119
0.747704
0.060811
0.856098
0.551393
0.27601
0.09364
0.338299
0.031547
0.654376
0.038581
0.857275
0.207267
0.003028
0.858166
0.359807
0.774489
0.943091
0.153201
0.501631
0.802638
0.082327
0.999935
0.843815
0.091804
0.044177
0.161653
0.802457
0.805917
0.512315
0.717175
0.34115
0.43385
0.959179
0.483837
0.187284
0.142255
0.815526
0.216689
0.027822
0.243141
0.479696
0.096705
0.099447
0.182682
0.767621
0.338723
0.178619
0.656893
0.982049
0.045687
0.016388
0.523809
0.35721
0.879434
0.692691
0.899906
0.23501
0.055575
0.444921
0.575946
0.153283
0.246117
0.803441
0.935239
0.319591
0.00629
0.923647
0.04831
0.522186
0.39675
0.492376
0.736566
0.440506
0.660699
0.355438
0.631442
0.070419
0.311098
0.272433
0.323593
0.424047
0.81654
0.900825
0.542781
0.725375
0.483318
0.0417
0.570052
0.552441
0.875272
0.351262
0.355063
0.948005
0.268219
0.568486
0.874221
0.871961
0.171662
0.666299
0.850544
0.908563
0.352035
0.877587
0.258243
0.163733
0.092003
0.50259
0.151139
0.508619
0.533406
0.157322
0.277663
0.479169
0.207945
0.629405
0.584303
0.636101
0.759842
0.629086
0.609786
0.993351
0.901059
0.513119
0.691059
0.077398
0.001996
0.837217
0.494525
0.452978
0.609433
0.994394
0.05248
0.666258
0.97709
0.893469
0.968916
0.767192
0.635179
0.65607
0.082802
0.129344
0.355796
0.813569
0.382159
0.485565
0.521992
0.683013
0.911949
0.588973
0.980266
0.897122
0.011269
0.275539
0.443154
0.589056
0.378566
0.404497
0.560609
0.558848
0.487748
0.035651
0.806101
0.95012
0.690981
0.975367
0.886712
0.891937
0.055011
0.982876
0.18077
0.659049
0.437951
0.03517
0.0456
0.561914
0.584195
0.099913
0.941691
0.22368
0.352049
0.337619
0.696167
0.423202
0.165672
0.418814
0.218788
0.868616
0.533144
0.706698
0.604663
0.563102
0.90866
0.824099
0.194212
0.905327
0.332541
0.791694
0.850203
0.368777
0.056523
0.472669
0.977774
0.219826
0.690238
0.936218
0.65841
0.809576
0.618119
0.91517
0.241141
0.009228
0.146912
0.040337
0.093024
0.890215
0.814799
0.650378
0.139943
0.181513
0.338412
0.910965
0.336939
0.783084
0.746581
0.086426
0.877038
0.850611
0.88228
0.67921
0.016557
0.660108
0.873205
0.978766
0.477147
0.432447
0.049746
0.408252
0.347621
0.74537
0.955372
0.234947
0.731319
0.254413
0.469186
0.907636
0.776161
0.514943
0.133622
0.400459
0.505452
0.785593
0.465528
0.321716
0.679355
0.993663
0.851813
0.958815
0.273599
0.408162
0.689716
0.877853
0.328665
0.675659
0.355397
0.9624
0.622729
0.459666
0.22428
0.756315
0.158183
0.874758
0.055689
0.980034
0.675808
0.270018
0.548258
0.848056
0.526285
0.510751
0.316974
0.587659
0.00315
0.422849
0.569911
0.312322
0.646484
0.824612
0.707972
0.275117
0.957413
0.790377
0.476357
0.558306
0.851816
0.12127
0.370629
0.750221
0.836398
0.35936
0.960242
0.762572
0.47067
0.254855
0.948869
0.47172
0.305763
0.903328
0.729004
0.48494
0.386656
0.61126
0.732543
0.706592
0.846112
0.964191
0.890703
0.472002
0.433522
0.254233
0.860965
0.611498
0.193787
0.143677
0.236758
0.414388
0.583439
0.709665
0.744472
0.437354
0.738052
0.210064
0.275345
0.579917
0.835348
0.103386
0.175157
0.172436
0.755926
0.287683
0.553132
0.154817
0.035204
0.615283
0.327905
0.354442
0.327402
0.14531
0.985923
0.83994
0.615793
0.818515
0.526663
0.58229
0.803214
0.992959
0.710115
0.683589
0.543902
0.478496
0.210885
0.08363
0.846466
0.613852
0.241184
0.153833
0.498834
0.467534
0.607293
0.049514
0.014128
0.398492
0.138241
0.541322
0.65566
0.121182
0.886036
0.56962
0.081881
0.814409
0.508236
0.370702
0.136557
0.904484
0.255842
0.448072
0.735266
0.883352
0.35782
0.558558
0.925337
0.021427
0.579591
0.018275
0.603413
0.558015
0.96845
0.556518
0.135881
0.085879
0.02853
0.935448
0.362227
0.562858
0.497296
0.212822
0.418558
0.683914
0.630024
0.104217
0.431859
0.307494
0.643272
0.280624
0.447769
0.714822
0.029217
0.916127
0.966836
0.662978
0.378502
0.511973
0.091353
0.146395
0.836296
0.489851
0.644245
0.143358
0.477588
0.725672
0.518671
0.092693
0.321324
0.541335
0.660123
0.930212
0.862393
0.306552
0.90199
0.170137
0.008522
0.654955
0.731433
0.64537
0.8573
0.168677
0.135237
0.888625
0.188187
0.323966
0.793169
0.745413
0.783084
0.348581
0.645866
0.583167
0.535449
0.103642
0.968142
0.625822
0.938404
0.80583
0.971781
0.903544
0.437413
0.415283
0.682965
0.222793
0.580377
0.889326
0.97124
0.260887
0.963266
0.219138
0.088581
0.255923
0.09726
0.970022
0.401005
0.501987
0.447382
0.894995
0.184759
0.613434
0.820891
0.878648
0.614732
0.627714
0.589645
0.172634
0.62187
0.455747
0.719026
0.595777
0.993598
0.400109
0.379902
0.36569
0.354708
0.090309
0.121532
0.350971
0.099003
0.924064
0.845981
0.189996
0.209128
0.693681
0.787169
0.117242
0.335439
0.038354
0.45136
0.377406
0.696506
0.070347
0.409039
0.475736
0.654054
0.812806
0.577134
0.197237
0.090826
0.528287
0.616516
0.345663
0.688695
0.026625
0.377657
0.682568
0.409984
0.241426
0.072502
0.123459
0.110079
0.743845
0.297296
0.547917
0.44387
0.884014
0.748534
0.70256
0.353544
0.534309
0.833989
0.707825
0.535162
0.775045
0.428346
0.985194
0.26098
0.471166
0.192905
0.194835
0.651118
0.953578
0.612925
0.483499
0.986852
0.125968
0.501844
0.682765
0.094226
0.283157
0.742179
0.554059
0.197676
0.175632
0.915567
0.300524
0.870415
0.075702
0.126003
0.582796
0.059882
0.774746
0.21821
0.249819
0.683193
0.0008
0.092846
0.276161
0.464503
0.380252
0.137063
0.905394
0.852866
0.256703
0.168742
0.33513
0.860513
0.857329
0.472483
0.70466
0.526943
0.164176
0.490232
0.739969
0.489934
0.98804
0.750197
0.979408
0.92647
0.078512
0.984305
0.961116
0.111232
0.262728
0.087147
0.262111
0.31339
0.656136
0.697928
0.586175
0.93028
0.962182
0.768939
0.088895
0.69014
0.997605
0.669015
0.082236
0.226724
0.943376
0.121142
0.797799
0.430411
0.039512
0.812541
0.19922
0.468566
0.583484
0.456175
0.341615
0.190073
0.562873
0.258616
0.612377
0.053535
0.770652
0.698427
0.72769
0.406873
0.962208
0.076049
0.145966
0.288876
0.623297
0.212372
0.705472
0.859965
0.809731
0.472818
0.529725
0.563867
0.887285
0.502042
0.885521
0.928664
0.622178
0.398603
0.704401
0.024328
0.835675
0.763436
0.451837
0.733077
0.013588
0.002028
0.824243
0.178579
0.142377
0.454228
0.058733
0.570755
0.617581
0.866487
0.75854
0.852729
0.898307
0.863465
0.951423
0.867279
0.506002
0.2821
0.865649
0.747688
0.403328
0.998603
0.940775
0.203011
0.522055
0.262491
0.82417
0.968385
0.815052
0.446583
0.222168
0.562385
0.16981
0.811428
0.390145
0.088104
0.106194
0.07986
0.839101
0.798854
0.877015
0.966893
0.267666
0.406262
0.665814
0.736229
0.866939
0.867804
0.832491
0.21883
0.896072
0.159954
0.35087
0.086312
0.71226
0.731172
0.726067
0.477132
0.156022
0.545281
0.465563
0.686577
0.495947
0.753883
0.11398
0.849468
0.225372
0.888886
0.201109
0.467017
0.547708
0.759118
0.082653
0.470101
0.933971
0.53328
0.836125
0.71503
0.298227
0.858512
0.498904
0.906771
0.763336
0.973204
0.131256
0.797081
0.506911
0.683422
0.251657
0.39138
0.296598
0.585688
0.882808
0.366611
0.994954
0.78805
0.785477
0.605734
0.260889
0.879889
0.372776
0.337588
0.887076
0.738626
0.905602
0.498614
0.16985
0.839839
0.86525
0.884923
0.12474
0.863068
0.506694
0.772812
0.169713
0.435142
0.260312
0.741839
0.016899
0.067515
0.022976
0.832571
0.443677
0.616921
0.186436
0.955943
0.236736
0.30142
0.920714
0.521875
0.335565
0.75989
0.647588
0.110939
0.774275
0.152885
0.541509
0.201751
0.625552
0.281729
0.736441
0.115126
0.035848
0.250771
0.924015
0.735491
0.547178
0.869747
0.616331
0.504137
0.41599
0.022781
0.667798
0.391128
0.07915
0.188373
0.573749
0.26093
0.755462
0.591234
0.555671
0.209836
0.089862
0.411295
0.081616
0.721909
0.229506
0.602874
0.175308
0.604696
0.052437
0.015751
0.643266
0.19664
0.411018
0.974368
0.999201
0.882109
0.477846
0.256233
0.433457
0.555927
0.954598
0.240109
0.023944
0.07856
0.386558
0.721682
0.627997
0.648792
0.54527
0.426605
0.853381
0.385984
0.355437
0.50839
0.561345
0.92851
0.951907
0.209656
0.972305
0.144138
0.792146
0.475212
0.602846
0.013196
0.691482
0.261775
0.62516
0.964346
0.389238
0.660895
0.067224
0.417324
0.403691
0.402189
0.825146
0.427535
0.319555
0.987695
0.860683
0.313514
0.667643
0.928252
0.354311
0.405321
0.700369
0.541554
0.405838
0.200167
0.557727
0.332828
0.607666
0.018541
0.500851
0.864172
0.223408
0.575894
0.781395
0.967817
0.564819
0.249563
0.878927
0.110328
0.815413
0.378091
0.9296
0.170269
0.996392
0.743726
0.906075
0.958123
0.683114
0.44868
0.108223
0.45558
0.36408
0.27406
0.932745
0.38727
0.070702
0.706429
0.30647
0.082254
0.719231
0.261688
0.953659
0.630519
0.890517
0.285291
0.839719
0.010511
0.055719
0.054483
0.732898
0.749607
0.678235
0.942012
0.6435
0.263173
0.646537
0.921858
0.093764
0.202478
0.288928
0.765818
0.995257
0.658287
0.564775
0.325313
0.165682
0.9057
0.315733
0.831309
0.187304
0.012178
0.659014
0.816263
0.331931
0.060843
0.682958
0.452824
0.996624
0.874672
0.961791
0.710182
0.320632
0.666471
0.63603
0.6868
0.598147
0.126986
0.346453
0.758588
0.94923
0.58149
0.782566
0.965158
0.915006
0.350656
0.595906
0.185712
0.73346
0.692814
0.337409
0.945343
0.846601
0.507505
0.557288
0.681162
0.063957
0.190691
0.086014
0.514836
0.200147
0.401354
0.568957
0.584432
0.147272
0.723963
0.121114
0.120678
0.453739
0.578083
0.668029
0.423973
0.344388
0.125068
0.191409
0.073158
0.589239
0.726961
0.874885
0.752105
0.167796
0.386342
0.428811
0.173873
0.501668
0.862715
0.593398
0.754555
0.07515
0.080079
0.335253
0.085636
0.204006
0.029288
0.621135
0.922411
0.13884
0.079806
0.293613
0.448595
0.916398
0.916474
0.683197
0.40012
0.6856
0.657276
0.171209
0.384712
0.594544
0.742819
0.708823
0.631135
0.870181
0.574193
0.382146
0.992164
0.591964
0.830917
0.781742
0.278235
0.693738
0.501584
0.290242
0.630573
0.734552
0.206522
0.8856
0.839204
0.952127
0.168765
0.627081
0.444944
0.538785
0.445218
0.323307
0.193106
0.536158
0.604814
0.147851
0.552838
0.117955
0.967675
0.239559
0.353795
0.365956
0.700941
0.329904
0.89834
0.511711
0.56494
0.564547
0.552183
0.55783
0.443636
0.369657
0.673338
0.276183
0.617527
0.971999
0.541739
0.345817
0.921152
0.965435
0.283827
0.397374
0.598776
0.881513
0.321797
0.826114
0.16552
0.30311
0.475264
0.954303
0.194324
0.168124
0.972841
0.715412
0.520412
0.809792
0.199864
0.545571
0.038908
0.132139
0.507681
0.685086
0.266562
0.427803
0.21338
0.870208
0.226256
0.245983
0.353058
0.378936
0.513081
0.314106
0.517078
0.168029
0.693664
0.976145
0.717094
0.797582
0.11906
0.939741
0.500691
0.248877
0.604117
0.033376
0.827844
0.976289
0.732262
0.278165
0.094167
0.477551
0.761375
0.19028
0.514717
0.874774
0.363004
0.419579
0.049193
0.535242
0.433917
0.951882
0.608775
0.812145
0.253796
0.52996
0.727056
0.850641
0.861355
0.720794
0.982366
0.498608
0.65163
0.734866
0.52949
0.709668
0.362499
0.936906
0.700307
0.16047
0.40353
0.951873
0.523628
0.429261
0.193821
0.852333
0.18498
0.454829
0.447691
0.750137
0.322692
0.214049
0.882849
0.417222
0.786787
0.837759
0.924992
0.755177
0.622342
0.482067
0.14599
0.452709
0.843977
0.173378
0.134742
0.087437
0.11481
0.732041
0.536867
0.769741
0.007469
0.361842
0.636981
0.165957
0.260418
0.640088
0.656777
0.01791
0.697592
0.58246
0.315648
0.982064
0.587121
0.680952
0.248527
0.084961
0.786061
0.338226
0.421155
0.286266
0.435287
0.04184
0.243095
0.077834
0.090841
0.917245
0.585134
0.716302
0.362009
0.022807
0.374596
0.38839
0.703413
0.150676
0.037732
0.478437
0.907599
0.621681
0.796999
0.367281
0.070159
0.680759
0.164887
0.143952
0.710283
0.6036
0.788736
0.620086
0.818833
0.041511
0.51261
0.311015
0.98304
0.269949
0.935003
0.368338
0.286335
0.361665
0.065322
0.886549
0.460036
0.790043
0.677981
0.14426
0.617104
0.536232
0.152417
0.730044
0.001008
0.708041
0.653205
0.262607
0.411841
0.091293
0.701433
0.884197
0.961563
0.130364
0.873698
0.821958
0.096253
0.821471
0.335059
0.660523
0.427395
0.866957
0.740031
0.109281
0.14871
0.054815
0.702958
0.587412
0.72444
0.701663
0.89255
0.549915
0.408678
0.66157
0.727268
0.906092
0.528958
0.509032
0.730671
0.081451
0.05913
0.126474
0.726425
0.94579
0.72928
0.878318
0.219604
0.007478
0.100973
0.347908
0.786558
0.153613