1024 2
0
813
897
1
237
689
2
352
913
3
102
336
4
11
62
5
74
829
6
506
703
7
40
261
8
100
454
9
207
215
10
797
951
11
30
862
12
576
582
13
562
635
14
559
822
15
836
1020
16
194
561
16
17
648
18
869
885
19
37
585
4
20
407
21
391
917
22
230
867
23
445
721
24
323
551
25
336
783
26
472
1002
27
259
642
28
571
864
29
122
477
30
483
690
31
665
998
32
503
779
33
351
981
34
202
230
35
122
932
36
344
586
37
616
868
38
315
761
39
70
310
40
948
1012
41
367
661
42
296
699
43
206
434
44
365
433
45
620
968
46
472
663
47
56
554
48
424
942
14
49
458
50
668
684
51
70
225
52
323
542
53
501
878
54
171
227
55
123
965
56
581
846
57
441
961
58
623
925
59
367
902
60
183
1021
61
282
947
21
62
257
63
477
568
58
64
249
65
199
358
8
66
769
67
849
1007
68
75
1008
69
187
511
70
340
839
71
170
818
33
72
538
73
285
699
74
942
1021
75
328
656
76
192
566
77
345
409
78
255
857
79
964
1015
80
630
800
81
253
750
54
82
99
83
327
529
84
201
685
85
319
842
86
294
852
87
504
753
88
520
705
89
261
687
90
737
894
91
537
557
92
778
867
74
93
890
94
907
927
95
251
273
96
174
441
97
157
531
98
235
536
99
613
684
100
169
803
101
114
926
102
682
925
103
297
768
104
274
642
31
105
136
106
436
857
107
335
646
108
439
535
109
592
808
110
149
1012
111
136
580
112
681
750
113
131
600
114
246
659
4
115
514
116
687
793
101
117
551
118
959
1023
119
176
292
120
479
492
121
858
964
122
365
807
44
123
210
69
124
472
125
568
899
126
541
546
127
713
717
128
216
362
128
129
982
130
708
758
131
306
899
132
160
954
133
956
1005
134
838
989
135
157
435
23
96
136
60
137
449
39
138
886
139
595
853
140
422
659
141
386
1020
142
327
952
143
602
802
144
659
758
145
647
807
146
266
910
89
147
978
102
148
276
149
687
692
83
150
614
151
797
830
152
213
1021
153
693
799
2
154
826
5
155
267
156
503
872
157
314
645
158
611
823
159
359
963
9
160
555
161
301
491
162
497
542
63
163
932
63
164
324
165
805
937
166
406
1015
167
593
979
16
168
522
169
570
637
48
170
695
171
179
220
172
227
630
147
173
503
174
473
509
175
838
968
176
550
732
177
641
984
178
405
517
179
262
724
180
452
684
181
703
898
182
660
836
148
183
822
96
184
537
185
452
504
5
186
879
187
410
625
188
685
983
189
489
1005
190
300
974
45
191
656
192
449
757
164
193
898
194
752
879
195
415
633
196
505
558
197
427
997
198
490
542
195
199
308
200
458
552
30
201
655
202
560
1015
203
451
552
204
335
408
121
205
744
206
226
602
207
526
617
208
227
703
27
209
253
30
210
377
16
211
479
125
212
725
213
324
766
214
362
548
161
215
380
41
216
832
217
802
889
218
765
890
219
772
826
220
364
573
81
221
913
222
228
987
172
223
773
128
163
224
225
497
950
163
226
819
227
510
755
228
434
961
229
683
760
230
299
721
231
598
624
232
658
894
233
808
996
234
947
964
235
477
747
236
838
852
237
481
552
238
579
892
239
444
607
165
240
745
241
305
608
1
242
959
243
763
911
157
244
527
245
451
898
246
561
679
247
486
870
2
248
493
225
249
940
250
762
806
251
472
539
11
252
869
103
253
570
254
495
717
57
255
382
20
256
626
135
257
458
258
434
684
21
259
312
260
950
960
261
430
782
262
269
889
263
587
858
50
264
805
18
265
385
266
613
998
267
410
612
171
268
356
269
298
335
164
270
482
198
271
823
272
394
427
111
273
1004
274
303
778
275
751
931
264
276
1002
277
336
498
278
773
859
242
279
401
280
738
967
231
281
901
282
845
870
283
501
533
123
284
820
136
285
334
223
269
286
269
287
973
288
706
864
289
376
893
290
345
795
261
291
796
27
292
544
254
293
547
150
294
320
72
295
403
274
296
403
297
360
437
248
298
961
299
566
626
168
300
739
6
301
483
109
227
302
303
394
633
214
304
456
305
471
531
121
306
469
307
345
482
308
453
612
107
309
844
149
310
326
311
724
938
312
321
858
313
368
591
117
314
716
315
407
713
316
450
680
317
426
477
249
318
952
154
319
488
320
490
626
111
321
818
322
546
598
323
341
365
176
324
672
163
325
804
326
396
567
327
621
923
160
328
725
248
329
575
206
296
330
20
331
795
332
848
961
333
597
660
12
180
334
335
559
894
336
540
763
337
870
981
215
338
742
339
577
849
261
340
958
341
342
998
18
342
618
343
881
972
152
344
363
72
184
345
346
773
930
125
220
347
348
452
1006
349
356
740
350
782
1022
351
982
990
206
352
903
353
393
767
207
208
354
355
362
968
79
356
369
303
357
443
237
358
821
359
617
812
360
467
601
361
592
691
70
362
823
186
363
489
364
642
945
365
598
703
366
802
892
367
369
697
77
348
368
369
688
1023
280
370
509
354
371
814
27
372
788
303
373
492
374
563
860
375
753
899
171
376
811
377
594
961
378
666
836
98
379
613
73
380
881
381
780
897
228
382
546
24
118
383
384
450
656
294
385
1000
41
112
386
378
387
987
163
167
388
289
389
894
225
390
1020
391
408
857
163
392
1002
352
393
618
394
436
942
395
685
1014
220
396
474
397
422
630
398
752
780
179
290
399
272
400
473
296
401
819
85
402
649
403
894
956
62
404
892
36
294
405
55
406
820
407
534
625
94
366
408
409
528
805
203
410
510
156
411
681
412
488
678
291
413
865
142
414
946
415
715
867
219
416
856
253
417
828
418
754
884
159
419
442
420
460
860
171
421
570
108
422
572
393
423
503
289
424
545
195
425
682
9
10
426
71
190
427
5
46
428
344
429
722
343
430
526
120
332
431
432
819
1009
69
433
616
380
400
434
293
391
435
378
436
677
437
445
992
438
631
864
439
784
1018
86
440
543
441
583
970
442
485
905
443
512
730
444
554
720
402
445
731
335
446
917
447
941
1023
7
448
623
279
449
841
6
236
450
133
451
456
112
452
979
154
161
453
454
749
898
346
455
870
22
456
515
225
457
701
458
629
871
459
476
623
250
460
463
446
461
656
462
610
995
262
408
463
452
464
907
224
341
465
39
466
947
467
664
930
48
181
468
28
212
469
470
606
797
69
471
643
66
472
1005
262
473
911
327
419
474
104
475
572
476
824
846
325
477
637
243
478
926
80
392
479
49
244
480
322
481
680
215
482
755
179
483
814
484
572
745
485
540
684
171
486
678
165
487
861
488
848
965
181
489
550
490
800
960
374
491
686
492
955
1000
428
493
932
55
494
588
390
448
495
64
203
496
267
277
497
85
441
498
499
524
733
133
500
1018
501
726
840
306
483
502
503
658
918
237
328
504
89
505
639
273
506
816
399
507
561
254
348
508
116
509
616
85
358
510
87
511
683
374
512
1007
513
589
769
394
514
720
3
191
515
196
334
516
517
552
565
385
518
643
79
376
519
465
520
955
521
706
897
249
268
522
523
859
966
524
706
902
192
474
525
526
531
737
269
527
656
162
528
801
453
529
773
474
530
931
363
531
731
311
532
795
168
297
533
162
534
606
535
617
725
536
592
1016
151
477
537
357
538
596
539
923
1006
540
612
1002
400
541
765
90
436
542
543
629
658
53
544
855
445
545
659
440
546
799
108
255
547
328
499
548
287
549
876
285
550
767
157
551
807
552
594
664
297
541
553
430
554
878
283
510
555
87
539
556
363
557
801
485
558
682
322
559
563
556
560
638
190
561
949
419
562
840
483
563
886
196
564
962
332
565
607
566
662
744
567
782
915
313
536
568
135
509
569
145
570
730
217
296
571
115
546
572
573
991
1007
574
738
785
401
575
755
394
576
676
210
577
857
501
578
807
499
579
659
259
280
580
418
581
642
162
522
582
204
456
583
388
488
584
585
960
992
15
586
671
235
307
587
449
588
667
589
593
692
169
590
752
380
591
864
592
721
943
459
593
615
593
594
668
9
552
595
436
483
596
293
597
861
118
584
598
214
297
599
176
600
760
85
601
645
295
483
602
552
603
863
73
502
604
148
483
605
423
606
937
20
210
607
377
608
674
14
609
796
610
812
813
438
611
655
83
404
612
613
643
650
173
614
633
589
615
839
3
616
694
219
617
909
148
177
618
367
619
756
18
620
885
222
542
621
507
622
963
598
623
781
532
624
998
512
625
974
276
626
894
446
627
787
353
553
628
629
835
889
630
912
983
100
631
733
3
229
632
482
633
791
74
634
811
510
635
702
202
636
888
637
755
1002
358
638
997
518
639
869
328
640
792
144
262
641
264
642
807
108
643
746
457
566
644
6
146
645
646
799
978
625
647
772
339
559
648
550
649
796
420
650
998
412
651
862
368
652
862
315
634
653
160
654
804
9
362
655
362
656
902
375
619
657
137
658
983
100
346
659
660
670
945
509
661
947
662
995
1019
607
663
812
59
664
687
397
658
665
263
666
694
206
667
962
283
618
668
669
745
817
238
461
670
519
619
671
82
531
672
317
673
799
358
368
674
71
562
675
155
676
699
94
677
774
168
522
678
133
324
679
11
267
680
154
317
681
317
400
682
603
683
940
579
684
915
219
337
685
500
686
705
236
687
824
681
688
837
623
689
776
690
984
1023
22
85
691
48
167
692
479
693
783
263
694
706
451
695
882
273
696
757
593
697
1014
201
566
698
452
699
950
310
700
789
26
635
701
333
702
753
252
703
807
259
685
704
469
705
805
637
706
1015
707
828
999
708
836
900
434
598
709
583
710
843
58
392
711
397
556
712
222
317
713
502
714
948
146
715
975
687
716
902
564
689
717
35
718
910
221
719
772
44
278
720
523
588
721
30
236
722
569
577
723
172
724
943
111
437
725
48
378
726
31
163
727
134
728
829
105
729
798
92
106
730
162
731
998
114
380
732
211
733
979
734
778
1014
204
655
735
404
736
810
139
404
737
226
733
738
518
605
739
26
720
740
556
704
741
219
410
742
743
922
982
618
744
760
458
745
839
140
346
746
32
458
747
534
748
854
636
749
1004
476
750
958
751
806
916
752
954
994
116
372
753
475
754
839
242
755
845
262
756
787
20
757
768
455
758
874
86
759
850
178
244
760
631
761
839
493
728
762
151
551
763
186
341
764
374
446
765
194
766
886
299
767
890
551
593
768
19
769
880
81
91
770
213
578
771
676
772
805
522
666
773
568
711
774
421
775
984
441
776
938
112
149
777
309
347
778
439
490
779
104
364
780
97
603
781
60
164
782
351
366
783
784
807
904
479
785
958
537
786
956
152
744
787
217
788
985
273
420
789
147
149
790
685
791
1021
525
750
792
9
15
793
503
581
794
16
615
795
69
796
798
342
744
797
53
502
798
367
490
799
220
539
800
39
801
990
738
802
871
322
422
803
468
804
881
805
867
964
103
225
806
807
828
898
695
808
1011
345
809
1014
10
470
810
736
811
868
307
812
999
353
488
813
401
670
814
614
815
990
580
816
1017
176
384
817
602
767
818
57
316
819
590
760
820
64
115
821
573
822
882
263
823
936
312
824
974
193
433
825
275
493
826
27
29
827
505
647
828
498
815
829
830
920
996
237
611
831
832
860
1002
103
595
833
111
312
834
59
692
835
382
836
864
837
939
945
201
243
838
839
853
1006
656
840
954
339
841
859
387
434
842
119
725
843
229
244
844
278
645
845
569
724
846
272
472
847
118
643
848
367
796
849
306
764
850
192
721
851
220
471
852
461
853
969
362
603
854
146
855
870
57
442
856
359
683
857
330
435
858
118
379
859
220
815
860
542
861
902
551
591
862
582
863
916
339
766
864
865
896
963
283
548
866
534
675
867
533
538
868
5
596
869
302
341
870
357
871
1008
394
837
872
187
588
873
66
222
874
496
829
875
765
876
969
140
648
877
794
878
949
704
848
879
315
880
1017
227
244
881
276
877
882
30
814
883
172
215
884
546
885
936
408
886
928
327
887
976
714
888
898
171
499
889
46
525
890
72
411
891
32
477
892
72
356
893
61
451
894
747
895
914
257
503
896
64
83
897
759
898
943
452
633
899
602
900
980
688
713
901
47
672
902
35
333
903
239
527
904
72
180
905
628
861
906
374
435
907
549
908
996
665
909
940
47
319
910
414
803
911
579
681
912
385
459
913
54
366
914
392
536
915
630
916
1012
380
649
917
100
415
918
336
917
919
421
727
920
640
921
956
276
922
965
38
674
923
302
504
924
620
863
925
778
856
926
571
811
927
216
698
928
241
651
929
490
930
981
322
662
931
473
862
932
48
933
976
228
830
934
448
735
935
396
596
936
15
803
937
142
264
938
12
162
939
225
259
940
526
909
941
275
524
942
140
928
943
134
158
944
649
783
945
292
387
946
563
610
947
238
617
948
548
725
949
34
932
950
388
567
951
41
114
952
944
953
990
96
529
954
673
780
955
591
806
956
540
780
957
462
667
958
304
959
1002
350
682
960
254
616
961
849
879
962
6
196
963
103
665
964
440
879
965
540
630
966
690
851
967
405
937
968
198
941
969
199
654
970
481
487
971
532
679
972
25
909
973
239
713
974
76
730
975
721
748
976
74
514
977
460
685
978
352
675
979
535
965
980
82
135
981
218
529
982
407
921
983
364
648
984
190
499
985
32
693
986
39
688
987
190
471
988
709
912
989
398
488
990
424
710
991
793
992
998
404
620
993
793
905
994
72
834
995
644
900
996
232
846
997
742
939
998
203
755
999
220
522
1000
128
857
1001
418
905
1002
330
908
1003
535
904
1004
114
832
1005
482
695
1006
704
895
1007
7
940
1008
232
448
1009
702
806
1010
911
956
1011
88
264
1012
204
555
1013
61
119
1014
349
617
1015
536
1001
1016
607
929
1017
371
811
1018
193
200
1019
349
800
1020
65
603
1021
82
907
1022
103
1022
1023
0.96432
0.541981
0.787505
0.400232
0.971711
0.419716
0.682363
0.659269
0.488616
0.565756
0.037405
0.766755
0.924428
0.811106
0.430175
0.006041
0.262666
0.00751
0.081422
0.969911
0.45315
0.272042
0.907513
0.348665
0.988114
0.419759
0.483673
0.958118
0.381615
0.241635
0.136148
0.468274
0.469122
0.07583
0.043978
0.275464
0.632621
0.439183
0.69794
0.623159
0.767845
0.01918
0.357991
0.275648
0.094614
0.043703
0.671499
0.910989
0.056419
0.637687
0.343793
0.339792
0.628055
0.98805
0.457082
0.717545
0.47023
0.242539
0.599315
0.455322
0.958612
0.792321
0.08759
0.958539
0.925405
0.19827
0.959369
0.716566
0.244675
0.280394
0.361859
0.124136
0.362025
0.05719
0.672484
0.529682
0.180248
0.319234
0.851259
0.662783
0.688704
0.2582
0.76016
0.389504
0.858941
0.417831
0.987131
0.204175
0.104283
0.107086
0.885302
0.213192
0.983469
0.981216
0.023079
0.320007
0.233077
0.269221
0.709724
0.957534
0.041174
0.338583
0.145433
0.972605
0.338906
0.50856
0.511376
0.901643
0.557484
0.539218
0.43717
0.674883
0.594745
0.694269
0.295871
0.932942
0.785805
0.926786
0.163644
0.350174
0.949535
0.643243
0.393636
0.824964
0.156189
0.173039
0.38728
0.306848
0.588338
0.2492
0.023171
0.143127
0.573213
0.944825
0.729112
0.523422
0.892887
0.386236
0.848123
0.773608
0.626903
0.528874
0.645961
0.676909
0.676904
0.431541
0.466799
0.097166
0.917269
0.632559
0.31067
0.358556
0.727666
0.773588
0.216884
0.437431
0.97209
0.871285
0.761084
0.786977
0.057314
0.346069
0.983112
0.749832
0.51592
0.584642
0.154961
0.671482
0.43101
0.671682
0.471071
0.95231
0.285398
0.765592
0.367183
0.612229
0.7773
0.640327
0.276351
0.806351
0.892043
0.240529
0.141034
0.961238
0.644585
0.279285
0.150209
0.028925
0.904153
0.932294
0.436656
0.598079
0.197441
0.701012
0.864922
0.832542
0.750056
0.782076
0.99076
0.573803
0.002769
0.439278
0.043152
0.908826
0.960324
0.462125
0.059944
0.089737
0.320136
0.857853
0.734876
0.749011
0.111772
0.729849
0.290149
0.440874
0.236447
0.585565
0.31931
0.06992
0.977124
0.791456
0.881669
0.596662
0.951437
0.595571
0.755025
0.141434
0.988357
0.691264
0.535037
0.807178
0.078753
0.575845
0.75166
0.549365
0.85082
0.696163
0.017575
0.027129
0.122167
0.756103
0.878981
0.687656
0.172146
0.297173
0.700419
0.383888
0.668855
0.637711
0.428014
0.957129
0.38536
0.600093
0.098963
0.881275
0.172594
0.184055
0.307471
0.717482
0.87046
0.668632
0.795185
0.884173
0.237276
0.935575
0.145983
0.13676
0.131621
0.940377
0.411689
0.45014
0.20377
0.407026
0.072826
0.733174
0.539036
0.746696
0.351198
0.044614
0.178772
0.013216
0.661725
0.885828
0.064864
0.6357
0.109676
0.132072
0.55442
0.334768
0.476402
0.586829
0.156185
0.277693
0.359683
0.539847
0.647009
0.296983
0.001081
0.623174
0.148738
0.021152
0.300337
0.096023
0.356929
0.087314
0.880781
0.017444
0.333548
0.64262
0.813839
0.739344
0.404414
0.817093
0.491242
0.444012
0.0221
0.940298
0.25182
0.180424
0.383471
0.682742
0.02394
0.28839
0.575297
0.88942
0.825941
0.389044
0.561994
0.635318
0.76676
0.344469
0.445484
0.823668
0.914885
0.228849
0.790559
0.557647
0.927671
0.733683
0.38879
0.807151
0.88008
0.55855
0.986248
0.519883
0.298464
0.910292
0.573759
0.645984
0.997292
0.599563
0.781508
0.019557
0.167108
0.74771
0.456802
0.638784
0.706973
0.527863
0.222364
0.867024
0.0557
0.166981
0.581858
0.469087
0.376544
0.295003
0.159429
0.305285
0.761199
0.212182
0.812732
0.266499
0.036321
0.042751
0.871495
0.202365
0.343347
0.771272
0.575847
0.530196
0.246294
0.988543
0.99751
0.735766
0.503131
0.916571
0.944367
0.885504
0.090679
0.967031
0.250249
0.256135
0.717821
0.697207
0.131343
0.589133
0.903759
0.692679
0.878953
0.430833
0.724846
0.754492
0.57906
0.366075
0.569993
0.139977
0.627189
0.690205
0.504626
0.605828
0.537557
0.27552
0.274844
0.309533
0.198519
0.302112
0.723634
0.605399
0.975106
0.40842
0.750244
0.28895
0.983861
0.572236
0.483657
0.153767
0.715743
0.710725
0.934769
0.450521
0.525773
0.592312
0.928445
0.620163
0.738255
0.672498
0.397026
0.609753
0.480556
0.334977
0.802932
0.843879
0.146632
0.855267
0.98119
0.820705
0.602168
0.795832
0.049865
0.078755
0.806265
0.163277
0.938329
0.101932
0.415508
0.236829
0.908583
0.342341
0.27131
0.073187
0.967342
0.289881
0.392602
0.201401
0.596979
0.276167
0.375406
0.771615
0.99228
0.463995
0.270875
0.082156
0.597587
0.478856
0.222947
0.566295
0.060933
0.02643
0.941773
0.373893
0.537379
0.109787
0.118462
0.146573
0.924672
0.625378
0.268058
0.275048
0.811656
0.427176
0.072532
0.454721
0.754429
0.398743
0.014952
0.002177
0.212745
0.878426
0.972752
0.202228
0.585262
0.954918
0.522112
0.379281
0.449784
0.397377
0.902092
0.670972
0.822833
0.288657
0.654491
0.204328
0.75947
0.345648
0.892042
0.393781
0.419096
0.736964
0.96231
0.114449
0.668971
0.678117
0.578888
0.055346
0.735361
0.098014
0.822903
0.293235
0.817712
0.592194
0.665647
0.533015
0.900895
0.799504
0.646857
0.678856
0.852505
0.61793
0.344522
0.472241
0.205462
0.889092
0.041606
0.980831
0.102119
0.684666
0.639122
0.896768
0.341797
0.571278
0.342242
0.179873
0.015798
0.289316
0.337958
0.401479
0.078053
0.200419
0.74244
0.992394
0.043219
0.637178
0.794593
0.67484
0.683062
0.640408
0.375959
0.531968
0.383546
0.068641
0.506519
0.707778
0.266646
0.857739
0.725031
0.797051
0.990969
0.135514
0.111911
0.703333
0.496532
0.368145
0.785666
0.662935
0.276115
0.066106
0.440203
0.886487
0.813897
0.483154
0.707007
0.683475
0.584362
0.198097
0.706065
0.630934
0.440068
0.133435
0.678487
0.700115
0.927006
0.571453
0.58435
0.573877
0.173627
0.014774
0.272064
0.437427
0.562467
0.002222
0.928966
0.020649
0.850414
0.389329
0.413558
0.063289
0.869013
0.452252
0.500962
0.279034
0.330143
0.931522
0.931247
0.020781
0.429576
0.889425
0.984353
0.941438
0.930207
0.149961
0.406671
0.117477
0.315751
0.431161
0.551426
0.493671
0.232819
0.224604
0.961664
0.071143
0.965675
0.748473
0.376503
0.210042
0.533045
0.551525
0.856867
0.341173
0.057734
0.244698
0.567614
0.985068
0.642171
0.419373
0.074582
0.520314
0.810697
0.076774
0.591127
0.139815
0.612485
0.037985
0.960775
0.756894
0.581222
0.00092
0.80255
0.940615
0.990071
0.876057
0.696648
0.190205
0.540278
0.915378
0.807758
0.486739
0.695693
0.523926
0.212499
0.15521
0.871635
0.637959
0.026733
0.97255
0.946066
0.210621
0.186402
0.786202
0.180869
0.920085
0.463511
0.12767
0.07954
0.105079
0.345062
0.606337
0.832657
0.307505
0.010744
0.70418
0.363355
0.101241
0.409901
0.474563
0.276723
0.915041
0.237054
0.396395
0.502385
0.730376
0.36169
0.336726
0.884448
0.032692
0.266857
0.093832
0.570816
0.978869
0.143718
0.872302
0.124286
0.162787
0.752576
0.147147
0.110035
0.826038
0.942119
0.466284
0.565163
0.28494
0.235097
0.806877
0.538904
0.138672
0.992663
0.976928
0.143169
0.231302
0.302921
0.281807
0.402005
0.178116
0.891043
0.062542
0.85853
0.025469
0.360162
0.030825
0.516174
0.040186
0.628603
0.954564
0.283726
0.129997
0.959444
0.850896
0.127328
0.820965
0.293007
0.596953
0.031363
0.069874
0.050422
0.761573
0.010558
0.948172
0.080784
0.192554
0.644374
0.838602
0.343915
0.366935
0.971692
0.382455
0.974281
0.564689
0.624344
0.861227
0.817705
0.508864
0.51574
0.543343
0.736714
0.717528
0.608618
0.482402
0.853684
0.385739
0.776944
0.388778
0.050642
0.810127
0.430062
0.142063
0.012673
0.882135
0.096332
0.566015
0.376535
0.448376
0.17382
0.732556
0.116542
0.502267
0.115497
0.172757
0.503622
0.012061
0.611763
0.112078
0.458771
0.133058
0.439456
0.138327
0.800113
0.969379
0.469911
0.998094
0.815069
0.775053
0.506663
0.71149
0.831398
0.491495
0.368832
0.393514
0.124019
0.613679
0.508949
0.624222
0.274552
0.027251
0.190738
0.16746
0.140002
0.82037
0.925762
0.387999
0.724559
0.014736
0.506926
0.46721
0.554328
0.939937
0.779348
0.506567
0.783519
0.760953
0.608958
0.993989
0.238674
0.842972
0.536755
0.919264
0.175634
0.839706
0.30888
0.424283
0.01886
0.691743
0.928239
0.260649
0.313721
0.281303
0.548578
0.66225
0.371769
0.689591
0.567187
0.670046
0.068635
0.893478
0.092066
0.948173
0.848336
0.264139
0.2012
0.726222
0.927649
0.268618
0.450649
0.897838
0.743638
0.523915
0.006674
0.584143
0.379692
0.687303
0.354729
0.137842
0.729178
0.476301
0.238607
0.726603
0.297023
0.434843
0.095367
0.36291
0.712102
0.940739
0.275047
0.746566
0.380446
0.913984
0.668556
0.637223
0.088613
0.102205
0.063495
0.095309
0.528344
0.987277
0.196351
0.279731
0.777224
0.847314
0.975257
0.009215
0.670376
0.054425
0.253246
0.293661
0.498368
0.183991
0.866035
0.992622
0.162892
0.485241
0.892988
0.425459
0.310109
0.772363
0.100544
0.240989
0.25331
0.990555
0.351757
0.698948
0.837064
0.704241
0.236485
0.413554
0.797157
0.475512
0.748304
0.041279
0.974967
0.300748
0.845132
0.992184
0.758099
0.541591
0.735938
0.923449
0.622284
0.041229
0.748696
0.031202
0.129184
0.364875
0.243197
0.494186
0.468408
0.852588
0.514339
0.172257
0.729659
0.144193
0.157821
0.830371
0.412822
0.183992
0.752002
0.262797
0.924178
0.04264
0.826697
0.217722
0.958509
0.687466
0.274432
0.973095
0.132457
0.67065
0.077946
0.414127
0.022748
0.346057
0.67362
0.256873
0.59058
0.668612
0.341854
0.836115
0.662102
0.300473
0.87519
0.641964
0.193941
0.467089
0.237679
0.445204
0.789365
0.493304
0.96889
0.612204
0.17502
0.895538
0.955941
0.05242
0.85025
0.872727
0.262146
0.944276
0.731078
0.842542
0.278128
0.186697
0.122598
0.648691
0.506406
0.257482
0.572789
0.912864
0.41348
0.767729
0.024969
0.222132
0.381565
0.037752
0.439578
0.666387
0.283047
0.280338
0.881647
0.271644
0.492437
0.395672
0.979648
0.069221
0.660433
0.568796
0.303078
0.014487
0.919563
0.88847
0.149119
0.611715
0.620814
0.445951
0.587362
0.036501
0.168359
0.520523
0.091459
0.432837
0.166162
0.67211
0.529414
0.135959
0.874312
0.094091
0.0255
0.30955
0.678273
0.00173
0.05695
0.157361
0.1333
0.312243
0.199615
0.705267
0.976895
0.034433
0.525764
0.097592
0.95477
0.401729
0.403168
0.821413
0.263894
0.798128
0.189325
0.297915
0.330149
0.921731
0.209994
0.524275
0.513985
0.88247
0.068253
0.045249
0.261312
0.312802
0.342941
0.123071
0.818602
0.982208
0.090301
0.629647
0.79399
0.755463
0.541114
0.09569
0.831046
0.76516
0.268361
0.544809
0.494452
0.535143
0.835437
0.864268
0.846398
0.883148
0.385248
0.104527
0.619277
0.706497
0.240378
0.055348
0.492045
0.808515
0.749592
0.586895
0.447286
0.937279
0.333027
0.283839
0.916997
0.488349
0.144296
0.613844
0.679093
0.676861
0.469154
0.237779
0.956853
0.351759
0.06211
0.964738
0.209675
0.364104
0.404705
0.568897
0.381064
0.755402
0.553298
0.098912
0.170053
0.020545
0.818941
0.540456
0.608851
0.086356
0.934013
0.034946
0.239843
0.899124
0.839896
0.931941
0.068577
0.481613
0.064241
0.26026
0.203039
0.786418
0.023296
0.082894
0.761507
0.555272
0.991318
0.448961
0.426594
0.270024
0.485356
0.984196
0.393073
0.274783
0.424138
0.208467
0.094672
0.476519
0.545678
0.866917
0.297692
0.279121
0.122881
0.450828
0.511744
0.040534
0.973201
0.371129
0.157216
0.039101
0.069294
0.955416
0.705365
0.524031
0.345668
0.31913
0.035342
0.924613
0.866698
0.417579
0.537722
0.236145
0.974349
0.129474
0.685451
0.32062
0.120029
0.172024
0.620525
0.601402
0.995794
0.852512
0.198207
0.562711
0.886929
0.132655
0.218127
0.082794
0.542776
0.817195
0.214285
0.369977
0.248599
0.247734
0.137138
0.553588
0.782204
0.157886
0.180625
0.387359
0.876989
0.209826
0.458587
0.698472
0.473275
0.494245
0.891802
0.973216
0.700557
0.407734
0.973997
0.980381
0.948207
0.941248
0.704475
0.839694
0.409257
0.748065
0.427791
0.045622
0.333108
0.195805
0.788963
0.689023
0.318129
0.224772
0.639488
0.669234
0.695439
0.218687
0.823076
0.214561
0.299693
0.483736
0.175306
0.752625
0.938874
0.902155
0.885403
0.542474
0.878789
0.872493
0.666629
0.194246
0.126545
0.801637
0.460644
0.793903
0.76731
0.27035
0.171624
0.164208
0.546736
0.851017
0.668415
0.548656
0.505643
0.028365
0.221568
0.76692
0.676554
0.741721
0.32431
0.330023
0.608522
0.917521
0.066991
0.915405
0.652314
0.75263
0.047775
0.83389
0.998745
0.471833
0.586332
0.087155
0.509596
0.584767
0.412698
0.098245
0.909447
0.612988
0.900624
0.298403
0.261251
0.023976
0.828031
0.54146
0.249439
0.800553
0.559495
0.314616
0.03851
0.953513
0.817792
0.852002
0.638117
0.547515
0.891868
0.15227
0.140263
0.208804
0.856249
0.664228
0.138577
0.863403
0.294393
0.296225
0.669044
0.555873
0.5561
0.04849
0.927581
0.788361
0.6619
0.819413
0.033483
0.776437
0.85581
0.469787
0.47129
0.546599
0.402004
0.322991
0.376486
0.151143
0.562008
0.980716
0.766282
0.884971
0.675697
0.380901
0.582877
0.338588
0.875574
0.824521
0.106402
0.804199
0.461995
0.04434
0.84977
0.741427
0.018931
0.653781
0.622414
0.84586
0.295121
0.798311
0.673678
0.322534
0.207696
0.726039
0.463426
0.252045
0.511301
0.876758
0.562138
0.121416
0.238048
0.155201
0.145956
0.133443
0.8897
0.758545
0.207627
0.678009
0.947292
0.57703
0.124425
0.758432
0.406339
0.508589
0.817879
0.448355
0.155148
0.107901
0.577368
0.973535
0.464001
0.129955
0.524026
0.318298
0.811498
0.562035
0.34696
0.185438
0.178315
0.258976
0.716809
0.20417
0.470438
0.141233
0.122607
0.36039
0.241881
0.453358
0.909863
0.500458
0.777916
0.904876
0.710694
0.47804
0.514725
0.300585
0.16433
0.641406
0.330351
0.784893
0.921289
0.051489
0.188957
0.606761
0.855452
0.362053
0.879563
0.247324
0.788173
0.527314
0.321994
0.059164
0.408227
0.122534
0.017052
0.837339
0.117829
0.078102
0.198685
0.682177
0.945726
0.104253
0.00968
0.365319
0.6639
0.318975
0.968757
0.798403
0.781489
0.921158
0.361928
0.220206
0.47728
0.199527
0.136302
0.94062
0.723378
0.393841
0.792456
0.280866
0.477235
0.601767
0.832533
0.513177
0.084312
0.626321
0.28473
0.796685
0.77407
0.511696
0.358077
0.238212
0.873708
0.826653
0.407794
0.202432
0.564924
0.720386
0.190813
0.231879
0.342289
0.842965
0.136432
0.655095
0.813001
0.540792
0.41345
0.992233
0.394583
0.563299
0.800724
0.349209
0.12777
0.237832
0.872205
0.909232
0.23404
0.085477
0.372739
0.128805
0.092476
0.727413
0.987621
0.044366
0.946352
0.488004
0.729065
0.889004
0.905419
0.754514
0.420077
0.97171
0.203729
0.094561
0.033655
0.24024
0.159867
0.434948
0.402106
0.970374
0.151212
0.334989
0.969926
0.647865
0.696212
0.809109
0.130759
0.360556
0.357656
0.210324
0.727592
0.556125
0.554258
0.254257
0.45245
0.150167
0.693942
0.06967
0.147628
0.367094
0.250106
0.168068
0.563217
0.006237
0.977462
0.523777
0.755583
0.866645
0.998155
0.116475
0.554646
0.301128
0.519209
0.50672
0.40069
0.074874
0.192565
0.11092
0.554779
0.507349
0.2617
0.98312
0.262
0.079587
0.196222
0.275016
0.937178
0.066208
0.167537
0.817354
0.988663
0.597512
0.448093
0.723984
0.870727
0.098219
0.013765
0.053112
0.853193
0.275474
0.473137
0.574086
0.477991
0.562015
0.179513
0.405065
0.52142
0.650396
0.48106
0.729175
0.897605
0.936515
0.002697
0.836144
0.831346
0.197361
0.403427
0.110926
0.268782
0.157682
0.988448
0.348163
0.098242
0.660985
0.542118
0.363397
0.272893
0.706499
0.85749
0.096953
0.447251
0.453233
0.388763
0.047066
0.780541
0.628809
0.195424
0.76923
0.788223
0.690596
0.234189
0.719668
0.343952
0.15716
0.958876
0.345614
0.184867
0.44405
0.541022
0.709654
0.937556
0.18732
0.404346
0.182214
0.156671
0.303621
0.80346
0.680387
0.991872
0.778462
0.134625
0.090156
0.074345
0.653067
0.154626
0.778961
0.626109
0.040704
0.815269
0.884723
0.933762
0.026525
0.147729
0.93375
0.510374
0.50221
0.003608
0.474339
0.427123
0.361472
0.584906
0.282392
0.897392
0.691741
0.619748
0.298628
0.725238
0.001762
0.266532
0.957274
0.058225
0.554201
0.550029
0.308444
0.818739
0.289715
0.058984
0.081217
0.614334
0.636908
0.922989
0.204128
0.275021
0.357807
0.537272
0.135009
0.647389
0.133497
0.311111
0.04289
0.728473
0.600671
0.608975
0.417538
0.377183
0.348102
0.119649
0.833793
0.305204
0.412132
0.337616
0.925376
0.051275
0.326067
0.420609
0.45995
0.073891
0.564521
0.431107
0.771375
0.299448
0.443415
0.111635
0.673707
0.143593
0.89873
0.883698
0.790469
0.765655
0.853859
0.153761
0.03037
0.040709
0.826704
0.427143
0.944862
0.960507
0.554037
0.436871
0.396802
0.225259
0.543464
0.758599
0.392816
0.900028
0.439229
0.992314
0.439551
0.736533
0.483328
0.59773
0.145856
0.74714
0.160961
0.919409
0.005085
0.168465
0.808637
0.273148
0.147211
0.859898
0.531795
0.038295
0.176396
0.167013
0.07681
0.394361
0.406525
0.037158
0.880238
0.474958
0.402706
0.511931
0.79322
0.880735
0.921006
0.507957
0.464047
0.531025
0.816901
0.42549
0.293213
0.788347
0.200618
0.685443
0.714958
0.426996
0.954957
0.416331
0.300938
0.876672
0.028765
0.401764
0.868636
0.335228
0.826944
0.50887
0.176351
0.560009
0.422379
0.260532
0.120594
0.410433
0.393788
0.966295
0.257803
0.952268
0.859446
0.672141
0.10325
0.766639
0.864398
0.332605
0.392722
0.893363
0.945698
0.569335
0.752265
0.80856
0.521823
0.014404
0.019239
0.993085
0.099297
0.374382
0.235197
0.151205
0.226149
0.104254
0.009866
0.813838
0.891293
0.722112
0.099919
0.328019
0.078379
0.42612
0.295382
0.467376
0.262825
0.929538
0.025241
0.013414
0.384442
0.243491
0.622419
0.061171
0.20959
0.818355
0.392525
0.629027
0.510952
0.18855
0.905244
0.334326
0.957176
0.177351
0.965161
0.732125
0.277991
0.74112
0.582534
0.606038
0.92153
0.856398
0.065299
0.35472
0.860206
0.131822
0.993941
0.655919
0.703979
0.209869
0.811373
0.802688
0.126341
0.571702
0.502343
0.200259
0.917669
0.761258
0.575313
0.060157
0.648236
0.832775
0.177021
0.583298
0.070903
0.822207
0.603323
0.025376
0.001757
0.06779
0.353903
0.434149
0.541041
0.834059
0.570608
0.872737
0.097519
0.606023
0.205877
0.960618
0.832245
0.145902
0.108651
0.336885
0.507577
0.784847
0.734943
0.460359
0.681884
0.835198
0.601795
0.290005
0.729604
0.377486
0.995585
0.126439
0.746517
0.502134
0.643914
0.58077
0.494413
0.79427
0.15307
0.930959
0.973845
0.035838
0.737043
0.035764
0.786511
0.687993
0.650539
0.927748
0.915233
0.267035
0.279472
0.708063
0.897451
0.944681
0.038856
0.384688
0.038221
0.108437
0.249139
0.73335
0.051982
0.545593
0.461863
0.180917
0.317132
0.206307
0.428478
0.39653
0.682453
0.676076
0.348456
0.417737
0.451889
0.11266
0.703748
0.975568
0.071456
0.014078
0.827056
0.356067
0.812406
0.128802
0.284556
0.957415
0.740068
0.187669
0.874642
0.366362
0.10874
0.923459
0.486877
0.332984
0.619433
0.544199
0.280451
0.556114
0.272592
0.423559
0.586539
0.046033
0.219897
0.487614
0.06732
0.62368
0.842159
0.146992
0.253953
0.666402
0.386467
0.860156
0.166215
0.857925
0.581158
0.231447
0.500366
0.385063
0.401251
0.342239
0.190592
0.375463
0.677141
0.689341
0.830933
0.772098
0.343769
0.879598
0.203977
0.82946
0.57223
0.445075
0.202831
0.265627
0.006589
0.355275
0.43981
0.243925
0.807159
0.838044
0.705623
0.98097
0.636068
0.006395
0.283495
0.610376
0.472164
0.028731
0.383604
0.296746
0.260048
0.410549
0.214017
0.140401
0.139938
0.843691
0.387439
0.328982
0.338347
0.921715
0.46529
0.747907
0.463193
0.870425
0.168037
0.312677
0.608314
0.743413
0.540818
0.175521
0.984025
0.191909
0.912629
0.573352
0.619793
0.543462
0.702485
0.42203
0.63144
0.49749
0.100229
0.791917
0.589511
0.091703
0.883892
0.751587
0.329963
0.01902
0.395647
0.613118
0.66358
0.46083
0.681217
0.015845
0.349202
0.703095
0.079578
0.656225
0.366898
0.342392
0.583586
0.926896
0.897437
0.386147
0.822755
0.010287
0.646625
0.971339
0.945398
0.090001
0.5504
0.42081
0.282096
0.269565
0.43508
0.466911
0.344697
0.156887
0.547999
0.994985
0.983643
0.08642
0.752247
0.931283
0.196744
0.134425
0.99999
0.507293
0.5649
0.362581
0.44941
0.969271
0.506704
0.384704
0.351533
0.521836
0.898629
0.449095
0.802066
0.594308
0.159651
0.271788
0.57757
0.71149
0.812921
0.275441
0.249212
0.126904
0.842187
0.954116
0.042914
0.029261
0.280343
0.594526
0.149835
0.259029
0.758624
0.311655
0.12316
0.914225
0.3801
0.795389
0.556102
0.996564
0.837674
0.835836
0.80391
0.107595
0.571665
0.401191
0.336517
0.09999
0.289429
0.195966
0.847315
0.430607
0.033425
0.104454
0.946493
0.461582
0.0764
0.763586
0.372987
0.831525
0.613259
0.365848
0.684384
0.344425
0.795211
0.905429
0.774664
0.224797
0.966669
0.813685
0.61237
0.15703
0.228189
0.449325
0.20906
0.843454
0.438556
0.918771
0.176365
0.452257
0.323994
0.015753
0.221342
0.310085
0.06973
0.986858
0.495829
0.661551
0.505495
0.015239
0.086803
0.848752
0.283097
0.683509
0.025066
0.249601
0.415476
0.996104
0.013895
0.734341
0.291749
0.315955
0.304365
0.778033
0.108335
0.69476
0.532838
0.860401
0.625551
0.357877
0.358288
0.526801
0.988795
0.522219
0.536277
0.918807
0.984063
0.069062
0.586295
0.86659
0.356738
0.224798
0.052929
0.481076
0.958036
0.861272
0.056275
0.191923
0.398637
0.366895
0.434353
0.532123
0.748267
0.466579
0.864621
0.867881
0.840674
0.613559
0.08549
0.692057
0.525764
0.981967
0.75846
0.691704
0.174192
0.572307
0.40444
0.207009
0.191453
0.548321
0.39669
0.04831
0.885959
0.15709
0.683177
0.055817
0.385438
0.222608
0.266675
0.45272
0.423878
0.152391
0.001879
0.170619
0.601805
0.429273
0.768576
0.173589
0.658779
0.293773
0.512192
0.364518
0.005282
0.045799
0.01943
0.522341
0.64784
0.964884
0.723247
0.647799
0.26063
0.398864
0.646961
0.208886
0.666982
0.827324
0.052131
0.041049
0.583522
0.254877
0.841979
0.714513
0.07592
0.437691
0.870207
0.87456
0.40399
0.348232
0.141496
0.279568
0.74028
0.349696
0.368036
0.474818
0.296268
0.034605
0.348819
0.357845
0.14036
0.712389
0.553127
0.645469
0.658052
0.660658
0.373646
0.34193
0.324338
0.627997
0.799536
0.797709
0.441743
0.21431
0.530291
0.21119
0.155736
0.474894
0.081793
0.356005
0.677388
0.729618
0.952454
0.8984
0.601295
0.65452
0.010607
0.571926
0.682251
0.278805
0.420758
0.830473
0.287935
0.614029
0.394981
0.508497
0.667962
0.026704
0.659062
0.931307
0.869289
0.392588
0.528421
0.538761
0.067335
0.957339
0.560313
0.733386
0.886825
0.890175
0.570591
0.290421
0.410401
0.993509
0.953764
0.836362
0.726852
0.159701
0.481199
0.443878
0.471934
0.477154
0.907087
0.780591
0.746712
0.312939
0.712978
0.494108
0.8219
0.643116
0.292695
0.527283
0.888659
0.733117
0.776006
0.939324
0.830194
0.517855
0.413625
0.835683
0.358674
0.443703
0.115284
0.150185
0.138337
0.256621
0.113692
0.029557
0.639397
0.171324
0.048934
0.257397
0.081445
0.567806
0.482142
0.341059
0.153764
0.356059
0.144893
0.346225
0.221072
0.847898
0.950494
0.484165
0.49615
0.473562
0.843436
0.877572
0.349616
0.128597
0.395567
0.69744
0.250931
0.278463
0.065027
0.042252
0.909773
0.001974
0.344575
0.357141
0.206435
0.83553
0.464876
0.779421
0.392868
0.708466
0.2782
0.948764
0.518392
0.414898
0.487812
0.012751
0.403466
0.330688
0.396204
0.316228
0.512719
0.297302
0.632685
0.523163
0.20648
0.420484
0.272644
0.876134
0.155702
0.292202
0.313433
0.912462
0.210225
0.689918
0.470453
0.645009
0.451936
0.74713
0.967119
0.199355
0.664631
0.674778
0.62825
0.872359
0.706329
0.788644
0.185869
0.261656
0.36433
0.556522
0.034643
0.387831
0.761869
0.692635
0.827791
0.091336
0.686963
0.149281
0.366529
0.189787
0.997799
0.708924
0.145314
0.583819
0.624943
0.945018
0.751833
0.213626
0.568587
0.947238
0.337551
0.143839
0.943421
0.212053
0.396499
0.249972
0.882877
0.427793
0.76986
0.870716
0.620862
0.141423
0.370665
0.389064
0.796846
0.374674
0.378329
0.1379
0.579669
0.729296
0.78196
0.676464
0.188069
0.191071
0.207951
0.542766
0.390849
0.993295
0.615945
0.946749
0.896139
0.092475
0.05102
0.541087
0.954097
0.747279
0.245511
0.06117
0.362948
0.869026
0.2086
0.593095
0.266558
0.144381
0.15741
0.096421
0.864596
0.725382
0.749375
0.575998
0.129511
0.122294
0.813816
0.362701
0.023508
0.759621
0.424509
0.845218
0.248681
0.813494
0.883951
0.218757
0.303509
0.159738
0.443715
0.820345
0.520969
0.253861
0.808885
0.471592
0.23376
0.824295
0.621901
0.209391
0.021872
0.910934
0.947035
0.593475
0.355243
0.471296
0.447236
0.92624
0.647373
0.882404
0.600788
0.931659
0.938361
0.120867
0.580402
0.368022
0.18838
0.196521
0.195294
0.828752
0.823771
0.382013
0.694828
0.589334
0.292629
0.465234
0.719525
0.617942
0.242367
0.313988
0.274513
0.642408
0.770454
0.034828
0.459358
0.917788
0.912373
0.139145
0.055483
0.982623
0.949307
0.948637
0.669591
0.581978
0.966632
0.216582
0.047515
0.573315
0.95039
0.862283
0.345257
0.49718
0.769127
0.375872
0.251127
0.830219
0.359224
0.82121
0.017076
0.267127
0.830361
0.196614
0.823589
0.219676
0.388156
0.41573
0.085448
0.904573
0.744028
0.452489
0.349007
0.009462
0.666545
0.306206
0.296847
0.403228
0.274442
0.354123
0.560403
0.74699
0.52493
0.66191
0.634728
0.578221
0.068186
0.606587
0.881621
0.061859
0.431556
0.311029
0.768391
0.659484
0.834975
0.571798
0.791977
0.763389
0.794408
0.946136
0.055346
0.718013
0.431202
0.871611
0.43746
0.232066
0.71752
0.3372
0.132926
0.153074
0.2081
0.203081
0.687064
0.844841
0.969248
0.944726
0.9641
0.500725
0.793544
0.44286
0.067754
0.436879
0.197606
0.541014
0.776694
0.685444
0.982272
0.734922
0.618221
0.569153
0.915833
0.524161
0.723872
0.067238
0.465325
0.062172
0.706389
0.451233
0.275679
0.473158
0.912251
0.259091
0.171925
0.378042
0.604489
0.921
0.974317
0.047257
0.221485
0.7221
0.310721
0.101743
0.391608
0.283346
0.920109
0.173126
0.954823
0.886657
0.403752
0.559124
0.61571
0.082676
0.022378
0.413418
0.977841
0.114582
0.175774
0.793618
0.159743
0.244301
0.53151
0.515493
0.462015
0.659684
0.935391
0.464242
0.817385
0.849538
0.780451
0.143594
0.860879
0.384861
0.36567
0.096296
0.559784
0.994977
0.612303
0.575244
0.5328
0.74369
0.827123
0.492112
0.463923
0.549123
0.314998
0.508324
0.205243
0.239473
0.885015
0.626437
0.006227
0.45322
0.09681
0.647548
0.459341
0.766638
0.831134
0.202101
0.860864
0.049649
0.445102
0.846961
0.878609
0.880346
0.032996
0.827793
0.478066
0.433917
0.652137
0.138381
0.973543
0.387115
0.738608
0.234286
0.875415
0.83834
0.66886
0.397981
0.545888
0.370386
0.181156
0.213132
0.856776
0.620244
0.067485
0.19397
0.771817
0.828978
0.295187
0.483874
0.633641
0.545961
0.236839
0.055075
0.646951
0.38272
0.410504
0.128364
0.311968
0.404408
0.940746
0.902939
0.561809
0.099584
0.155429
0.902996
0.593643
0.406772
0.946795
0.022019
0.372661
0.832999
0.526926
0.705859
0.916313
0.133726
0.0314
0.641647
0.644825
0.00758
0.595248
0.691883
0.672663
0.926178
0.774225
0.828096
0.845106
0.020241
0.142021
0.239942
0.758375
0.755755
0.267028
0.017168
0.117358
0.52732
0.056803
0.249808
0.012862
0.93456
0.022505
0.005261
0.176654
0.904737
0.915572
0.789584
0.151951
0.596458
0.087022
0.014337
0.453452
0.004032
0.434303
0.115477
0.986316
0.916576
0.589224
0.59372
0.68011
0.453044
0.820586
0.626066
0.511391
0.139728
0.088883
0.657826
0.864373
0.182162
0.171471
0.141037
0.937139
0.125151
0.998729
0.752444
0.581416
0.918555
0.954885
0.948699
0.952812
0.645439
0.035276
0.143786
0.071563
0.123709
0.64175
0.721202
0.869166
0.943878
0.496935
0.687564
0.355322
0.955794
0.181767
0.135937
0.464012
0.424826
0.862854
0.193232
0.684218
0.310106
0.663132
0.166633
0.098457
0.05345
0.468759
0.384507
0.754789
0.607479
0.052145
0.358481
0.798692
0.035261
0.942224
0.236485
0.90108
0.477316
0.774599
0.095853
0.213518
0.606246
0.856096
0.597512
0.373592
0.698172
0.337666
0.919369
0.227951
0.616568
0.896231
0.787027
0.373478
0.56463
0.017927
0.274433
0.57062
0.698386
0.599491
0.433836
0.553276
0.995268
0.25135
0.634461
0.877574
0.548848
0.901259
0.369619
0.320777
0.560975
0.161332
0.786317
0.024774
0.624632
0.725612
0.368269
0.622701
0.936014
0.715696
0.115869
0.584623
0.311828
0.65197
0.015576
0.447249
0.396887
0.377395
0.269309
0.222752
0.732846
0.814817
0.490884
0.748329
0.060239
0.835892
0.563843
0.513866
0.759769
0.964498
0.140739
0.223541
0.477806
0.158195
0.010356
0.017336
0.850368
0.011402
0.269396
0.516781
0.929186
0.791661
0.901515
0.890704
0.696483
0.214907
0.665889
0.696873
0.050355
0.170016
0.604471
0.768155
0.094339
0.266657
0.023273
0.300431
0.808341
0.763523
0.304135
0.091478
0.076138
0.855457
0.173889
0.485936
0.846921
0.245051
0.225523
0.905256
0.097356
0.220101
0.103463
0.694524
0.75345
0.299518
0.580983
0.761776
0.417783
0.214108
0.997644
0.81732
0.31021
0.057414
0.565935
0.860613
0.68841
0.795863
0.79841
0.246225
0.725171
0.565027
0.411907
0.375805
0.863288
0.931895
0.177095
0.10686
0.379732
0.249122
0.530788
0.030157
0.045851
0.342583
0.255142
0.200312
0.488382
0.466298
0.431679
0.338973
0.39372
0.384918
0.563137
0.937602
0.430601
0.440504
0.287737
0.912487
0.989528
0.43658
0.801304
0.821619
0.286204
0.088057
0.8383
0.391714
0.975452
0.685854
0.756663
0.641667
0.85172
0.144146
0.17169
0.099382
0.480699
0.665049
0.56797
0.16983
0.765941
0.678622
0.309346
0.05814
0.011367
0.777155
0.90206
0.107098
0.718736
0.556421
0.570387
0.440383
0.399194
0.536875
0.069151
0.796391
0.164187
0.265394
0.774179
0.396129
0.00257
0.977919
0.97577
0.351533
0.137766
0.580851
0.775314
0.592708
0.869609
0.222947
0.13523
0.695128
0.75346
0.53362
0.391861
0.020837
0.840278
0.650251
0.845572
0.424587
0.193583
0.651463
0.925228
0.199057
0.199316
0.384308
0.669379
0.505956
0.041333
0.524112
0.696619
0.998124
0.489758
0.522567
0.75759
0.065783
0.35612
0.357164
0.805382
0.040028
0.083651
0.621914
0.128214
0.395726
0.63997
0.769015
0.374801
0.651199
0.812616
0.626671
0.620951
0.440648
0.992665
0.0827
0.201501
0.56353
0.059332
0.625984
0.807949
0.487886
0.762915
0.102302
0.728275
0.287255
0.962166
0.773183
0.529353
0.785043
0.320808
0.816627
0.923584
0.105699
0.893802
0.742934
0.58363
0.244866
0.855999
0.912075
0.698971
0.500775
0.970482
0.443078
0.971495
0.611832
0.069747
0.756758
0.138568
0.296925
0.609133
0.443599
0.893083
0.432108
0.098264
0.555462
0.877308
0.257595
0.755351
0.21555
0.223316
0.223078
0.927477
0.275556
0.470997
0.513564
0.213425
0.312511
0.799174
0.734955
0.811699
0.571883
0.868488
0.215198
0.128998
0.255259
0.998592
0.744427
0.364763
0.101641
0.275411
0.230163
0.994021
0.297655
0.716514
0.362657
0.710508
0.487685
0.297404
0.193619
0.786759
0.240706
0.357344
0.712188
0.336628
0.827241
0.806158
0.596015
0.429272
0.35939
0.077521
0.36255
0.89933
0.693133
0.608813
0.922146
0.013871
0.752254
0.846648
0.010718
0.719705
0.986391
0.078951
0.350069
0.853413
0.743778
0.78227
0.129297
0.581734
0.026645
0.369608
0.447026
0.40368
0.322942
0.741312
0.330111
0.803476
0.636863
0.366571
0.214791
0.344855
0.468161
0.490393
0.699958
0.973941
0.996306
0.596846
0.772996
0.424264
0.295062
0.82792
0.889916
0.517865
0.87633
0.550422
0.727424
0.839338
0.432412
0.563864
0.944486
0.57465
0.094697
0.029232
0.55547
0.149836
0.935217
0.075887
0.495232
0.493684
0.202308
0.207093
0.652762
0.474815
0.349929
0.866414
0.066367
0.632021
0.110828
0.19368
0.311988
0.739706
0.437099
0.624271
0.437001
0.612094
0.279196
0.569768
0.633928
0.554767
0.775631
0.115645
0.648142
0.017807
0.209886
0.222472
0.305354
0.685466
0.87958
0.92291
0.241731
0.578883
0.947188
0.03348
0.392732
0.679246
0.655401
0.375673
0.582075
0.470722
0.137055
0.183498
0.546553
0.343284
0.505165
0.605413
0.038893
0.17085
0.524181
0.282586
0.101359
0.397679
0.368673
0.157379
0.290555
0.725365
0.25006
0.592882
0.759645
0.173697
0.399721
0.341207
0.862228
0.728369
0.574432
0.273106
0.522775
0.986862
0.578392
0.505818
0.101738
0.131162
0.937725
0.935946
0.874425
0.079559
0.131139
0.287886
0.036426
0.799712
0.552926
0.385852
0.330319
0.708899
0.372183
0.064376
0.686054
0.825338
0.226927
0.984791
0.448571
0.371336
0.604535
0.197961
0.17669
0.416549
0.92099
0.024687
0.395118
0.716106
0.472092
0.444634
0.434196
0.11834
0.038217
0.902109
0.375802
0.016152
0.096801
0.562022
0.283654
0.618064
0.133268
0.543904
0.406375
0.682877
0.063388
0.521101
0.83201
0.393347
0.063861
0.837567
0.340897
0.635687
0.380899
0.626227
0.01247
0.111988
0.64902
0.616027
0.518631
0.511509
0.895095
0.589719
0.449803
0.555121
0.364495
0.636276
0.177132
0.30794
0.89201
0.675603
0.046347
0.060661
0.941561
0.221921
0.178641
0.291196
0.74689
0.244172
0.906689
0.283914
0.766053
0.682481
0.350573
0.828306
0.015421
0.543571
0.545511
0.608676
0.776783
0.27629
0.88607
0.488672
0.969864
0.409214
0.146591
0.360136
0.086246
0.157258
0.385116
0.062935
0.858728
0.519024
0.058565
0.715064
0.603975
0.571484
0.076978
0.303459
0.909372
0.240302
0.584935
0.783822
0.286939
0.106963
0.488403
0.912754
0.331427
0.147376
0.632872
0.4841
0.895554
0.624577
0.681708
0.039584
0.903324
0.197058
0.182548
0.388782
0.310372
0.116952
0.324616
0.764142
0.839898
0.923274
0.761302
0.216485
0.571475
0.685683
0.607907
0.311937
0.259874
0.868987
0.517097
0.043565
0.076849
0.255351
0.096977
0.263242
0.126129
0.325615
0.293521
0.764202
0.57648
0.087815
0.236422
0.290169
0.22965
0.424992
0.975329
0.310015
0.753316
0.755818
0.857389
0.005631
0.521681
0.14501
0.425005
0.741704
0.987718
0.22138
0.945389
0.57698
0.319177
0.911951
0.233258
0.355903
0.954954
0.802335
0.992469
0.110673
0.4349
0.754285
0.370012
0.702356
0.790212
0.752814
0.064554
0.381821
0.094965
0.629986
0.626144
0.275055
0.779748
0.205474
0.998053
0.074764
0.57591
0.042546
0.293247
0.430131
0.854398
0.951279
0.987076
0.246437
0.167448
0.496948
0.08277
0.757441
0.574212
0.510506
0.913494
0.664237
0.368455
0.992468
0.074546
0.759015
0.926025
0.411134
0.239841
0.91589
0.474821
0.090835
0.569774
0.73295
0.783723
0.100671
0.399266
0.46885
0.081049
0.72579
0.690054
0.997855
0.168447
0.598073
0.381907
0.261672
0.144679
0.419338
0.974024
0.479612
0.789333
0.867127
0.344412
0.060718
0.164652
0.975928
0.57065
0.986145
0.409666
0.756913
0.261148
0.002422
0.378302
0.125182
0.467065
0.020631
0.362934
0.473362
0.257601
0.78179
0.6514
0.156618
0.250113
0.488061
0.629476
0.840256
0.98038
0.934938
0.727951
0.631544
0.770748
0.452045
0.685529
0.059655
0.596532
0.57975
0.087883
0.671177
0.691826
0.533518
0.630348
0.357637
0.323772
0.325778
0.98726
0.087333
0.901044
0.58611
0.483877
0.59071
0.879619
0.165427
0.952441
0.311867
0.838663
0.788526
0.186348
0.499393
0.717601
0.053215
0.781163
0.901125
0.703325
0.590626
0.082541
0.611676
0.549157
0.676593
0.421852
0.196286
0.165252
0.904894
0.84528
0.932998
0.217059
0.51807
0.38359
0.668188
0.857312
0.017409
0.790543
0.317311
0.601605
0.983795
0.596245
0.670784
0.880156
0.311719
0.359769
0.019044
0.699061
0.209431
0.042392
0.294687
0.610909
0.672788
0.052376
0.852238
0.625381
0.442878
0.340831
0.656092
0.838513
0.807238
0.621593
0.255756
0.585647
0.366136
0.099206
0.574061
0.527524
0.380385
0.865905
0.835215
0.893078
0.610413
0.215661
0.307622
0.369905
0.883399
0.343364
0.337988
0.099433
0.696564
0.041295
0.07647
0.201763
0.606387
0.333322
0.685887
0.432267
0.248213
0.104601
0.254814
0.063915
0.926024
0.303634
0.194579
0.95455
0.541872
0.906673
0.015089
0.162212
0.43982
0.919894
0.028368
0.644949
0.478634
0.598862
0.199324
0.779576
0.366517
0.93178
0.13853
0.298517
0.234849
0.475833
0.039623
0.255029
0.202504
0.818492
0.903637
0.163911
0.1344
0.524863
0.046507
0.031185
0.381416
0.515255
0.79771
0.134417
0.806064
0.435649
0.932772
0.118315
0.227699
0.000813
0.594502
0.399735
0.384123
0.863407
0.483085
0.727426
0.429546
0.700788
0.850518
0.725147
0.257108
0.721
0.578562
0.918225
0.207947
0.278241
0.002298
0.755765
0.575335
0.766691
0.185544
0.701031
0.139296
0.644396
0.112514
0.050273
0.057398
0.438088
0.810424
0.993018
0.409855
0.129385
0.410759
0.771404
0.586533
0.693865
0.476532
0.792445
0.366427
0.307423
0.278901
0.931652
0.129405
0.228848
0.003346
0.687805
0.948878
0.70025
0.724166
0.358258
0.822782
0.654757
0.549562
0.708348
0.477685
0.564555
0.277569
0.565377
0.400401
0.984501
0.285867
0.427712
0.307541
0.716826
0.960963
0.614566
0.052656
0.942741
0.171266
0.031098
0.34408
0.057393
0.675562
0.748151
0.736738
0.773351
0.774544
0.237931
0.203381
0.464935
0.002808
0.432175
0.062531
0.744218
0.711137
0.116305
0.097088
0.752622
0.766529
0.280777
0.217774
0.336253
0.273316
0.627032
0.838906
0.091676
0.128757
0.231083
0.759928
0.877185
0.040845
0.352422
0.743045
0.780976
0.344232
0.817948
0.876369
0.589143
0.149091
0.480487
0.203614
0.35987
0.12331
0.244479
0.09201
0.617027
0.58884
0.275626
0.177301
0.685085
0.911454
0.509825
0.355312
0.65398
0.484838
0.887278
0.478034
0.598278
0.1403
0.935038
0.70958
0.874221
0.973036
0.623765
0.103504
0.421935
0.075261
0.08519
0.544878
0.870451
0.094903
0.12753
0.009447
0.004394
0.759256
0.459888
0.380039
0.945615
0.553535
0.022136
0.373828
0.931288
0.788312
0.216783
0.950521
0.221814
0.330561
0.766284
0.988067
0.511376
0.094494
0.943831
0.5256
0.444476
0.724623
0.203507
0.819504
0.333414
0.770447
0.549467
0.509568
0.580941
0.86061
0.2977
0.256662
0.165289
0.318563
0.154473
0.243261
0.456138
0.130202
0.938523
0.365396
0.147253
0.840613
0.108796
0.930033
0.681676
0.054777
0.163269
0.926172
0.564743
0.598874
0.987068
0.45982
0.46687
0.064715
0.033631
0.445748
0.333194
0.33867
0.730002
0.360437
0.791628
0.783429
0.432277
0.563907
0.741007
0.049111
0.414721
0.629176
0.918118
0.648619
0.117564
0.158375
0.002007
0.107116
0.202476
0.636336
0.52255
0.881776
0.085511
0.845565
0.709098
0.637792
0.14625
0.000454
0.152707
0.643663
0.129895
0.887277
0.959445
0.288138
0.136511
0.819673
0.341244
0.235639
0.665738
0.468432
0.972573
0.134107
0.333769
0.829053
0.971265
0.768405
0.065034
0.229686
0.751613
0.105754
0.205417
0.88454
0.241898
0.771727
0.989903
0.431611
0.903528
0.19402
0.556098
0.02359
0.507448
0.314266
0.457572
0.6351
0.504527
0.790418
0.099207
0.789565
0.696485
0.490639
0.494498
0.387699
0.295779
0.344017
0.399544
0.724749
0.334596
0.051678
0.435447
0.202821
0.409409
0.261325
0.624665
0.081429
0.930888
0.935962
0.77344
0.939752
0.42854
0.673664
0.184425
0.379143
0.905383
0.864178
0.127577
0.697238
0.803536
0.23317
0.42541
0.963651
0.684659
0.29095
0.393621
0.976602
0.491383
0.333248
0.719406
0.945441
0.209773
0.255324
0.8422
0.056754
0.252175
0.612982
0.653535
0.180863
0.382872
0.303161
0.068107
0.623171
0.07073
0.709753
0.883577
0.98698
0.126148
0.721062
0.610501
0.295599
0.263272
0.406926
0.310849
0.1318
0.024378
0.83918
0.636862
0.507742
0.999464
0.81489
0.503091
0.040067
0.260671
0.278546
0.924888
0.363164
0.10445
0.538466
0.818801
0.642046
0.578303
0.935803
0.119555
0.06546
0.616585
0.120901
0.916721
0.66061
0.415013
0.159425
0.765315
0.901763
0.790488
0.147208
0.024083
0.114081
0.076452
0.797454
0.101062
0.971934
0.406284
0.958051
0.101955
0.536357
0.273506
0.641305
0.971374
0.707567
0.662673
0.29172
0.871463
0.387595
0.584982
0.855252
0.266883
0.840409
0.024884
0.240341
0.417451
0.201628
0.807454
0.774765
0.690427
0.820322
0.050033
0.23596
0.669477
0.028219
0.13235
0.427726
0.571075
0.935087
0.762604
0.332277
0.08927
0.013813
0.613647
0.667372
0.28698
0.439984
0.06042
0.210284
0.504549
0.214469
0.703156
0.422353
0.433481
0.281087
0.976199
0.087613
0.059694
0.297927
0.170818
0.061365
0.123126
0.178322
0.372504
0.731467
0.821932
0.641853
0.518438
0.501356
0.997422
0.413767
0.680408
0.811451
0.864046
0.474423
0.301495
0.834981
0.204283
0.608388
0.150098
0.383776
0.634747
0.187946
0.680125
0.776866
0.688436
0.883811
0.251243
0.688486
0.519255
0.725785
0.289248
0.74319
0.117103
0.809563
0.219566
0.095191
0.477811
0.634459
0.52008
0.234149
0.341068
0.964285
0.877417
0.480583
0.227798
0.170512
0.196301
0.558137
0.126573
0.927224
0.96268
0.1469
0.306541
0.197197
0.645774
0.841074
0.605339
0.543393
0.837628
0.93284
0.103768
0.327301
0.682734
0.119243
0.417968
0.706471
0.482077
0.946448
0.470789
0.583972
0.25111
0.81082
0.469407
0.885557
0.51333
0.30372
0.395885
0.001807
0.588984
0.466479
0.230594
0.134626
0.646423
0.954479
0.802513
0.530547
0.793974
0.223604
0.643905
0.90724
0.484648
0.02999
0.934502
0.851758
0.918191
0.97177
0.17348
0.858699
0.926405
0.804386
0.400345
0.377748
0.971881
0.819603
0.976671
0.044548
0.849524
0.746895
0.098555
0.881135
0.22223
0.065987
0.645601
0.604206
0.422595
0.62193
0.071498
0.890838
0.673474
0.226853
0.559456
0.964433
0.355369
0.798476
0.010464
0.971304
0.7145
0.167616
0.585932
0.848495
0.777577
0.867693
0.001827
0.272185
0.060115
0.963014
0.301134
0.772867
0.049558
0.707925
0.721755
0.123124
0.595334
0.089556
0.152391
0.417101
0.861086
0.589668
0.326149
0.839924
0.887276
0.090933
0.101774
0.79387
0.627816
0.406196
0.088645
0.255546
0.045756
0.764477
0.145491
0.456238
0.270438
0.499516
0.394503
0.844826
0.592376
0.565859
0.428237
0.14037
0.503367
0.939256
0.920564
0.901274
0.190393
0.313521
0.985586
0.467681
0.734969
0.292197
0.947206
0.782061
0.290073
0.117625
0.780801
0.455207
0.985511
0.371855
0.201953
0.749563
0.591295
0.119929
0.523106
0.826274
0.509045
0.477329
0.105334
0.785017
0.779331
0.922401
0.802625
0.077389
0.014705
0.297299
0.048289
0.254225
0.21362
0.697917
0.426424
0.178935
0.687489
0.214329
0.478358
0.323032
0.301796
0.48657
0.072615
0.490483
0.842442
0.027454
0.046888
0.153702
0.364405
0.061414
0.575221
0.761701
0.875192
0.674812
0.308801
0.31825
0.558175
0.092133
0.036076
0.538373
0.350379
0.277013
0.292117
0.512703
0.140107
0.177563
0.756034
0.321168
0.801183
0.320304
0.644466
0.254221
0.030174
0.762852
0.564178
0.338798
0.949495
0.365288
0.086982
0.24052
0.552656
0.970904
0.371499
0.560283
0.849702
0.771628
0.778633
0.587827
0.274048
0.791193
0.604777
0.481108
0.699645
0.905743
0.176917
0.243054
0.424655
0.755022
0.678352
0.449407
0.317007
0.152247
0.798548
0.130793
0.954512
0.556242
0.336015
0.996003
0.948166
0.192198
0.716993
0.816655
0.28942
0.59701
0.342994
0.188739
0.811219
0.819453
0.004553
0.206853
0.736696
0.549709
0.733049
0.645699
0.48929
0.936861
0.722393
0.335899
0.874043
0.279643
0.241581
0.10838
0.731425
0.97086
0.150979
0.622283
0.001175
0.243207
0.793387
0.681356
0.025611
0.564612
0.731637
0.823797
0.977922
0.445476
0.359318
0.285028
0.675159
0.335789
0.305426
0.540336
0.965487
0.758954
0.437605
0.90773
0.071044
0.560507
0.502027
0.491051
0.879818
0.584562
0.780659
0.871865
0.881481
0.576795
0.655566
0.964301
0.288377
0.084314
0.954319
0.950641
0.123989
0.644311
0.86963
0.076528
0.653803
0.485302
0.453942
0.903199
0.692631
0.74599
0.693827
0.698504
0.304851
0.645373
0.623131
0.142984
0.209516
0.386004
0.113454
0.608306
0.887736
0.197496
0.676925
0.468786
0.995551
0.399528
0.025728
0.082614
0.111884
0.886021
0.584178
0.475597
0.227393
0.036487
0.627305
0.825773
0.320885
0.546354
0.098538
0.760571
0.295146
0.779176
0.576996
0.529863
0.67302
0.785505
0.568522
0.286084
0.618239
0.590012
0.663262
0.542413
0.732522
0.632131
0.962534
0.362408
0.033115
0.620593
0.406152
0.666687
0.450089
0.85189
0.39515
0.261909
0.707556
0.180793
0.634524
0.782083
0.716132
0.110936
0.561362
0.730586
0.579742
0.684222
0.171089
0.495225
0.613901
0.044261
0.927687
0.004794
0.243448
0.152211
0.586918
0.736025
0.693255
0.521907
0.098901
0.355996
0.363729
0.535912
0.54688
0.775603
0.527844
0.651241
0.519193
0.202808
0.441126
0.142931
0.062007
0.821585
0.309924
0.387997
0.116678
0.230031
0.064677
0.97277
0.27597
0.113979
0.763974
0.286015
0.398939
0.97264
0.126086
0.585478
0.506859
0.295368
0.999967
0.758305
0.354148
0.033934
0.646653
0.46751
0.68879
0.360081
0.193879
0.079282
0.630013
0.276743
0.085094
0.636582
0.497012
0.795498
0.713696
0.794182
0.597405
0.423897
0.323564
0.899589
0.665151
0.215547
0.857624
0.910652
0.900935
0.943716
0.350028
0.824579
0.184544
0.646723
0.473721
0.20804
0.840614
0.681574
0.959783
0.666337
0.335357
0.350135
0.042031
0.682005
0.405395
0.009461
0.106618
0.474165
0.022887
0.10443
0.427945
0.051073
0.12965
0.329134
0.134843
0.580457
0.097071
0.969069
0.246043
0.750069
0.052247
0.857689
0.614902
0.22259
0.402321
0.994437
0.271484
0.574155
0.373603
0.048356
0.430042
0.744411
0.53388
0.586969
0.628727
0.350591
0.929236
0.010026
0.920975
0.461153
0.917155
0.822274
0.044783
0.717507
0.713524
0.394627
0.670779
0.087424
0.327936
0.300727
0.936833
0.045886
0.186773
0.956628
0.240099
0.206039
0.868976
0.100226
0.342666
0.584053
0.43875
0.511015
0.425399
0.522359
0.281672
0.834967
0.016804
0.946188
0.648156
0.570583
0.825719
0.637841
0.447615
0.80552
0.589981
0.580648
0.464371
0.960057
0.316535
0.384176
0.059917
0.447585
0.530781
0.08283
0.694167
0.884212
0.88478
0.527382
0.488162
0.253114
0.873573
0.997415
0.710598
0.358214
0.09621
0.453722
0.558746
0.147319
0.318649
0.581828
0.656409
0.609041
0.796422
0.372545
0.520424
0.311303
0.235043
0.777328
0.675842
0.456123
0.928277
0.723548
0.571934
0.054972
0.64906
0.990606
0.328856
0.868154
0.223398
0.450696
0.880594
0.574853
0.783004
0.031832
0.242423
0.405669
0.763798
0.847943
0.563555
0.589392
0.071802
0.287057
0.63488
0.694912
0.74266
0.242565
0.507181
0.412074
0.41276
0.285033
0.144163
0.138686
0.994624
0.892468
0.390314
0.84869
0.774682
0.165416
0.816898
0.702081
0.168173
0.429547
0.571428
0.542362
0.123798
0.047204
0.103679
0.502982
0.022443
0.470347
0.33895
0.730294
0.854017
0.847226
0.674438
0.636011
0.013696
0.237924
0.569789
0.478666
0.965202
0.654081
0.713907
0.197543
0.837473
0.785911
0.13057
0.717091
0.082465
0.776398
0.694805
0.611499
0.467257
0.183989
0.191444
0.067849
0.950921
0.699611
0.783833
0.612856
0.687116
0.845576
0.297499
0.210518
0.4773
0.814133
0.10105
0.41601
0.080677
0.945662
0.957401
0.40352
0.625573
0.159762
0.125608
0.704325
0.190946
0.922081
0.011168
0.88281
0.690257
0.812316
0.597192
0.949936
0.657276
0.089718
0.520309
0.098854
0.796152
0.409224
0.409125
0.776968
0.909149
0.369917
0.827429
0.465999
0.210512
0.340384
0.699025
0.610975
0.802849
0.419256
0.770965
0.411992
0.495654
0.444967
0.936963
0.521537
0.879886
0.847263
0.513531
0.412631
0.770063
0.999965
0.428758
0.128932
0.169316
0.822187
0.500827
0.203336
0.9878
0.205958
0.158454
0.375438
0.539636
0.646464
0.204951
0.504546
0.706001
0.178264
0.422799
0.148723
0.621831
0.893086
0.208268
0.083847
0.504421
0.943931
0.594399
0.13924
0.967352
0.787075
0.18651
0.854707
0.937523
0.80378
0.682412
0.008565
0.974335
0.757404
0.975015
0.12293
0.511479
0.697087
0.017179
0.4947
0.847709
0.133028
0.636598
0.059267
0.009043
0.322648
0.257124
0.195373
0.597473
0.434321
0.670675
0.018486
0.475446
0.747524
0.141572
0.662198
0.287008
0.176461
0.401409
0.9858
0.315685
0.545863
0.295772
0.077601
0.810612
0.824423
0.424143
0.066502
0.01086
0.72554
0.62436
0.2709
0.426761
0.285106
0.340871
0.627877
0.04354
0.025866
0.415101
0.677833
0.547861
0.566267
0.843111
0.577243
0.321631
0.601537
0.782251
0.182416
0.959491
0.333197
0.248988
0.435102
0.445639
0.17614
0.228129
0.907979
0.838503
0.043298
0.492315
0.925127
0.159496
0.966876
0.603363
0.468219
0.413474
0.125775
0.350111
0.491075
0.186928
0.229256
0.056622
0.052134
0.10832
0.044204
0.367466
0.508208
0.199607
0.970324
0.372435
0.141578
0.556928
0.255314
0.493066
0.427546
0.62175
0.394171
0.792187
0.032195
0.958702
0.808402
0.475457
0.430895
0.175374
0.905498
0.23579
0.424087
0.043729
0.653302
0.954739
0.929313
0.456839
0.792743
0.419472
0.165787
0.187302
0.394155
0.928038
0.577903
0.915081
0.373533
0.787536
0.317651
0.285588
0.431908
0.396047
0.649709
0.206138
0.319387
0.778501
0.085054
0.921603
0.175575
0.474301
0.860996
0.218263
0.761897
0.384918
0.286567
0.432315
0.234936
0.106891
0.759783
0.150061
0.703289
0.530633
0.76206
0.017874
0.69411
0.648455
0.192007
0.126903
0.316445
0.202696
0.175439
0.583988
0.643846
0.82338
0.708509
0.547306
0.945168
0.366614
0.729536
0.636722
0.695918
0.169703
0.640319
0.614706
0.487393
0.223705
0.903215
0.804894
0.143616
0.462481
0.879874
0.346183
0.826322
0.371109
0.11845
0.913842
0.618201
0.118957
0.700206
0.401912
0.246652
0.203815
0.926131
0.420861
0.274222
0.354596
0.99927
0.137668
0.400485
0.903372
0.611789
0.441189
0.099252
0.417933
0.358905
0.1257
0.606808
0.621798
0.63352
0.431906
0.52148
0.332145
0.807842
0.20717
0.35506
0.59163
0.123889
0.363543
0.259472
0.44415
0.71859
0.477294
0.489673
0.569473
0.138514
0.114346
0.36233
0.573903
0.805444
0.798436
0.229956
0.250719
0.397818
0.61398
0.004684
0.451625
0.53435
0.201244
0.761825
0.185809
0.690871
0.551453
0.098453
0.691663
0.062359
0.052502
0.772768
0.765049
0.857028
0.612483
0.583692
0.340856
0.813946
0.942532
0.873079
0.039791
0.656993
0.264284
0.361696
0.111322
0.25176
0.125958
0.208338
0.47156
0.013815
0.372587
0.864259
0.154064
0.210623
0.19738
0.999809
0.873152
0.179491
0.139915
0.106167
0.921354
0.847357
0.588955
0.311584
0.884744
0.599463
0.678514
0.190728
0.384026
0.348993
0.135095
0.217734
0.5448
0.589123
0.998039
0.177947
0.855908
0.125698
0.705528
0.819473
0.823341
0.773106
0.538204
0.311575
0.741094
0.297838
0.325103
0.736001
0.911207
0.213448
0.3955
0.819509
0.815918
0.603855
0.733935
0.575692
0.301802
0.918643
0.814137
0.701853
0.73073
0.738366
0.858698
0.846996
0.123221
0.904432
0.121959
0.180306
0.295925
0.517953
0.962701
0.627739
0.971446
0.909388
0.965756
0.384884
0.996421
0.908238
0.835106
0.106849
0.752043
0.042054
0.829379
0.298011
0.649872
0.385839
0.166382
0.999164
0.284531
0.778244
0.370025
0.115003
0.481476
0.006122
0.399693
0.779854
0.899934
0.352373
0.33201
0.197497
0.866878
0.418368
0.823643
0.016071
0.325537
0.373435
0.274386
0.276593
0.206776
0.198839
0.068851
0.265856
0.373695
0.836787
0.119555
0.067936
0.889534
0.936297
0.797068
0.913842
0.875524
0.179682
0.860465
0.29482
0.338491
0.205968
0.710347
0.92233
0.187621
0.066444
0.378852
0.166469
0.765523
0.674431
0.000945
0.829525
0.983849
0.429331
0.794835
0.320581
0.169475
0.474578
0.39643
0.42696
0.099297
0.209321
0.643516
0.29838
0.540048
0.639298
0.858727
0.031814
0.609788
0.967638
0.402717
0.244212
0.715414
0.669883
0.431779
0.911296
0.089961
0.575041
0.374166
0.177545
0.821464
0.844595
0.982679
0.347163
0.917889
0.316805
0.722862
0.778776
0.938988
0.878375
0.589817
0.35564
0.651094
0.990077
0.339129
0.088695
0.869366
0.264772
0.218918
0.44323
0.826303
0.304352
0.015911
0.796681
0.47348
0.922304
0.983075
0.400618
0.419929
0.61728
0.844445
0.216419
0.337018
0.621152
0.373642
0.639932
0.250022
0.875775
0.088609
0.588433
0.035263
0.483709
0.056233
0.488621
0.115994
0.714637
0.146814
0.322776
0.173519
0.642222
0.051482
0.633109
0.072773
0.934281
0.117595
0.762923
0.547009
0.158408
0.272967
0.740279
0.48856
0.755482
0.252692
0.422907
0.790848
0.696361
0.999908
0.388942
0.334677
0.551267
0.589959
0.054624
0.060059
0.881006
0.957824
0.458622
0.490801
0.632577
0.757799
0.661563
0.39815
0.062986
0.856292
0.828846
0.717485
0.229516
0.455139
0.778172
0.851946
0.057902
0.410727
0.945047
0.321505
0.497687
0.057565
0.278861
0.552054
0.81321
0.802471
0.93466
0.048863
0.831049
0.781857
0.710004
0.606184
0.798777
0.820401
0.709399
0.488307
0.535647
0.016429
0.342968
0.89527
0.256295
0.990145
0.653933
0.482691
0.002049
0.947676
0.207269
0.203078
0.47516
0.427857
0.842775
0.724268
0.95109
0.678656
0.349191
0.909395
0.43896
0.59674
0.102637
0.087506
0.762013
0.136419
0.928911
0.812679
0.614047
0.062789
0.996247
0.158605
0.224717
0.668093
0.066943
0.778371
0.977924
0.927848
0.695637
0.446172
0.392986
0.84176
0.287944
0.53388
0.156594
0.211841
0.055137
0.425033
0.492049
0.643232
0.262369
0.969964
0.391228
0.044742
0.123403
0.050164
0.265065
0.381899
0.57416
0.817251
0.936471
0.218843
0.512068
0.327724
0.128761
0.298617
0.965579
0.391175
0.142594
0.256684
0.251637
0.68332
0.720499
0.491207
0.663377
0.96941
0.725425
0.017505
0.805842
0.20183
0.159828
0.410245
0.010175
0.652987
0.599404
0.743335
0.944468
0.04574
0.447691
0.151447
0.399192
0.540045
0.455743
0.672729
0.151334
0.076911
0.216038
0.584947
0.414888
0.207452
0.527398
0.065883
0.155957
0.400966
0.215763
0.106483
0.928406
0.356586
0.353668
0.688494
0.015257
0.509732
0.826014
0.158013
0.714245
0.482969
0.527231
0.169201
0.348055
0.15512
0.928013
0.801002
0.600159
0.607009
0.192043
0.97653
0.884748
0.299193
0.0262
0.452339
0.237931
0.899878
0.155229
0.226655
0.811237
0.519554
0.537265
0.158853
0.067696
0.979082
0.842639
0.464137
0.950394
0.501972
0.540472
0.132534
0.795118
0.989127
0.906293
0.933392
0.572074
0.887791
0.713204
0.795517
0.127939
0.711881
0.588438
0.633397
0.047587
0.943127
0.103977
0.707072
0.031256
0.065547
0.105458
0.741791
0.74161
0.546558
0.950002
0.90175
0.016359
0.96019
0.741894
0.49876
0.076599
0.385402
0.368762
0.597146
0.334205
0.878186
0.415449
0.323732
0.149517
0.606919
0.914899
0.306272
0.703695
0.225992
0.771837
0.511546
0.588181
0.03771
0.851686
0.457102
0.009341
0.095556
0.598837
0.909309
0.265279
0.677774
0.007222
0.832066
0.964745
0.255581
0.735858
0.230424
0.560659
0.387559
0.270303
0.761679
0.593634
0.504533
0.637656
0.916319
0.736874
0.383745
0.706058
0.105309
0.536019
0.42192
0.610141
0.120446
0.375332
0.280796
0.58714
0.824354
0.307974
0.497339
0.391654
0.811803
0.645966
0.695099
0.794599
0.551316
0.728231
0.825897
0.760393
0.653337
0.923329
0.538229
0.728388
0.623556
0.71024
0.404218
0.274291
0.26145
0.547899
0.653195
0.814322
0.472968
0.159794
0.060412
0.850756
0.934693
0.313826
0.730085
0.420073
0.573262
0.743643
0.793278
0.26806
0.819187
0.691979
0.260624
0.252571
0.144637
0.590389
0.460568
0.142992
0.261155
0.318365
0.85258
0.110411
0.980114
0.128108
0.210251
0.696908
0.849372
0.598659
0.69848
0.580393
0.726958
0.08174
0.957146
0.701125
0.211161
0.913
0.14882
0.852341
0.273397
0.042744
0.565671
0.927384
0.568046
0.946712
0.865649
0.879423
0.153823
0.820814
0.257332
0.120315
0.797828
0.30195
0.299321
0.707102
0.152338
0.03694
0.063772
0.981212
0.88861
0.3878
0.998464
0.398301
0.290472
0.363497
0.066096
0.79269
0.431403
0.923569
0.332351
0.326267
0.191166
0.484569
0.40711
0.08184
0.698229
0.856041
0.287178
0.886069
0.803628
0.90174
0.939744
0.470143
0.181651
0.624996
0.942463
0.846108
0.782494
0.120523
0.445751
0.145592
0.650651
0.011541
0.88867
0.987096
0.732902
0.308256
0.624295
0.44397
0.824177
0.413599
0.327602
0.050574
0.928433
0.806636
0.538603
0.356677
0.93004
0.23528
0.623123
0.45991
0.4516
0.751401
0.999766
0.244955
0.637934
0.924453
0.051026
0.108809
0.50151
0.184707
0.121043
0.088934
0.07906
0.892488
0.307655
0.20304
0.444477
0.921466
0.87168
0.647152
0.270484
0.798345
0.302116
0.465759
0.357804
0.353699
0.901715
0.251401
0.612862
0.083053
0.212059
0.931245
0.669307
0.389736
0.46131
0.840713
0.215488
0.410761
0.517808
0.534558
0.764647
0.240143
0.099738
0.647401
0.83507
0.124104
0.238487
0.390827
0.851572
0.097671
0.811094
0.480197
0.484283
0.706298
0.526941
0.294074
0.831757
0.336744
0.010664
0.241739
0.004753
0.577123
0.466385
0.460468
0.709736
0.474936
0.771976
0.478868
0.776355
0.325217
0.426011
0.6684
0.105666
0.974502
0.384321
0.696385
0.890659
0.775587
0.405532
0.580737
0.426843
0.287049
0.489037
0.683714
0.623304
0.650545
0.035573
0.960016
0.295811
0.806612
0.869744
0.508905
0.219115
0.12571
0.455604
0.284643
0.314316
0.909064
0.265181
0.796548
0.348826
0.256463
0.585549
0.225348
0.290362
0.378118
0.810634
0.686186
0.031636
0.996478
0.80941
0.678677
0.086258
0.88472
0.121518
0.204924
0.965428
0.07121
0.770841
0.659039
0.793711
0.981188
0.433991
0.257432
0.054633
0.484467
0.700875
0.466122
0.81896
0.222645
0.950607
0.132648
0.90086
0.458236
0.025405
0.496385
0.812509
0.628826
0.60625
0.703507
0.834717
0.971922
0.202045
0.305287
0.254103
0.462699
0.873302
0.836326
0.445611
0.855723
0.94809
0.621564
0.726702
0.836674
0.600517
0.277462
0.106738
0.572571
0.133137
0.703379
0.057314
0.131781
0.636567
0.018074
0.679195
0.278631
0.052091
0.663024
0.962244
0.685158
0.707692
0.637807
0.145345
0.961273
0.981381
0.368721
0.512247
0.892574
0.834209
0.227666
0.106694
0.688962
0.297368
0.866595
0.208125
0.295111
0.952785
0.333773
0.749781
0.94247
0.020147
0.655031
0.057148
0.637064
0.106358
0.504442
0.080243
0.902187
0.933107
0.661079
0.028335
0.641374
0.084405
0.993099
0.382199
0.137583
0.206457
0.933208
0.476279
0.676013
0.848367
0.73291
0.969692
0.393406
0.473437
0.01544
0.136391
0.107485
0.240446
0.048245
0.623765
0.792053
0.631328
0.980925
0.455641
0.985035
0.765215
0.189105
0.150943
0.937907
0.906891
0.116055
0.611743
0.536322
0.42423
0.202312
0.403186
0.128229
0.115425
0.498426
0.709236
0.612816
0.743807
0.485058
0.054953
0.18464
0.706437
0.940826
0.337379
0.663057
0.655536
0.055979
0.299163
0.326487
0.708363
0.098693
0.046948
0.08852
0.561244
0.586076
0.786338
0.44547
0.010987
0.091405
0.745225
0.354693
0.970073
0.438696
0.66812
0.189482
0.671571
0.222826
0.260832
0.680937
0.033925
0.86996
0.847673
0.034483
0.94683
0.184674
0.131507
0.732544
0.757072
0.745862
0.25536
0.07413
0.977633
0.002618
0.66589
0.615018
0.979364
0.901668
0.614755
0.494301
0.196623
0.131913
0.689062
0.821651
0.911201
0.064097
0.346341
0.683639
0.471837
0.526009
0.404958
0.263526
0.874593
0.649145
0.78601
0.068262
0.695347
0.994731
0.40003
0.265059
0.030057
0.065975
0.300678
0.624058
0.452785
0.803255
0.194425
0.551579
0.653797
0.392312
0.611233
0.754413
0.097563
0.854013
0.250958
0.340132
0.298987
0.689114
0.562357
0.635756
0.219682
0.551805
0.352666
0.538802
0.381671
0.127852
0.452984
0.245187
0.728839
0.028275
0.067377
0.021121
0.248974
0.057778
0.234227
0.69695
0.006335
0.471432
0.11619
0.798119
0.658491
0.431281
0.879386
0.962224
0.103911
0.489803
0.540104
0.997623
0.42168
0.04477
0.328347
0.109934
0.384024
0.0925
0.964038
0.264484
0.779672
0.001376
0.86637
0.176055
0.071246
0.117553
0.186115
0.460652
0.098015
0.840841
0.121163
0.053865
0.317168
0.693437
0.061273
0.194116
0.233288
0.627554
0.165983
0.249513
0.346172
0.212825
0.179551
0.190302
0.548873
0.081741
0.676023
0.719006
0.562307
0.403457
0.183128
0.552881
0.874696
0.708923
0.873314
0.492951
0.706905
0.442633
0.87424
0.452723
0.650151
0.57799
0.76842
0.229028
0.753955
0.427696
0.19334
0.449588
0.992279
0.500588
0.735045
0.06058
0.623945
0.111441
0.40928
0.62869
0.065652
0.936163
0.761906
0.589202
0.740302
0.925205
0.156855
0.324386
0.128099
0.598018
0.80765
0.776039
0.478513
0.364616
0.301825
0.827574
0.750137
0.307373
0.378977
0.800925
0.092571
0.701037
0.010408
0.002005
0.322491
0.888232
0.529292
0.094072
0.049244
0.230711
0.065347
0.376405
0.430025
0.594947
0.695799
0.365954
0.457607
0.042224
0.776094
0.356971
0.13815
0.050052
0.817867
0.590559
0.522353
0.014885
0.589293
0.895391
0.810444
0.153916
0.229055
0.324819
0.491749
0.988071
0.169065
0.360607
0.537648
0.144034
0.603214
0.958789
0.989994
0.86882
0.710071
0.445457
0.824961
0.116733
0.233333
0.903273
0.556023
0.284344
0.679427
0.586184
0.871594
0.62969
0.545952
0.92747
0.971303
0.312934
0.984395
0.646791
0.242416
0.369038
0.791603
0.218107
0.676072
0.66403
0.589951
0.645801
0.515305
0.642941
0.796275
0.93283
0.220035
0.656393
0.569423
0.321253
0.529427
0.785596
0.956262
0.556159
0.055463
0.793454
0.660333
0.997037
0.371283
0.117074
0.269923
0.994681
0.935987
0.231002
0.265859
0.30391
0.820015
0.275037
0.079988
0.19247
0.313556
0.949029
0.452919
0.001778
0.457231
0.497091
0.462402
0.193855
0.739021
0.223952
0.516115
0.949748
0.395736
0.302259
0.285485
0.861353
0.0149
0.89153
0.681527
0.130481
0.030565
0.800784
0.376736
0.87925
0.460504
0.77261
0.607662
0.41544
0.626599
0.310509
0.057244
0.672946
0.837569
0.6777
0.601846
0.345334
0.667487
0.031278
0.886667
0.071805
0.12083
0.67605
0.018109
0.216205
0.144866
0.419917
0.335218
0.913995
0.379209
0.706219
0.027847
0.230517
0.983549
0.049902
0.390096
0.924253
0.027741
0.730504
0.243462
0.432507
0.86672
0.71584
0.01528
0.40085
0.291626
0.014688
0.078895
0.062746
0.108987
0.495355
0.888272
0.043363
0.642794
0.611916
0.322085
0.530436
0.785749
0.188817
0.036957
0.428729
0.650661
0.961999
0.774982
0.361554
0.075591
0.839416
0.862742
0.720911
0.592144
0.817506
0.039787
0.391025
0.386229
0.800947
0.011616
0.553398
0.607722
0.660129
0.384881
0.798701
0.448179
0.106573
0.535326
0.759538
0.58053
0.082353
0.313841
0.385999
0.027681
0.941859
0.957912
0.089636
0.97536
0.362015
0.416972
0.313042
0.963998
0.505014
0.218572
0.039924
0.995552
0.399246
0.110436
0.661598
0.861008
0.493701
0.86727
0.746766
0.081422
0.61123
0.456801
0.00612
0.863074
0.039304
0.975226
0.761808
0.74361
0.474773
0.909116
0.329717
0.323813
0.523806
0.360463
0.137598
0.274046
0.35635
0.947422
0.848435
0.605787
0.984223
0.202922
0.46111
0.145347
0.383218
0.412746
0.555131
0.126231
0.965079
0.812156
0.510986
0.987792
0.087925
0.031515
0.759794
0.166221
0.539076
0.166731
0.222206
0.615649
0.060219
0.420048
0.775121
0.978247
0.488292
0.609496
0.538828
0.723698
0.254074
0.483833
0.847502
0.565267
0.408861
0.299323
0.949515
0.116023
0.806718
0.344564
0.543014
0.196519
0.110472
0.730448
0.083423
0.40844
0.056697
0.715494
0.454229
0.503817
0.873182
0.497668
0.038428
0.253103
0.025558
0.506102
0.670103
0.366888
0.551645
0.552162
0.639593
0.150772
0.11035
0.376157
0.610945
0.366726
0.674582
0.674327
0.044596
0.262994
0.443196
0.870488
0.371513
0.523118
0.570451
0.099605
0.951944
0.400075
0.059756
0.427387
0.506488
0.837847
0.674651
0.602639
0.594283
0.48452
0.072292
0.246548
0.201346
0.014721
0.076208
0.44454
0.541703
0.495059
0.695827
0.008521
0.970088
0.308127
0.64136
0.712139
0.513146
0.588476
0.124886
0.463997
0.745619
0.040054
0.188597
0.071669
0.053915
0.539028
0.587365
0.773568
0.621392
0.887626
0.966859
0.695848
0.34593
0.421438
0.888804
0.783053
0.799582
0.825271
0.773206
0.629009
0.832977
0.244727
0.348744
0.863807
0.900181
0.16643
0.058553
0.792777
0.354879
0.350435
0.057825
0.213347
0.951906
0.754145
0.852066
0.882608
0.977018
0.698173
0.143934
0.941949
0.564856
0.607102
0.191636
0.938227
0.382409
0.549482
0.533705
0.088113
0.248626
0.742342
0.294966
0.80935
0.204153
0.826779
0.202465
0.43907
0.508643
0.076015
0.376233
0.462467
0.148527
0.174213
0.303545
0.24808
0.57738
0.451485
0.008385
0.465905
0.927871
0.366046
0.583123
0.356179
0.053402
0.069823
0.327305
0.202041
0.149078
0.467362
0.074591
0.303523
0.807532
0.957921
0.693308
0.793173
0.552599
0.170555
0.053797
0.794542
0.390357
0.014157
0.621054
0.986842
0.437335
0.144652
0.613105
0.231228
0.635184
0.237159
0.159541
0.00465
0.047237
0.963529
0.339308
0.679111
0.380135
0.361306
0.528616
0.433249
0.267862
0.167274
0.960039
0.069771
0.480825
0.742938
0.290496
0.536875
0.671959
0.912715
0.928494
0.758118
0.869852
0.343943
0.842318
0.124092
0.773242
0.41608
0.969064
0.66533
0.738213
0.274875
0.093781
0.082021
0.179171
0.193061
0.158456
0.669603
0.158544
0.914159
0.97117
0.364047
0.358793
0.894264
0.355302
0.507174
0.496853
0.671441
0.28071
0.784109
0.198801
0.646383
0.158064
0.306435
0.002651
0.379225
0.386262
0.289418
0.369836
0.240304
0.595942
0.826104
0.025061
0.543783
0.625665
0.771547
0.87625
0.648252
0.545846
0.509672
0.065969
0.989104
0.404164
0.327594
0.376579
0.225769
0.459889
0.661981
0.008173
0.771212
0.976313
0.569078
0.360495
0.501768
0.90751
0.141384
0.026393
0.763002
0.930778
0.655375
0.416544
0.679208
0.415544
0.258398
0.380531
0.446053
0.313486
0.570354
0.161352
0.46733
0.502233
0.495609
0.040336
0.263919
0.34312
0.967148
0.299826
0.960011
0.423286
0.898986
0.490348
0.929032
0.628641
0.889211
0.164404
0.837394
0.875636
0.655472
0.034208
0.861546
0.033441
0.026738
0.111532
0.010783
0.831933
0.314131
0.858256
0.668385
0.848336
0.373863
0.893868
0.83132
0.494552
0.314246
0.701262
0.222145
0.485331
0.064704
0.363563
0.163748
0.022953
0.095672
0.088379
0.633902
0.267813
0.491396
0.009339
0.367023
0.958894
0.918302
0.584523
0.774712
0.887422
0.754753
0.785525
0.557917
0.311144
0.980545
0.950232
0.976807
0.653111
0.923861
0.150803
0.608666
0.852377
0.677172
0.885352
0.179217
0.640172
0.251783
0.68685
0.235223
0.665801
0.221487
0.657245
0.882773
0.82847
0.041576
0.361354
0.410891
0.102396
0.044415
0.242123
0.004432
0.960189
0.007574
0.096251
0.749806
0.749954
0.426778
0.140082
0.397965
0.972029
0.265324
0.498888
0.033095
0.615131
0.779143
0.995623
0.106906
0.057773
0.927408
0.296006
0.32382
0.174463
0.814758
0.778968
0.507058
0.464637
0.347146
0.738648
0.911574
0.483758
0.07341
0.967714
0.707546
0.392493
0.425845
0.51868
0.717999
0.020718
0.195079
0.771125
0.595176
0.051461
0.292785
0.196039
0.67807
0.454255
0.380034
0.289869
0.220572
0.110735
0.613758
0.912185
0.45544
0.553658
0.616488
0.348259
0.215337
0.511504
0.971757
0.578951
0.314912
0.873783
0.599969
0.635582
0.052766
0.07058
0.508518
0.989597
0.081029
0.770346
0.591146
0.287645
0.867046
0.045945
0.926263
0.009172
0.591699
0.338431
0.702975
0.390773
0.981813
0.983149
0.872298
0.132424
0.595885
0.217914
0.22205
0.351527
0.869961
0.880291
0.237023
0.294971
0.537087
0.508112
0.750159
0.23756
0.689871
0.879872
0.97436
0.134419
0.433253
0.179982
0.65014
0.938065
0.540063
0.966147
0.725352
0.874382
0.483062
0.299843
0.743906
0.700657
0.945859
0.630982
0.317199
0.777826
0.676324
0.425409
0.810624
0.201749
0.79297
0.157475
0.518677
0.737752
0.456728
0.276055
0.419499
0.41093
0.349564
0.590839
0.089874
0.259641
0.596063
0.524655
0.583674
0.701289
0.554464
0.496017
0.393428
0.631455
0.439238
0.805622
0.089443
0.068605
0.746587
0.686922
0.195799
0.18069
0.959088
0.949741
0.862677
0.889706
0.602215
0.703184
0.582055
0.48531
0.122938
0.568078
0.044237
0.389586
0.303245
0.506262
0.838169
0.911406
0.871255
0.983928
0.942644
0.650474
0.554657
0.612197
0.5508
0.141858
0.942027
0.378055
0.851291
0.860024
0.310442
0.926775
0.1846
0.551558
0.209628
0.337871
0.077906
0.815639
0.445939
0.507005
0.475078
0.590439
0.424321
0.674281
0.835687
0.701625
0.064894
0.512731
0.023139
0.938731
0.014891
0.503891
0.793125
0.462549
0.225427
0.577281
0.847598
0.446152
0.923905
0.858212
0.890882
0.471383
0.732396
0.523291
0.063166
0.668753
0.99811
0.71367
0.783798
0.310445
0.293038
0.511422
0.745401
0.60895
0.153592
0.904513
0.723633
0.265797
0.294843
0.856006
0.121012
0.991738
0.302847
0.484309
0.879666
0.797138
0.808077
0.943278
0.148129
0.445544
0.197471
0.486485
0.884804
0.137212
0.385568
0.21635
0.895037
0.688928
0.212427
0.479333
0.914199
0.145343
0.141221
0.714614
0.432072
0.847213
0.362469
0.978289
0.835155
0.528262
0.752156
0.598724
0.04132
0.969029
0.9336
0.372836
0.013394
0.979245
0.080437
0.691725
0.529023
0.670627
0.617836
0.329951
0.135914
0.055139
0.054212
0.145243
0.001462
0.587151
0.460185
0.097934
0.417521
0.066011
0.121565
0.065288
0.452481
0.086406
0.131335
0.893656
0.247381
0.400685
0.985643
0.79509
0.678868
0.791575
0.599191
0.764357
0.705917
0.097691
0.738494
0.53476
0.994919
0.399712
0.280535
0.541632
0.138935
0.573543
0.415615
0.979295
0.945945
0.689116
0.015675
0.077467
0.373388
0.59127
0.166332
0.808895
0.868853
0.894796
0.581314
0.102884
0.913189
0.582058
0.124802
0.821035
0.551707
0.901606
0.278707
0.513905
0.81963
0.828891
0.530013
0.973286
0.089553
0.430953
0.876508
0.818923
0.859981
0.957319
0.573256
0.251792
0.443639
0.812364
0.272043
0.849113
0.202375
0.079461
0.590527
0.68796
0.665931
0.894977
0.990091
0.285596
0.471013
0.69814
0.102627
0.754927
0.900996
0.86486
0.854177
0.405512
0.708945
0.056584
0.021229
0.001715
0.578144
0.994367
0.651081
0.429693
0.031826
0.464515
0.5626
0.880589
0.329401
0.096412
0.21166
0.357219
0.005374
0.889278
0.037046
0.493311
0.900774
0.084532
0.47272
0.463697
0.735259
0.352346
0.28715
0.706798
0.986618
0.527591
0.299329
0.522333
0.613983
0.414889
0.558237
0.245698
0.230501
0.902091
0.359432
0.44546
0.148228
0.73073
0.687075
0.496358
0.796843
0.151673
0.330998
0.542778
0.196965
0.582907
0.274405
0.70531
0.318637
0.922645
0.290848
0.54634
0.021119
0.460449
0.180078
0.261125
0.762764
0.274124
0.543943
0.122395
0.888034
0.633699
0.338986
0.482607
0.479937
0.083298
0.742432
0.889831
0.423179
0.567733
0.31304
0.960613
0.30401
0.080896
0.406964
0.703023
0.494717
0.495026
0.151609
0.729547
0.36999
0.74841
0.994025
0.482583
0.459632
0.702573
0.850956
0.805554
0.677066
0.609435
0.943915
0.543703
0.119956
0.857755
0.352388
0.771822
0.731521
0.8139
0.718484
0.244404
0.352017
0.096105
0.074635
0.368611
0.070058
0.328164
0.67055
0.856165
0.619476
0.300229
0.248025
0.481519
0.375514
0.543139
0.797329
0.110967
0.474465
0.58894
0.006336
0.959502
0.938902
0.346259
0.017053
0.356368
0.346806
0.799615
0.545668
0.316011
0.073244
0.504925
0.870436
0.043451
0.005668
0.39473
0.314563
0.627968
0.579275
0.821793
0.388387
0.576515
0.864528
0.828698
0.799956
0.492248
0.308262
0.329497
0.156114
0.164576
0.27626
0.903053
0.944746
0.736606
0.378961
0.426419
0.178478
0.356847
0.284884
0.265391
0.18234
0.36585
0.871769
0.89
0.323785
0.061161
0.320288
0.644978
0.908198
0.315145
0.003643
0.784492
0.337333
0.040382
0.856637
0.457427
0.150222
0.646573
0.378125
0.764563
0.198907
0.391603
0.321193
0.059709
0.455704
0.407139
0.012249
0.198677
0.890408
0.232039
0.352715
0.978903
0.96464
0.270203
0.329735
0.762797
0.689081
0.005368
0.889277
0.065482
0.261825
0.770465
0.244318
0.594099
0.825645
0.926423
0.940043
0.517481
0.524159
0.773573
0.259818
0.189635
0.415793
0.818404
0.365981
0.009132
0.183657
0.152546
0.563791
0.318871
0.428204
0.183523
0.927852
0.688996
0.410534
0.375634
0.701843
0.425562
0.747891
0.219779
0.36827
0.61505
0.24211
0.181644
0.830121
0.292901
0.974371
0.364167
0.608373
0.602599
0.810656
0.783346
0.196683
0.197802
0.62742
0.009355
0.287231
0.879578
0.122357
0.605348
0.921909
0.597991
0.733395
0.992708
0.841484
0.053017
0.982553
0.625914
0.202332
0.006582
0.093924
0.827024
0.914129
0.31076
0.951907
0.119279
0.563225
0.667267
0.26847
0.768892
0.130952
0.875702
0.994632
0.382066
0.775626
0.526294
0.192937
0.553874
0.908274
0.276532
0.215841
0.822095
0.780236
0.852819
0.511902
0.488136
0.89417
0.801142
0.014085
0.734574
0.61031
0.948701
0.320325
0.526875
0.567615
0.662814
0.469437
0.333347
0.717646
0.772353
0.127528
0.603574
0.82416
0.718596
0.934188
0.267563
0.752923
0.104983
0.686776
0.823985
0.469151
0.144978
0.73841
0.273154
0.158581
0.448717
0.984649
0.589469
0.671049
0.161656
0.60627
0.302302
0.574453
0.321889
0.305302
0.051865
0.949347
0.479376
0.153876
0.943992
0.205392
0.507212
0.034924
0.286917
0.167737
0.077053
0.907439
0.839764
0.001664
0.379119
0.522894
0.272742
0.049601
0.866865
0.98518
0.797806
0.774803
0.001423
0.331353
0.093483
0.053788
0.166519
0.471921
0.672731
0.208564
0.570835
0.4034
0.496038
0.272881
0.37981
0.566806
0.672667
0.50862
0.210756
0.980645
0.021874
0.749058
0.077311
0.125675
0.934747
0.176531
0.78837
0.284383
0.504045
0.22501
0.919268
0.887891
0.525787
0.361647
0.39278
0.179878
0.501044
0.697457
0.240978
0.093034
0.608534
0.935934
0.227986
0.757699
0.273011
0.860182
0.41976
0.016501
0.433665
0.003683
0.607786
0.568421
0.575241
0.156929
0.222343
0.352237
0.68597
0.18949
0.40284
0.227359
0.173324
0.803947
0.062021
0.130196
0.187584
0.232189
0.715189
0.567766
0.84337
0.250235
0.255776
0.017323
0.335906
0.886226
0.184142
0.114058
0.384877
0.027125
0.64023
0.935184
0.674239
0.11826
0.07493
0.579629
0.247378
0.88062
0.803406
0.85229
0.025079
0.771599
0.819293
0.720316
0.538351
0.976025
0.046859
0.809268
0.047871
0.531016
0.647989
0.335017
0.439309
0.243617
0.423524
0.47842
0.200244
0.765214
0.582281
0.485888
0.762303
0.191406
0.479844
0.347888
0.379173
0.70054
0.463536
0.296878
0.552521
0.742203
0.882643
0.898596
0.209608
0.905457
0.430988
0.476171
0.475841
0.980601
0.41894
0.069005
0.095716
0.644502
0.620174
0.374048
0.531412
0.850528
0.022035
0.001318
0.259173
0.678145
0.22926
0.270566
0.371716
0.105442
0.123581
0.813249
0.877253
0.523649
0.617804
0.813973
0.779645
0.617083
0.598164
0.874338
0.692785
0.090321
0.42672
0.908329
0.826569
0.33217
0.053424
0.132007
0.236169
0.269438
0.646932
0.640151
0.05272
0.263111
0.796933
0.753752
0.571667
0.76684
0.810769
0.143779
0.348615
0.219771
0.934446
0.394734
0.513871
0.845687
0.035451
0.64198
0.156962
0.450325
0.528935
0.823767
0.800944
0.21488
0.581972
0.91477
0.487228
0.123212
0.937374
0.120548
0.267307
0.073056
0.990685
0.268236
0.643055
0.261051
0.262854
0.240211
0.560829
0.83386
0.873776
0.427514
0.22903
0.201585
0.266213
0.959341
0.068147
0.768721
0.103485
0.49559
0.480461
0.323086
0.709855
0.578708
0.91514
0.297662
0.000458
0.766901
0.630744
0.526572
0.180176
0.084136
0.975769
0.926639
0.686948
0.9892
0.028139
0.602596
0.762914
0.985617
0.190683
0.554531
0.555344
0.928
0.620268
0.346086
0.640836
0.441945
0.900853
0.657652
0.346268
0.73241
0.842692
0.322686
0.476197
0.156599
0.210748
0.747767
0.057335
0.171391
0.828336
0.993823
0.374614
0.264315
0.602063
0.145526
0.456597
0.246663
0.763141
0.335175
0.154099
0.986483
0.87182
0.90975
0.174601
0.743216
0.688783
0.801912
0.628867
0.383883
0.441184
0.576366
0.337263
0.851992
0.905452
0.869881
0.945329
0.42133
0.082999
0.931491
0.505929
0.595942
0.437647
0.428272
0.926604
0.196201
0.706521
0.616836
0.595985
0.60677
0.445856
0.967489
0.829092
0.584257
0.645014
0.207503
0.822512
0.799117
0.642784
0.411722
0.604762
0.976132
0.406645
0.04197
0.092212
0.834684
0.507609
0.201085
0.744922
0.586395
0.037918
0.898582
0.42879
0.483414
0.853577
0.336644
0.959174
0.013435
0.189003
0.760022
0.291192
0.715764
0.244451
0.866094
0.301739
0.639651
0.961984
0.962066
0.706087
0.024609
0.464369
0.398558
0.523643
0.024032
0.097899
0.395594
0.274839
0.67984
0.452788
0.962253
0.468599
0.285274
0.17318
0.648417
0.365749
0.639648
0.539299
0.420316
0.786838
0.512625
0.21617
0.65712
0.290126
0.365129
0.518089
0.918846
0.30993
0.743904
0.74447
0.97805
0.548799
0.881911
0.678816
0.23893
0.331772
0.32304
0.976125
0.228755
0.148547
0.506808
0.17429
0.245242
0.835152
0.23447
0.61293
0.100258
0.430401
0.290512
0.930223
0.678553
0.02179
0.510027
0.902457
0.814438
0.492877
0.128985
0.5726
0.505721
0.657408
0.81427
0.280782
0.513177
0.186168
0.363849
0.860969
0.624687
0.325824
0.846318
0.752589
0.349412
0.909639
0.86648
0.72602
0.235297
0.200997
0.26197
0.65495
0.731407
0.601876
0.731572
0.462139
0.867089
0.944149
0.48584
0.554835
0.339079
0.542173
0.57619
0.137625
0.296689
0.834013
0.741042
0.382282
0.383892
0.93466
0.162768
0.232625
0.488177
0.473304
0.83363
0.751972
0.104518
0.22733
0.671882
0.930168
0.856321
0.43718
0.681031
0.25226
0.145175
0.455646
0.342058
0.322312
0.432538
0.880862
0.556391
0.119578
0.118129
0.762265
0.749251
0.116001
0.067723
0.352131
0.207603
0.247016
0.399954
0.483439
0.866664
0.554022
0.616353
0.177444
0.982775
0.839536
0.520884
0.86879
0.375162
0.756993
0.164345
0.150309
0.94817
0.227245
0.057327
0.324649
0.222255
0.943863
0.301796
0.812065
0.578763
0.38935
0.614013
0.990205
0.388416
0.559237
0.386828
0.769912
0.482062
0.332623
0.184923
0.295831
0.861964
0.312928
0.757459
0.799762
0.520748
0.489348
0.700964
0.814925
0.02784
0.078387
0.93104
0.421054
0.868767
0.924529
0.128204