1024 2
0
485
948
1
867
902
2
275
566
3
262
752
4
72
560
5
516
645
6
449
953
7
103
512
8
153
484
9
156
271
10
679
853
11
698
977
12
201
304
13
30
534
14
199
687
15
649
845
16
256
554
17
230
661
18
416
450
19
224
778
4
20
901
8
21
366
22
412
457
23
186
556
24
304
373
25
48
291
26
221
773
27
554
899
28
331
555
29
227
271
30
618
942
31
714
985
32
52
963
33
511
545
34
478
955
35
55
216
36
434
608
37
860
931
38
716
753
39
884
1008
40
145
489
41
494
990
42
515
892
43
269
815
44
241
710
45
510
974
46
181
941
47
103
907
48
724
828
49
672
825
50
447
777
51
694
825
52
257
536
53
74
516
54
295
468
55
224
427
56
315
674
57
723
971
58
648
898
59
74
717
55
60
70
61
251
820
62
66
345
63
325
919
64
320
434
65
254
341
66
462
552
67
722
742
25
41
68
69
544
605
70
442
544
71
432
1008
72
604
869
73
721
932
74
211
345
75
539
920
76
183
593
1
77
450
78
165
860
79
202
764
80
428
850
81
803
970
82
497
926
83
549
621
84
446
502
85
647
895
86
389
830
87
264
408
88
553
1019
89
507
858
90
97
430
26
91
965
65
92
747
93
252
614
82
94
519
95
573
679
96
813
816
97
709
804
83
98
701
53
99
725
100
111
574
101
489
701
102
208
380
103
179
340
104
184
713
105
356
788
106
668
788
107
136
863
108
527
594
109
174
877
110
516
661
111
204
976
37
112
1019
78
113
949
15
29
114
115
826
911
116
127
869
62
117
473
118
382
687
119
843
985
88
120
249
121
403
669
122
800
848
18
96
123
124
345
662
125
617
865
126
239
271
127
234
408
128
299
749
62
80
129
130
362
780
46
131
439
95
132
919
133
636
1011
27
116
134
135
694
949
136
815
905
137
441
533
138
176
866
139
233
495
140
197
579
141
256
494
4
142
971
143
439
477
144
287
940
145
348
902
116
146
513
147
948
986
58
148
691
149
689
963
150
413
887
151
174
861
37
152
737
84
153
400
154
506
919
155
532
951
156
698
743
157
613
882
158
836
927
159
178
605
11
160
635
161
892
922
162
248
971
144
163
1007
164
614
960
165
741
906
166
233
469
167
565
791
168
323
989
169
294
464
170
240
419
61
73
171
172
286
304
173
849
931
84
174
653
53
175
646
176
350
360
177
363
723
178
326
446
179
598
908
180
418
807
45
181
289
68
182
397
183
775
794
164
184
406
126
185
459
186
398
797
187
397
547
188
272
550
189
668
789
164
190
558
191
466
830
31
192
663
193
373
837
194
762
847
195
279
702
73
196
991
149
197
316
198
297
944
199
519
580
165
200
491
104
201
842
160
202
456
203
413
929
204
310
700
205
254
311
206
210
906
207
228
891
208
401
464
209
473
593
210
334
836
211
377
769
212
381
779
213
572
665
54
214
898
4
197
215
216
817
922
44
123
217
218
687
877
219
616
672
70
220
541
12
27
221
30
222
284
75
223
632
224
552
722
40
160
225
226
474
824
227
398
882
27
49
228
218
229
996
84
230
232
231
835
1012
62
232
777
233
543
1005
234
441
740
235
581
874
236
301
637
204
237
476
238
477
914
38
239
913
101
240
882
241
629
990
50
242
1000
243
778
785
51
92
244
245
501
663
246
599
660
247
404
707
248
838
984
249
485
518
42
250
338
251
606
892
252
458
905
253
557
986
139
163
254
133
255
604
256
459
988
73
92
257
258
469
624
259
693
864
260
433
609
261
482
745
17
100
262
263
821
925
264
675
737
137
265
696
104
266
899
267
583
646
264
268
910
0
269
277
270
690
857
17
116
271
190
272
718
219
273
308
42
161
274
275
536
749
276
339
847
6
277
811
62
278
697
179
279
615
280
506
527
279
281
795
282
762
958
226
283
374
277
284
607
285
803
923
171
286
586
108
287
323
103
288
972
7
24
289
44
218
290
237
291
611
67
209
292
293
626
651
294
637
718
25
258
295
296
562
1021
297
660
973
268
298
732
299
605
697
300
435
835
285
301
1002
302
343
980
303
353
722
220
304
734
210
305
596
17
306
651
183
307
883
184
291
308
309
837
928
310
886
914
311
321
568
312
595
712
303
313
346
314
893
908
144
315
700
121
316
424
317
696
795
233
318
994
319
425
735
182
215
320
321
974
979
322
488
517
323
355
383
128
317
324
319
325
592
7
326
565
22
215
327
328
709
908
329
793
954
28
330
419
207
331
970
30
332
780
333
433
653
334
457
941
93
335
489
336
374
827
301
337
590
338
340
833
339
682
828
136
340
891
341
733
808
4
342
1017
212
343
844
344
669
874
136
345
538
117
346
873
9
347
355
163
348
500
349
831
889
350
734
966
351
566
645
92
282
352
353
530
810
354
601
859
153
355
762
356
440
773
334
357
543
358
436
740
160
321
359
360
601
913
189
361
414
242
362
535
120
363
475
171
364
402
196
365
890
332
366
444
367
654
819
178
368
706
179
369
495
370
682
848
60
371
977
244
372
928
346
373
546
18
374
701
302
375
892
376
833
987
46
377
996
378
642
996
285
379
520
380
705
935
381
680
992
382
923
954
383
425
953
384
428
878
385
507
641
386
439
843
374
387
965
41
268
388
234
389
775
202
390
710
391
431
515
325
392
718
187
258
393
190
394
800
71
395
805
396
563
941
12
397
727
121
169
398
399
976
1010
192
400
621
16
401
543
321
402
507
403
513
773
357
404
543
405
621
866
406
411
416
407
488
680
118
162
408
409
584
895
354
410
1004
297
411
507
91
412
886
404
413
566
199
414
909
408
415
810
214
343
416
155
342
417
418
646
720
12
38
419
128
357
420
421
714
880
422
567
607
423
983
1006
350
424
428
425
820
960
426
592
1002
61
427
779
207
403
428
429
505
903
28
430
799
431
471
862
319
432
444
351
433
593
151
434
641
154
435
996
192
376
436
348
437
961
438
459
494
349
439
750
440
540
930
116
441
807
442
569
973
443
706
956
418
444
770
411
445
797
231
445
446
138
447
985
448
519
696
184
449
513
450
690
992
161
384
451
452
674
838
453
620
706
198
308
454
79
455
619
53
456
862
74
331
457
132
458
629
76
144
459
460
723
1019
430
461
629
387
462
780
184
463
1019
464
671
994
465
828
1018
290
293
466
242
366
467
52
95
468
469
649
798
470
969
994
53
471
846
18
472
601
375
473
767
474
760
918
475
715
773
476
499
709
268
477
973
145
274
478
425
479
896
204
480
610
119
481
988
477
482
819
445
475
483
186
484
777
485
512
783
72
486
903
339
487
548
225
488
538
489
550
880
211
341
490
491
597
676
7
492
495
14
188
493
8
357
494
96
162
495
15
496
762
77
384
497
213
397
498
207
499
743
67
181
500
501
612
711
204
502
886
156
503
882
504
671
1011
268
505
794
506
793
831
11
246
507
508
716
830
509
555
951
37
510
797
445
511
858
271
512
589
506
513
534
41
393
514
452
515
888
261
516
989
449
517
816
46
518
955
347
519
827
383
520
706
423
521
573
35
371
522
161
523
865
524
628
727
143
525
715
526
527
535
527
790
862
53
528
588
361
470
529
137
530
585
306
510
531
190
253
532
227
533
883
345
534
610
11
290
535
301
369
536
490
537
912
11
329
538
340
539
552
138
352
540
392
541
776
419
542
932
86
543
817
11
544
773
104
495
545
385
507
546
89
176
547
164
292
548
472
549
897
154
550
618
475
551
857
369
552
1006
160
553
838
33
554
854
358
555
917
152
527
556
519
557
732
105
558
820
463
519
559
137
401
560
283
499
561
562
586
955
553
563
973
27
564
884
522
565
984
179
566
991
122
567
824
480
568
813
49
169
569
570
920
953
571
831
984
572
756
870
88
375
573
257
574
781
116
342
575
505
576
1002
142
373
577
83
578
613
261
579
599
403
580
589
581
622
793
515
582
620
152
583
729
584
824
870
477
585
655
20
475
586
587
815
833
588
662
954
319
589
771
170
462
590
591
838
894
119
535
592
35
593
774
192
594
665
595
683
835
565
596
649
300
597
718
94
303
598
599
988
994
24
600
935
273
289
601
498
555
602
603
679
988
39
604
723
547
605
805
122
171
606
518
607
740
608
667
732
215
609
641
263
610
925
81
219
611
54
612
705
613
620
733
94
614
662
204
615
985
435
450
616
113
617
667
618
858
991
148
227
619
544
620
713
371
420
621
174
442
622
558
623
814
624
710
890
316
625
966
626
783
963
323
627
994
628
676
779
163
246
629
511
630
758
631
874
991
188
362
632
243
628
633
220
241
634
635
729
799
500
636
972
32
156
637
140
638
661
366
639
647
402
640
789
3
571
641
149
320
642
97
419
643
277
476
644
12
221
645
504
646
861
136
647
1003
36
648
945
459
649
907
218
650
989
611
651
851
118
615
652
438
653
729
654
875
1001
545
655
943
511
656
681
211
657
747
133
443
658
335
627
659
6
317
660
341
661
775
662
873
983
180
663
916
35
664
970
51
665
980
421
666
914
667
688
789
606
668
1021
184
400
669
191
670
937
261
494
671
27
672
969
313
376
673
652
674
778
72
414
675
538
676
691
113
298
677
134
305
678
216
598
679
500
668
680
54
681
1023
84
641
682
564
683
899
45
503
684
97
630
685
27
430
686
447
521
687
270
688
739
95
384
689
595
690
882
138
691
782
65
168
692
150
598
693
348
646
694
414
481
695
279
670
696
57
342
697
218
308
698
87
554
699
163
312
700
246
701
866
487
702
1014
45
157
703
146
512
704
705
754
777
101
378
706
707
712
748
3
708
845
0
518
709
553
603
710
463
711
789
618
712
765
313
713
967
277
714
791
201
597
715
395
716
963
717
817
863
718
850
908
281
391
719
506
720
731
20
695
721
376
500
722
442
723
920
90
724
1020
306
390
725
19
726
948
408
727
806
60
484
728
46
494
729
730
742
788
471
566
731
272
698
732
463
468
733
411
511
734
341
592
735
588
736
739
210
737
851
573
738
1016
325
724
739
238
410
740
124
622
741
378
742
922
400
743
815
618
744
968
93
702
745
370
529
746
426
613
747
175
366
748
682
749
758
305
750
814
48
751
814
201
519
752
297
571
753
423
754
906
755
931
996
286
402
756
757
775
946
311
758
761
456
759
915
75
409
760
694
761
775
186
385
762
247
763
929
586
764
849
77
754
765
446
610
766
272
767
808
55
602
768
483
686
769
202
239
770
490
660
771
705
772
851
425
673
773
592
708
774
92
775
1011
194
776
963
115
777
969
423
571
778
779
824
849
780
801
1015
199
761
781
634
782
989
700
783
905
284
474
784
86
389
785
583
715
786
773
787
986
193
740
788
397
590
789
263
687
790
64
532
791
565
792
925
522
682
793
509
794
957
421
795
832
52
125
796
797
848
873
707
798
894
510
603
799
72
380
800
675
801
915
341
730
802
803
899
1009
531
615
804
389
769
805
665
806
875
223
750
807
371
808
866
180
708
809
307
788
810
382
811
1016
646
812
955
384
755
813
814
968
973
288
575
815
767
816
972
433
468
817
243
818
963
5
600
819
122
530
820
377
821
910
109
585
822
164
465
823
359
768
824
96
366
825
10
769
826
512
609
827
437
828
895
25
202
829
66
614
830
465
831
977
402
525
832
278
546
833
426
446
834
443
835
910
109
372
836
307
668
837
194
225
838
440
556
839
107
840
969
108
841
856
62
330
842
611
843
933
86
844
961
671
845
1001
789
838
846
184
330
847
118
562
848
146
494
849
156
579
850
298
753
851
66
432
852
396
853
865
854
950
984
408
474
855
267
856
860
83
857
939
345
482
858
368
859
1005
152
450
860
701
768
861
148
862
885
28
426
863
40
864
916
83
345
865
100
595
866
437
733
867
149
443
868
633
869
879
9
737
870
12
871
1005
642
660
872
379
393
873
542
633
874
85
875
929
323
453
876
89
431
877
362
523
878
44
773
879
305
633
880
91
770
881
589
762
882
317
883
912
137
317
884
655
885
909
335
873
886
8
330
887
432
623
888
96
720
889
487
768
890
373
442
891
214
892
1000
328
841
893
635
664
894
360
895
928
494
896
965
434
874
897
583
594
898
427
716
899
178
789
900
100
901
967
429
858
902
28
465
903
71
598
904
666
861
905
447
797
906
144
387
907
595
908
1022
215
525
909
23
839
910
512
656
911
829
909
912
259
490
913
159
533
914
565
915
969
507
650
916
299
917
957
589
609
918
163
919
920
11
622
920
359
846
921
808
821
922
531
923
979
146
423
924
74
617
925
53
818
926
14
927
946
247
365
928
414
791
929
159
617
930
33
800
931
406
460
932
532
893
933
6
248
934
211
294
935
188
912
936
154
224
937
708
933
938
372
939
963
97
772
940
595
941
988
567
942
944
369
818
943
11
854
944
485
604
945
583
946
988
390
918
947
426
542
948
458
502
949
335
935
950
780
789
951
146
759
952
89
774
953
792
811
954
374
604
955
761
785
956
404
690
957
86
327
958
46
583
959
20
615
960
568
694
961
35
584
962
467
805
963
964
1005
1006
621
655
965
138
272
966
323
698
967
159
782
968
395
505
969
125
382
970
38
355
971
639
737
972
643
874
973
264
597
974
565
604
975
238
749
976
400
682
977
516
978
1003
436
757
979
524
965
980
304
981
997
840
894
982
267
946
983
96
358
984
846
859
985
153
901
986
911
930
987
396
642
988
864
968
989
275
532
990
217
900
991
564
600
992
662
993
1008
297
958
994
386
415
995
255
922
996
180
879
997
101
592
998
121
271
999
41
782
1000
202
798
1001
500
618
1002
409
837
1003
783
876
1004
577
710
1005
58
144
1006
936
953
1007
569
1007
1008
187
686
1009
546
917
1010
245
581
1011
384
882
1012
504
748
1013
772
893
1014
116
950
1015
795
822
1016
642
842
1017
342
964
1018
32
346
1019
338
726
1020
628
984
1021
13
931
1022
356
416
1023
0.245525
0.607349
0.648356
0.732769
0.122492
0.803916
0.156568
0.195663
0.800191
0.391129
0.40788
0.495871
0.888951
0.200158
0.232634
0.279925
0.644629
0.404005
0.349336
0.05792
0.586733
0.941286
0.097607
0.823828
0.940817
0.872864
0.443916
0.288717
0.648396
0.778737
0.74191
0.183779
0.143703
0.293312
0.848728
0.258362
0.547315
0.001461
0.02906
0.881609
0.62444
0.882301
0.66017
0.358242
0.036689
0.70201
0.688876
0.596453
0.44045
0.857346
0.843094
0.135333
0.677101
0.002204
0.856584
0.836878
0.648393
0.629869
0.812551
0.2755
0.47542
0.043051
0.65648
0.023606
0.391205
0.41719
0.910202
0.493832
0.860393
0.338462
0.878656
0.547239
0.993958
0.756959
0.296244
0.147014
0.547727
0.264696
0.934938
0.556926
0.170781
0.555816
0.615319
0.842999
0.950114
0.16657
0.095137
0.806522
0.915844
0.294205
0.708162
0.667713
0.651341
0.97425
0.537561
0.197902
0.597267
0.382685
0.047504
0.282463
0.444741
0.218019
0.247852
0.692556
0.016596
0.06174
0.424147
0.898389
0.412187
0.631371
0.044309
0.024805
0.9188
0.395029
0.218022
0.112298
0.374767
0.650412
0.299327
0.764155
0.268972
0.354583
0.683046
0.171065
0.435131
0.016261
0.308368
0.298287
0.434048
0.07112
0.068011
0.115677
0.440496
0.981345
0.185806
0.996264
0.536815
0.48609
0.529084
0.002283
0.050654
0.081555
0.590075
0.845782
0.797717
0.328165
0.253638
0.913517
0.738404
0.531982
0.3662
0.448225
0.365871
0.108596
0.103147
0.602317
0.590294
0.704279
0.189791
0.125761
0.304962
0.365167
0.979909
0.427288
0.261555
0.653886
0.064419
0.566628
0.260162
0.879498
0.535884
0.542259
0.667862
0.161041
0.755637
0.556083
0.042095
0.577455
0.576004
0.734504
0.529226
0.305934
0.417173
0.895485
0.206777
0.134571
0.067158
0.791824
0.48484
0.303512
0.406077
0.294176
0.372587
0.671379
0.145302
0.995355
0.133124
0.112563
0.989085
0.275712
0.374053
0.78249
0.488198
0.417291
0.728121
0.614513
0.485455
0.45741
0.849113
0.250393
0.372632
0.921709
0.379578
0.950339
0.043147
0.541134
0.787873
0.24767
0.583008
0.920984
0.723032
0.54671
0.758156
0.960669
0.570347
0.911703
0.52555
0.555705
0.076967
0.52397
0.778229
0.776599
0.10503
0.785212
0.322601
0.858111
0.604759
0.494809
0.809983
0.362584
0.8241
0.2038
0.454282
0.306985
0.973807
0.891261
0.372252
0.942261
0.601482
0.168839
0.245151
0.359314
0.371737
0.565885
0.604922
0.590064
0.499753
0.590134
0.971765
0.320052
0.722579
0.909366
0.229676
0.621938
0.567825
0.406535
0.394141
0.469991
0.843378
0.020462
0.142688
0.476257
0.080659
0.552174
0.894726
0.889594
0.10968
0.762353
0.433054
0.711996
0.431354
0.717668
0.432504
0.84624
0.886131
0.241671
0.866339
0.140233
0.361949
0.495538
0.589921
0.110405
0.213558
0.016313
0.053042
0.95315
0.012979
0.250301
0.477355
0.524861
0.274755
0.425041
0.006493
0.590411
0.916686
0.443111
0.363888
0.057862
0.586605
0.950638
0.379221
0.850888
0.244947
0.558919
0.898663
0.152322
0.091023
0.91761
0.004994
0.269636
0.932026
0.915077
0.311791
0.728463
0.11969
0.745616
0.213818
0.985927
0.244309
0.663829
0.05629
0.894216
0.073421
0.570293
0.504293
0.913119
0.020452
0.084847
0.060768
0.828091
0.495174
0.301771
0.999588
0.929475
0.166988
0.439917
0.767431
0.300599
0.032685
0.67183
0.631486
0.359433
0.582372
0.053135
0.866107
0.098364
0.867635
0.717811
0.061429
0.256972
0.449525
0.643505
0.109898
0.595454
0.448973
0.223295
0.213941
0.851312
0.763234
0.826015
0.335402
0.748935
0.280738
0.770455
0.672718
0.647226
0.723164
0.648834
0.242776
0.289098
0.796617
0.939556
0.597555
0.925201
0.429181
0.914418
0.949558
0.144146
0.402489
0.339133
0.994122
0.932872
0.972011
0.978879
0.075452
0.739798
0.317422
0.109609
0.120403
0.155372
0.855035
0.562264
0.792959
0.990993
0.330462
0.58298
0.674622
0.154336
0.423789
0.470129
0.638818
0.925343
0.603264
0.384738
0.332751
0.579128
0.027651
0.329283
0.053197
0.510173
0.94383
0.572394
0.082933
0.609535
0.037447
0.134824
0.094543
0.825928
0.715263
0.524421
0.009433
0.608301
0.571313
0.573878
0.813031
0.819711
0.605894
0.05235
0.985967
0.507289
0.312085
0.323029
0.616885
0.61575
0.039422
0.527157
0.100562
0.539707
0.560814
0.675966
0.612546
0.091344
0.792277
0.003555
0.396438
0.708258
0.554868
0.320714
0.760797
0.429965
0.168251
0.076218
0.184708
0.742804
0.269129
0.721356
0.427075
0.619417
0.202939
0.55429
0.049684
0.925176
0.586723
0.023266
0.104064
0.065117
0.54138
0.722125
0.1584
0.985005
0.09427
0.351783
0.610009
0.700315
0.813841
0.319238
0.219328
0.748749
0.11488
0.289504
0.198716
0.430719
0.083672
0.997289
0.134427
0.108041
0.873648
0.61871
0.935121
0.852906
0.337682
0.811919
0.404605
0.293647
0.041592
0.684017
0.091344
0.145705
0.752677
0.085889
0.936942
0.689222
0.455104
0.735055
0.286155
0.303886
0.545845
0.170934
0.560042
0.64582
0.55656
0.417844
0.352638
0.229564
0.389683
0.668968
0.394082
0.463854
0.484586
0.839301
0.888354
0.608471
0.434978
0.03383
0.122934
0.777064
0.895443
0.104321
0.314952
0.55859
0.012571
0.142719
0.435759
0.910985
0.156842
0.620608
0.240167
0.936123
0.412426
0.322606
0.705166
0.887698
0.465875
0.089335
0.769232
0.510189
0.343155
0.98216
0.442767
0.258318
0.801292
0.912347
0.464515
0.408525
0.361129
0.271913
0.720216
0.889583
0.422251
0.802728
0.671809
0.88337
0.986996
0.205585
0.178931
0.265961
0.350628
0.795711
0.875116
0.942664
0.239053
0.694094
0.802729
0.358708
0.625708
0.657171
0.787398
0.909091
0.942462
0.433675
0.51357
0.597687
0.663752
0.709903
0.357667
0.872069
0.790633
0.272273
0.037543
0.462246
0.791077
0.824202
0.304414
0.062863
0.388894
0.195929
0.546365
0.740387
0.793186
0.501149
0.225162
0.690918
0.015228
0.236416
0.648094
0.352155
0.777751
0.793269
0.673745
0.492919
0.750386
0.746562
0.289985
0.069125
0.192364
0.975153
0.004326
0.942732
0.5
0.845304
0.834443
0.437961
0.911063
0.839794
0.45001
0.224155
0.882115
0.307248
0.092204
0.535889
0.351899
0.395057
0.382457
0.998284
0.411835
0.217509
0.418588
0.507333
0.953782
0.532975
0.332488
0.039091
0.852892
0.481172
0.735714
0.597971
0.836555
0.071937
0.21595
0.313523
0.869413
0.975018
0.542776
0.61181
0.285497
0.069058
0.412292
0.889029
0.467834
0.515338
0.296473
0.532832
0.431342
0.995116
0.07829
0.614426
0.031367
0.602631
0.133834
0.606116
0.052909
0.229728
0.298529
0.561421
0.908813
0.454863
0.199863
0.822544
0.333806
0.723544
0.63696
0.448739
0.730668
0.974317
0.399065
0.393772
0.691752
0.639752
0.619201
0.755189
0.769941
0.026942
0.585535
0.734054
0.78994
0.557132
0.343026
0.60574
0.084689
0.552928
0.138693
0.795311
0.59592
0.985836
0.991555
0.020073
0.542024
0.117347
0.664023
0.578735
0.30023
0.183535
0.920569
0.819859
0.270152
0.037551
0.885167
0.520459
0.780986
0.117585
0.660113
0.114168
0.83374
0.685899
0.522544
0.605598
0.329612
0.783438
0.819698
0.614139
0.761933
0.899803
0.401326
0.482239
0.383197
0.349683
0.955636
0.448
0.366993
0.119782
0.916571
0.983531
0.905723
0.888423
0.390049
0.095692
0.669246
0.853147
0.886756
0.118542
0.208646
0.782508
0.262374
0.134212
0.8691
0.040794
0.960549
0.996627
0.323822
0.789135
0.586855
0.339018
0.405108
0.655884
0.207046
0.366147
0.106097
0.719013
0.61159
0.552023
0.636424
0.462816
0.5575
0.408849
0.413098
0.44448
0.280622
0.5208
0.979291
0.565647
0.91789
0.936514
0.301161
0.848747
0.686647
0.632156
0.406075
0.587433
0.868626
0.489499
0.024525
0.68135
0.837107
0.369871
0.797334
0.244774
0.179553
0.02528
0.62086
0.89215
0.950322
0.087835
0.584979
0.721837
0.215898
0.440601
0.891784
0.925057
0.363583
0.466923
0.374091
0.569742
0.400911
0.619633
0.189257
0.501448
0.111738
0.590896
0.417011
0.849469
0.86942
0.46649
0.580692
0.339079
0.238152
0.109745
0.064249
0.008283
0.660926
0.91824
0.336955
0.963041
0.266646
0.911085
0.238252
0.490583
0.340079
0.774781
0.646888
0.357902
0.483426
0.667021
0.144806
0.555694
0.919147
0.687257
0.964831
0.176762
0.394527
0.608663
0.881925
0.914691
0.755754
0.511583
0.283982
0.386356
0.537403
0.987887
0.725195
0.065962
0.124023
0.029177
0.786668
0.111615
0.8433
0.106875
0.393644
0.997204
0.34255
0.413112
0.656187
0.058194
0.256578
0.621324
0.090719
0.578931
0.497529
0.869415
0.099618
0.821568
0.306814
0.987748
0.149475
0.828854
0.998963
0.815462
0.340967
0.938598
0.710169
0.206527
0.699285
0.626774
0.840348
0.979368
0.316112
0.169187
0.1409
0.923162
0.306953
0.798546
0.627691
0.084414
0.464947
0.372427
0.06679
0.131905
0.520721
0.233156
0.153093
0.092732
0.240766
0.689785
0.919803
0.448976
0.664651
0.187191
0.788633
0.752987
0.848304
0.441593
0.520396
0.580681
0.737617
0.761922
0.33706
0.419114
0.281205
0.553354
0.317152
0.68121
0.802451
0.653528
0.955174
0.314087
0.925668
0.751645
0.711689
0.094662
0.038089
0.045271
0.82312
0.567746
0.163095
0.102694
0.796338
0.221007
0.007327
0.999508
0.88229
0.045463
0.602859
0.813647
0.02378
0.060663
0.557709
0.472072
0.425511
0.129189
0.549712
0.752765
0.494407
0.835424
0.109818
0.409418
0.225313
0.838456
0.602168
0.482984
0.221356
0.904228
0.320249
0.148825
0.086028
0.197045
0.284001
0.686508
0.837513
0.858133
0.867401
0.59594
0.982162
0.674614
0.412415
0.022592
0.99889
0.40817
0.981139
0.482283
0.623627
0.963982
0.208827
0.575195
0.828147
0.876424
0.119776
0.772688
0.093178
0.947164
0.917942
0.432753
0.525948
0.439524
0.69792
0.60328
0.072272
0.031083
0.326968
0.204228
0.426511
0.599993
0.306218
0.888511
0.40665
0.590601
0.429942
0.636372
0.571969
0.470691
0.480127
0.039127
0.592485
0.770917
0.988715
0.61817
0.575355
0.142299
0.668582
0.055102
0.821281
0.614569
0.100217
0.681903
0.316022
0.426323
0.299274
0.227006
0.338389
0.676962
0.361199
0.475989
0.186549
0.590348
0.746287
0.411456
0.438133
0.984442
0.006906
0.847537
0.825849
0.270171
0.25167
0.334826
0.936426
0.66022
0.823109
0.292821
0.292238
0.361223
0.344599
0.939016
0.829222
0.181525
0.396774
0.594503
0.641431
0.87731
0.860289
0.358855
0.385332
0.804927
0.986067
0.573578
0.507215
0.90193
0.592675
0.730832
0.684629
0.44943
0.787374
0.389188
0.781925
0.51299
0.116111
0.142163
0.141836
0.147241
0.819943
0.272481
0.3866
0.95059
0.794078
0.782726
0.440211
0.950434
0.113944
0.753243
0.406502
0.0111
0.387999
0.415248
0.525125
0.493662
0.990428
0.087381
0.295063
0.164714
0.878973
0.526484
0.691107
0.991037
0.697445
0.027217
0.92428
0.247881
0.22594
0.504645
0.245352
0.946369
0.455781
0.38396
0.901622
0.421359
0.822572
0.572806
0.30637
0.110474
0.379401
0.490939
0.696748
0.187544
0.441359
0.916572
0.699982
0.909585
0.660762
0.170118
0.529325
0.276936
0.543434
0.502431
0.429108
0.254602
0.657437
0.761795
0.625109
0.822434
0.046248
0.856104
0.481368
0.538697
0.147679
0.285903
0.01659
0.09783
0.032148
0.423708
0.712423
0.056972
0.746407
0.354592
0.065773
0.946142
0.115585
0.409563
0.793564
0.392144
0.424283
0.477605
0.481064
0.874042
0.52116
0.454383
0.209701
0.433952
0.901819
0.162904
0.43648
0.244402
0.650993
0.282031
0.402415
0.28804
0.091439
0.792238
0.121357
0.470705
0.377123
0.178855
0.042549
0.512894
0.47274
0.778356
0.447199
0.422161
0.025953
0.643056
0.978736
0.118519
0.688211
0.839907
0.312559
0.157854
0.062748
0.361189
0.494827
0.729858
0.679152
0.888006
0.622036
0.601319
0.266163
0.074303
0.098838
0.715807
0.046789
0.729127
0.859332
0.763708
0.410103
0.675711
0.512859
0.367271
0.065156
0.374932
0.342039
0.708193
0.872413
0.279093
0.201703
0.293714
0.764683
0.469433
0.664983
0.286311
0.202025
0.774734
0.468419
0.964558
0.686788
0.355366
0.787909
0.396244
0.646697
0.052585
0.474147
0.754585
0.79562
0.260132
0.120857
0.944609
0.488495
0.995034
0.041445
0.636001
0.355479
0.131944
0.835897
0.969065
0.686741
0.857629
0.574501
0.027321
0.320985
0.841057
0.957847
0.955234
0.066756
0.832243
0.862249
0.983904
0.911561
0.286323
0.844302
0.901372
0.176304
0.785931
0.297737
0.116
0.13501
0.099781
0.651073
0.92214
0.553676
0.024422
0.458185
0.971887
0.554766
0.211949
0.258037
0.844383
0.355299
0.704322
0.034815
0.57247
0.465785
0.760314
0.467763
0.036917
0.427492
0.683469
0.736233
0.93784
0.141913
0.930632
0.545144
0.327994
0.047969
0.806413
0.787481
0.570113
0.670597
0.312274
0.113885
0.802108
0.112598
0.712692
0.188212
0.491401
0.550509
0.576064
0.229907
0.187907
0.069775
0.462834
0.167676
0.608445
0.997478
0.849841
0.110884
0.607074
0.440732
0.504109
0.054712
0.728472
0.488813
0.98347
0.578755
0.657041
0.656151
0.617262
0.284662
0.790821
0.819282
0.440532
0.288946
0.901861
0.184769
0.723223
0.33417
0.858144
0.070539
0.964341
0.996641
0.763718
0.100569
0.771196
0.668994
0.383366
0.020351
0.461003
0.805345
0.812934
0.914157
0.069693
0.580948
0.814936
0.798723
0.561691
0.43651
0.401082
0.55358
0.320759
0.096627
0.975253
0.343847
0.287381
0.209999
0.904528
0.14371
0.739521
0.917412
0.460496
0.796802
0.30322
0.37814
0.157908
0.571946
0.275943
0.377872
0.338614
0.842257
0.168604
0.781992
0.684777
0.321848
0.743849
0.364629
0.082369
0.062721
0.583015
0.57771
0.364671
0.553
0.254866
0.568818
0.626644
0.462481
0.22269
0.203859
0.623693
0.18202
0.893682
0.648497
0.38049
0.093323
0.927951
0.066632
0.988841
0.607928
0.292884
0.819533
0.805051
0.416803
0.685305
0.496072
0.359763
0.59177
0.205385
0.831565
0.286436
0.062775
0.223245
0.35806
0.481225
0.234561
0.841602
0.499777
0.457335
0.796777
0.355519
0.178421
0.487054
0.754352
0.987296
0.879334
0.891678
0.597632
0.254847
0.716559
0.183085
0.563993
0.970792
0.616284
0.842886
0.401085
0.780275
0.872277
0.891888
0.039378
0.912465
0.001895
0.14278
0.000325
0.121241
0.150666
0.8421
0.619042
0.196144
0.604789
0.459249
0.15122
0.935497
0.67951
0.164048
0.635917
0.915803
0.095339
0.827923
0.668603
0.401935
0.636852
0.377005
0.241671
0.023308
0.462533
0.700131
0.249182
0.720242
0.418505
0.495678
0.475676
0.403105
0.929776
0.375074
0.277892
0.284086
0.883727
0.533129
0.857001
0.893591
0.622484
0.264429
0.966493
0.559447
0.049349
0.443965
0.743673
0.404602
0.866043
0.264217
0.638525
0.738338
0.805504
0.502463
0.319238
0.986615
0.681893
0.233344
0.221869
0.680436
0.843642
0.230185
0.966472
0.05362
0.181133
0.468096
0.078757
0.882824
0.135848
0.84366
0.232114
0.175059
0.757581
0.128942
0.626941
0.427947
0.0831
0.451245
0.205328
0.113493
0.618505
0.232872
0.729953
0.931594
0.307224
0.808512
0.333814
0.526583
0.7939
0.67686
0.757748
0.540569
0.088533
0.56245
0.905298
0.942532
0.258601
0.347995
0.403931
0.88883
0.337966
0.861877
0.077132
0.741565
0.040826
0.594979
0.844476
0.620403
0.664606
0.619342
0.392922
0.809671
0.317033
0.778609
0.33733
0.717393
0.277792
0.220017
0.36905
0.934425
0.338155
0.602466
0.646638
0.454205
0.131392
0.796093
0.357574
0.570531
0.762157
0.583447
0.786036
0.330167
0.636737
0.123466
0.075307
0.620587
0.85423
0.144731
0.10232
0.496389
0.023295
0.499754
0.618965
0.373149
0.252348
0.962193
0.226042
0.799464
0.94817
0.729074
0.691323
0.667822
0.914397
0.765112
0.823742
0.591085
0.686212
0.8167
0.694657
0.310425
0.074752
0.979011
0.337561
0.336001
0.374944
0.698165
0.725415
0.259876
0.677176
0.008401
0.913383
0.858242
0.066016
0.137844
0.962495
0.563082
0.07254
0.8906
0.20011
0.469718
0.478093
0.92336
0.378296
0.711498
0.438891
0.275921
0.342849
0.366116
0.979167
0.398892
0.529918
0.918821
0.216487
0.4393
0.684504
0.465076
0.893406
0.354016
0.109627
0.789075
0.462372
0.804728
0.891341
0.948145
0.711239
0.105626
0.169313
0.095163
0.778358
0.31629
0.463913
0.747649
0.611612
0.014268
0.384608
0.575234
0.515607
0.484695
0.717243
0.658834
0.735741
0.361783
0.437244
0.171902
0.19738
0.190358
0.310907
0.625113
0.306735
0.420161
0.235352
0.588016
0.606066
0.289299
0.982067
0.971165
0.93858
0.268029
0.673429
0.638966
0.24861
0.735228
0.843811
0.014565
0.43944
0.798418
0.183775
0.901169
0.436063
0.746577
0.954363
0.45995
0.594591
0.744748
0.414703
0.835002
0.547214
0.783723
0.833866
0.522699
0.88241
0.604141
0.062172
0.311126
0.724659
0.851037
0.755079
0.944987
0.79287
0.844293
0.460155
0.251631
0.718145
0.092437
0.969407
0.731682
0.432827
0.041356
0.824019
0.627414
0.696596
0.731219
0.331958
0.507774
0.855042
0.830076
0.830259
0.552757
0.411643
0.671409
0.696212
0.985001
0.113725
0.554691
0.460301
0.01055
0.801672
0.894693
0.343067
0.961306
0.890735
0.102154
0.709447
0.973331
0.717846
0.038081
0.410789
0.650227
0.957227
0.667825
0.876135
0.33503
0.521636
0.552085
0.957547
0.043334
0.497578
0.435605
0.230823
0.666597
0.489672
0.166162
0.167294
0.158444
0.518892
0.244093
0.942256
0.899996
0.681012
0.1294
0.38749
0.489884
0.960598
0.548567
0.031403
0.696974
0.19439
0.383391
0.22309
0.526268
0.722464
0.103428
0.769772
0.545311
0.467462
0.20755
0.0327
0.643481
0.03586
0.015536
0.264032
0.420227
0.483496
0.190941
0.767594
0.445515
0.278936
0.269213
0.678306
0.304228
0.516835
0.908204
0.590852
0.820251
0.694675
0.075774
0.076221
0.210511
0.147649
0.136653
0.153056
0.460793
0.074516
0.094137
0.618292
0.854608
0.829706
0.069102
0.312177
0.429463
0.3477
0.800988
0.492111
0.200585
0.455545
0.03128
0.040455
0.791277
0.139805
0.458168
0.420792
0.748724
0.791521
0.400012
0.093511
0.152624
0.164397
0.769506
0.004886
0.993195
0.398211
0.335772
0.969504
0.433122
0.169375
0.473419
0.72408
0.601483
0.104198
0.817647
0.722054
0.107657
0.869255
0.19811
0.265392
0.297384
0.310812
0.072951
0.876409
0.042827
0.633841
0.931307
0.9066
0.8088
0.86
0.639168
0.742697
0.813021
0.709007
0.57823
0.205427
0.637124
0.085545
0.202478
0.192605
0.278036
0.750593
0.073503
0.616406
0.96585
0.852
0.328773
0.664964
0.017591
0.762669
0.363485
0.974626
0.696696
0.828431
0.04896
0.697941
0.956765
0.331502
0.703357
0.080338
0.722365
0.840253
0.795198
0.18848
0.156534
0.213196
0.684032
0.112313
0.26904
0.204706
0.456606
0.282503
0.671024
0.257558
0.857152
0.341664
0.367747
0.557162
0.659453
0.639559
0.224829
0.373431
0.252832
0.494044
0.946584
0.188128
0.695174
0.722501
0.669024
0.761755
0.117279
0.678248
0.763668
0.405706
0.181482
0.472197
0.087188
0.319942
0.592213
0.111253
0.755062
0.3903
0.507717
0.884101
0.7685
0.200052
0.477821
0.650773
0.326164
0.984801
0.060147
0.873442
0.633201
0.359112
0.768726
0.300236
0.580884
0.865422
0.843501
0.136365
0.417828
0.857641
0.766939
0.573156
0.322037
0.656534
0.805719
0.532959
0.696408
0.883039
0.203224
0.511703
0.133377
0.558767
0.55877
0.162617
0.651303
0.401236
0.397411
0.394426
0.78601
0.003193
0.848961
0.992616
0.764505
0.258599
0.054782
0.431675
0.725921
0.242081
0.161482
0.520356
0.167661
0.896057
0.937328
0.744789
0.881367
0.827878
0.586261
0.688309
0.977825
0.504701
0.027259
0.84007
0.295676
0.993792
0.107953
0.68919
0.342489
0.205291
0.551614
0.327906
0.50835
0.340602
0.151839
0.161831
0.233606
0.290371
0.951982
0.338539
0.861681
0.47408
0.797962
0.19578
0.221215
0.258631
0.15192
0.072944
0.223884
0.594173
0.488261
0.005975
0.260696
0.337683
0.277995
0.407189
0.346773
0.907032
0.584553
0.027186
0.899068
0.604969
0.7752
0.997135
0.674276
0.030102
0.346803
0.863855
0.004809
0.689204
0.625788
0.522773
0.169824
0.921814
0.890279
0.211826
0.834044
0.870588
0.503126
0.897855
0.650102
0.255427
0.970278
0.175905
0.581911
0.159302
0.989377
0.900046
0.368498
0.576665
0.835035
0.313943
0.098937
0.119756
0.964086
0.315619
0.537557
0.525645
0.589676
0.773704
0.37567
0.983198
0.87982
0.274486
0.810204
0.176361
0.245909
0.314672
0.904101
0.11743
0.344133
0.92221
0.637571
0.558065
0.205548
0.370061
0.265206
0.708371
0.530909
0.156104
0.002914
0.04641
0.731448
0.353073
0.488349
0.815891
0.638385
0.878314
0.298218
0.658891
0.462596
0.208511
0.408117
0.196587
0.872208
0.152184
0.772278
0.790658
0.507958
0.058921
0.922075
0.668969
0.731297
0.556651
0.442542
0.035882
0.762393
0.404992
0.763156
0.040561
0.764628
0.051043
0.47214
0.63169
0.521464
0.880926
0.217616
0.671808
0.971895
0.186926
0.528435
0.157473
0.065999
0.889807
0.476648
0.538807
0.223993
0.23459
0.364088
0.629549
0.721307
0.010007
0.276958
0.728135
0.425089
0.975227
0.123455
0.827236
0.433131
0.713862
0.208367
0.748517
0.883876
0.931022
0.842937
0.288235
0.364862
0.59075
0.15188
0.156768
0.005767
0.753577
0.268485
0.4464
0.920528
0.515927
0.001907
0.171086
0.561595
0.537195
0.363942
0.986627
0.589373
0.628972
0.483031
0.280091
0.932391
0.478676
0.610992
0.017386
0.878075
0.758496
0.577111
0.366887
0.504561
0.167353
0.836073
0.350879
0.350799
0.631872
0.173644
0.953455
0.184778
0.794951
0.510253
0.741154
0.095403
0.776833
0.835761
0.706042
0.268603
0.118688
0.775761
0.17118
0.74879
0.264392
0.88261
0.689292
0.136243
0.759848
0.406231
0.450798
0.099776
0.915315
0.486413
0.251879
0.458587
0.173156
0.575953
0.225929
0.545834
0.83109
0.570301
0.4916
0.208866
0.008938
0.747624
0.899534
0.21701
0.988577
0.012569
0.213883
0.407032
0.304738
0.375705
0.811827
0.758586
0.620214
0.885172
0.598422
0.721611
0.736748
0.099398
0.526573
0.145189
0.150934
0.126296
0.211812
0.630506
0.930989
0.225583
0.542991
0.796999
0.560867
0.447079
0.319387
0.464257
0.00311
0.133744
0.860438
0.559503
0.481473
0.128054
0.581835
0.715524
0.613985
0.214532
0.124578
0.595023
0.491245
0.03598
0.730267
0.21439
0.029434
0.504994
0.56979
0.332145
0.686067
0.14451
0.68575
0.005538
0.383796
0.507969
0.421873
0.760411
0.542646
0.061412
0.9859
0.124008
0.552549
0.164613
0.667369
0.994693
0.296007
0.874334
0.599756
0.654996
0.833791
0.55424
0.305167
0.624336
0.290047
0.435522
0.537092
0.96713
0.06084
0.581557
0.522399
0.843905
0.788861
0.70215
0.634022
0.67488
0.254913
0.263008
0.679991
0.112007
0.630782
0.691956
0.976136
0.278165
0.127794
0.704699
0.450816
0.998651
0.973327
0.87073
0.616081
0.058732
0.147091
0.809993
0.959941
0.994965
0.81141
0.741169
0.876585
0.52058
0.235629
0.380595
0.174831
0.778625
0.653062
0.091234
0.756428
0.936517
0.640871
0.266826
0.699919
0.02094
0.178766
0.308748
0.58789
0.815236
0.612396
0.74249
0.003923
0.556584
0.65313
0.145412
0.355247
0.015402
0.692439
0.677577
0.01779
0.295205
0.518498
0.113886
0.14517
0.38894
0.727789
0.083317
0.328657
0.853513
0.136378
0.127318
0.64757
0.556529
0.622999
0.784883
0.838192
0.683648
0.715162
0.688895
0.314979
0.868909
0.189873
0.090032
0.922268
0.72234
0.496992
0.528173
0.872689
0.65458
0.236112
0.684037
0.339385
0.372382
0.525237
0.709806
0.497396
0.548586
0.665767
0.142241
0.136096
0.762186
0.446526
0.152759
0.726998
0.670208
0.679508
0.964969
0.819283
0.952313
0.230482
0.17655
0.387462
0.182643
0.644595
0.703031
0.79522
0.359905
0.80679
0.134223
0.708382
0.792506
0.025582
0.284519
0.35468
0.926176
0.090859
0.953299
0.178589
0.648571
0.20446
0.793565
0.836091
0.695363
0.970564
0.074222
0.624263
0.61537
0.83852
0.140219
0.836631
0.948765
0.3117
0.900677
0.781125
0.142467
0.807574
0.036108
0.621831
0.227798
0.147067
0.718942
0.151427
0.598443
0.96491
0.830905
0.583187
0.971445
0.233429
0.962387
0.931147
0.523958
0.0354
0.32788
0.694871
0.170005
0.265686
0.979977
0.354596
0.365005
0.809593
0.306245
0.053182
0.878743
0.735176
0.946802
0.155346
0.942247
0.012565
0.473117
0.107861
0.738796
0.080458
0.560824
0.93819
0.135391
0.877425
0.183244
0.513537
0.149081
0.657561
0.21757
0.801714
0.332909
0.156175
0.428114
0.483643
0.529283
0.313031
0.270914
0.483752
0.233206
0.65807
0.528131
0.404499
0.132263
0.450528
0.248347
0.112876
0.190192
0.757572
0.673013
0.142717
0.050323
0.384982
0.658713
0.167883
0.244862
0.94409
0.882832
0.805757
0.470917
0.040517
0.638372
0.077291
0.393551
0.956061
0.768591
0.204801
0.559614
0.640507
0.891543
0.480522
0.496315
0.322716
0.343983
0.083231
0.350717
0.401951
0.059884
0.014133
0.179455
0.386277
0.740593
0.070845
0.922814
0.697992
0.773036
0.023432
0.079457
0.710772
0.163748
0.156901
0.354141
0.812396
0.285102
0.911651
0.068275
0.152966
0.46669
0.126705
0.566065
0.858605
0.512186
0.283745
0.443527
0.631238
0.574734
0.265683
0.966359
0.875384
0.461545
0.194699
0.432364
0.877722
0.589075
0.806704
0.293017
0.009724
0.250403
0.546134
0.823183
0.333072
0.840513
0.948007
0.339235
0.280623
0.603615
0.697209
0.299647
0.527103
0.614699
0.784796
0.399877
0.984537
0.299079
0.748365
0.089178
0.901087
0.666625
0.74709
0.024976
0.808971
0.622877
0.173177
0.978371
0.536589
0.706564
0.543347
0.893149
0.061534
0.859188
0.792118
0.114083
0.195109
0.00252
0.717707
0.350333
0.876
0.954485
0.148458
0.21714
0.987978
0.535966
0.353526
0.315151
0.55047
0.228743
0.030355
0.065448
0.302356
0.577012
0.777835
0.602247
0.650755
0.199674
0.634198
0.959932
0.708805
0.782328
0.919276
0.382544
0.058639
0.605253
0.094379
0.600378
0.360045
0.57238
0.863001
0.182978
0.375345
0.522327
0.410569
0.359052
0.032455
0.647596
0.825204
0.347864
0.641568
0.806346
0.407373
0.988048
0.701114
0.652952
0.316514
0.328955
0.77687
0.575922
0.674289
0.276607
0.063978
0.389112
0.491965
0.927776
0.515373
0.667089
0.824112
0.267466
0.716258
0.271038
0.246911
0.230398
0.37936
0.1781
0.56769
0.102596
0.527699
0.304122
0.207186
0.290759
0.066273
0.452959
0.001668
0.392323
0.757071
0.272151
0.490788
0.941365
0.738235
0.382876
0.784196
0.430825
0.463172
0.754071
0.355448
0.885076
0.321454
0.370822
0.562123
0.207146
0.217899
0.21598
0.822149
0.14843
0.5899
0.114843
0.290747
0.746326
0.076425
0.835254
0.125651
0.61221
0.69805
0.103103
0.109577
0.920544
0.817278
0.826805
0.580245
0.736592
0.541416
0.547868
0.797742
0.656834
0.664201
0.936763
0.173857
0.311908
0.679913
0.411564
0.377915
0.262309
0.214452
0.314315
0.593671
0.542609
0.645846
0.029404
0.289931
0.985861
0.520126
0.251934
0.009657
0.316312
0.354555
0.917835
0.902476
0.64817
0.48537
0.288875
0.415781
0.48998
0.027329
0.680718
0.92856
0.379874
0.193581
0.057202
0.652637
0.604734
0.12122
0.738357
0.16264
0.604164
0.157489
0.85553
0.554388
0.551915
0.800727
0.760481
0.2748
0.628005
0.345981
0.169271
0.741961
0.74406
0.453059
0.151615
0.512417
0.455976
0.419481
0.514779
0.290892
0.871454
0.839282
0.700729
0.767361
0.395094
0.482688
0.027234
0.150483
0.448719
0.27054
0.421399
0.842098
0.188224
0.849131
0.135243
0.371798
0.036632
0.42341
0.271124
0.102847
0.722789
0.712702
0.745553
0.365127
0.380772
0.380548
0.925747
0.041711
0.73348
0.451681
0.636056
0.733371
0.847098
0.059508
0.505114
0.880312
0.417328
0.900175
0.286358
0.090409
0.053876
0.316871
0.679659
0.350139
0.483159
0.453851
0.139811
0.258361
0.645478
0.087105
0.959563
0.116545
0.717483
0.189996
0.507158
0.632961
0.365668
0.153963
0.762838
0.755768
0.21893
0.988246
0.336159
0.473452
0.180248
0.061783
0.859806
0.790304
0.558944
0.676299
0.806252
0.943526
0.913333
0.456763
0.283269
0.09392
0.738137
0.819263
0.783712
0.451802
0.222258
0.466078
0.097321
0.570083
0.980653
0.375176
0.265713
0.189705
0.976867
0.507759
0.958203
0.29294
0.121803
0.316061
0.533743
0.545317
0.751648
0.014844
0.250906
0.469684
0.431139
0.302582
0.257964
0.033607
0.317371
0.744893
0.364764
0.076523
0.524866
0.334399
0.098391
0.857072
0.143516
0.793768
0.321608
0.181996
0.454892
0.57895
0.298267
0.790501
0.341609
0.928677
0.001503
0.093366
0.637579
0.065917
0.303124
0.480756
0.655275
0.589605
0.883271
0.886843
0.859252
0.627132
0.489872
0.044931
0.567188
0.388496
0.91032
0.999366
0.928578
0.109443
0.275461
0.977382
0.430879
0.240448
0.257994
0.431205
0.441705
0.216996
0.826713
0.03216
0.591343
0.187044
0.257537
0.47784
0.153984
0.890921
0.525629
0.777952
0.352129
0.19919
0.796536
0.286988
0.54561
0.253094
0.200628
0.163282
0.610834
0.804283
0.408438
0.063889
0.934873
0.281998
0.172206
0.279383
0.359061
0.260131
0.34969
0.951601
0.809169
0.663103
0.48535
0.572593
0.104675
0.305053
0.451509
0.150871
0.247872
0.106684
0.343996
0.202822
0.716161
0.029873
0.491453
0.765207
0.171865
0.351168
0.573295
0.381184
0.092202
0.963411
0.636931
0.87469
0.783405
0.022901
0.367869
0.259019
0.018819
0.723628
0.74775
0.600337
0.367705
0.654422
0.890367
0.532783
0.885997
0.84336
0.172225
0.253299
0.98775
0.576177
0.40304
0.852188
0.689905
0.473683
0.969785
0.675058
0.142588
0.279701
0.045703
0.966354
0.770446
0.257462
0.853719
0.669921
0.336205
0.389878
0.800519
0.72182
0.273986
0.27937
0.854934
0.083618
0.17505
0.474144
0.015775
0.209459
0.081015
0.794991
0.71482
0.951039
0.59464
0.5879
0.698639
0.314572
0.685866
0.59511
0.699058
0.58447
0.392066
0.399455
0.616277
0.82897
0.419371
0.360938
0.739237
0.596257
0.341174
0.858537
0.081503
0.408811
0.862656
0.996702
0.31035
0.336595
0.687521
0.170694
0.196928
0.540635
0.757155
0.636295
0.88952
0.770586
0.685721
0.733685
0.077408
0.61765
0.407927
0.235591
0.813313
0.593035
0.33414
0.191059
0.466627
0.559153
0.506708
0.968383
0.47401
0.59512
0.242468
0.8295
0.157854
0.403605
0.517812
0.060399
0.12326
0.608383
0.82503
0.459035
0.69132
0.090532
0.4391
0.906679
0.285515
0.039123
0.98629
0.136611
0.602921
0.77411
0.14383
0.308443
0.628103
0.876476
0.909705
0.777549
0.437866
0.65046
0.285108
0.193562
0.843148
0.342354
0.530527
0.732082
0.977296
0.301038
0.718344
0.392537
0.858563
0.927633
0.009786
0.165334
0.770987
0.133766
0.532093
0.381126
0.720314
0.253094
0.820125
0.352585
0.408952
0.792791
0.441822
0.689777
0.349866
0.072636
0.544693
0.491934
0.051932
0.744062
0.939865
0.678118
0.099438
0.019286
0.431735
0.538601
0.138843
0.041375
0.690145
0.679994
0.694972
0.734155
0.494106
0.76602
0.818748
0.124843
0.69315
0.34898
0.878467
0.437373
0.612262
0.607586
0.617777
0.455106
0.536182
0.448778
0.648796
0.365248
0.167934
0.46746
0.13795
0.970728
0.234255
0.957368
0.673867
0.20358
0.857683
0.564804
0.289084
0.031195
0.630365
0.112901
0.62456
0.589982
0.300161
0.544117
0.217232
0.239896
0.211226
0.159956
0.861011
0.886525
0.137863
0.199706
0.646981
0.684367
0.047021
0.775085
0.027595
0.904132
0.551691
0.611905
0.335688
0.979027
0.911573
0.26828
0.988717
0.48792
0.886535
0.955941
0.889831
0.97274
0.432662
0.047113
0.1317
0.526868
0.835508
0.634393
0.799549
0.673643
0.756086
0.711632
0.727293
0.267855
0.031119
0.574326
0.713959
0.917479
0.995159
0.14732
0.776862
0.665445
0.164533
0.06279
0.417443
0.723956
0.840239
0.667072
0.76485
0.990855
0.325325
0.273719
0.136758
0.371589
0.121191
0.460167
0.490546
0.363822
0.42494
0.124896
0.136645
0.716728
0.662119
0.951208
0.01805
0.433162
0.070298
0.125389
0.047495
0.287598
0.648917
0.953521
0.125264
0.711087
0.915819
0.42913
0.081921
0.235028
0.116235
0.363816
0.317462
0.558677
0.22591
0.157755
0.6499
0.227691
0.350747
0.88951
0.432916
0.58515
0.802769
0.838375
0.298062
0.061273
0.527082
0.942701
0.822262
0.94606
0.77131
0.474774
0.997305
0.47411
0.676315
0.626084
0.93354
0.158257
0.135143
0.592201
0.542947
0.626192
0.633523
0.460481
0.613788
0.852883
0.157044
0.646034
0.738989
0.080968
0.719018
0.803206
0.931699
0.262548
0.672934
0.471204
0.431465
0.441159
0.158031
0.436755
0.536476
0.932151
0.284339
0.195746
0.622246
0.307162
0.773266
0.289839
0.196474
0.760772
0.117948
0.154465
0.707506
0.305301
0.966559
0.676459
0.640711
0.330513
0.842341
0.1799
0.616042
0.68142
0.321572
0.601907
0.172241
0.370812
0.330232
0.027533
0.465692
0.494988
0.356506
0.409524
0.037359
0.911887
0.565004
0.893927
0.634285
0.822154
0.188992
0.570957
0.431124
0.339877
0.268863
0.754456
0.369639
0.972414
0.999165
0.274142
0.229511
0.655845
0.75477
0.617967
0.315262
0.512284
0.074167
0.007108
0.243344
0.108149
0.170604
0.652497
0.804754
0.276876
0.797027
0.713021
0.101137
0.762114
0.305885
0.557947
0.71549
0.040406
0.533879
0.752859
0.566459
0.772694
0.699794
0.90952
0.350967
0.953994
0.964278
0.723526
0.391977
0.131722
0.578201
0.850207
0.455973
0.668762
0.923476
0.956553
0.795615
0.075707
0.511249
0.103748
0.951936
0.776631
0.825666
0.452705
0.931654
0.606751
0.85623
0.468389
0.52435
0.702708
0.301156
0.530323
0.879417
0.002998
0.300925
0.414541
0.587887
0.439274
0.098435
0.421617
0.773313
0.511177
0.266895
0.497101
0.740607
0.841182
0.226773
0.432518
0.220471
0.854451
0.536493
0.961713
0.310801
0.13688
0.018694
0.803144
0.075795
0.132319
0.777773
0.067077
0.007318
0.81141
0.655969
0.537694
0.129912
0.144764
0.328231
0.117933
0.171064
0.912425
0.510789
0.378065
0.949225
0.519602
0.311503
0.805449
0.450378
0.171469
0.762647
0.427224
0.817735
0.593771
0.539727
0.482792
0.581748
0.346944
0.8566
0.691396
0.32256
0.625729
0.121356
0.953873
0.280368
0.792363
0.262757
0.581355
0.449519
0.82878
0.485271
0.860437
0.863012
0.19677
0.93748
0.898168
0.348638
0.87081
0.129197
0.168854
0.338164
0.368588
0.694177
0.709462
0.740522
0.776935
0.136063
0.087077
0.521514
0.491725
0.989233
0.926491
0.927862
0.211073
0.975301
0.563873
0.668065
0.365692
0.143929
0.9589
0.827972
0.583702
0.610279
0.528348
0.191315
0.831446
0.483195
0.905467
0.813159
0.353755
0.94943
0.154266
0.166639
0.448541
0.307596
0.117087
0.687377
0.821933
0.204978
0.512234
0.635701
0.413105
0.104749
0.850765
0.716656
0.933179
0.630205
0.511437
0.742544
0.711949
0.190553
0.032258
0.123443
0.447829
0.483069
0.912454
0.287581
0.31754
0.338277
0.350127
0.428494
0.6543
0.447301
0.795264
0.289629
0.130884
0.568891
0.615671
0.793313
0.969791
0.382547
0.019831
0.759489
0.563005
0.216439
0.529396
0.681983
0.315473
0.3165
0.209747
0.012233
0.999761
0.589192
0.437001
0.348893
0.41741
0.882617
0.001323
0.731905
0.357553
0.565081
0.704735
0.185217
0.855823
0.361314
0.52824
0.752406
0.436281
0.741466
0.780365
0.884376
0.998931
0.409238
0.228174
0.165885
0.345257
0.769028
0.659941
0.925622
0.608572
0.572964
0.020407
0.989498
0.584908
0.969772
0.415067
0.754548
0.071142
0.413474
0.942663
0.60877
0.120724
0.715841
0.497164
0.709871
0.479974
0.746541
0.832106
0.586209
0.906753
0.398129
0.094208
0.569695
0.186897
0.59056
0.787616
0.305854
0.857228
0.696642
0.667226
0.195394
0.238496
0.272819
0.173913
0.031462
0.935936
0.303528
0.765048
0.186016
0.913582
0.972658
0.762433
0.096327
0.796124
0.416416
0.144767
0.829306
0.452744
0.382141
0.011739
0.502336
0.520628
0.808113
0.52077
0.957361
0.756434
0.900258
0.880019
0.647961
0.364351
0.569104
0.823051
0.629027
0.684056
0.495498
0.648486
0.971603
0.085711
0.693632
0.88423
0.425063
0.940816
0.24101
0.534313
0.288502
0.776378
0.613391
0.466552
0.732814
0.69964
0.159339
0.202722
0.358204
0.325094
0.193752
0.187371
0.842094
0.6037
0.534389
0.92224
0.785223
0.457844
0.895918
0.770882
0.606343
0.771115
0.64782
0.99602
0.802794
0.45024
0.339645
0.823326
0.786959
0.430428
0.519259
0.573361
0.68946
0.328915
0.384451
0.853556
0.064816
0.625957
0.523249
0.777641
0.751841
0.173693
0.126551
0.805504
0.576986
0.045348
0.118281
0.159769
0.576958
0.252697
0.963635
0.066981
0.865457
0.625491
0.92804
0.138729
0.757467
0.659593
0.326249
0.874033
0.757607
0.660663
0.28946
0.889055
0.056812
0.649934
0.050025
0.254565
0.54548
0.527906
0.028992
0.387601
0.763067
0.873666
0.87253
0.420939
0.113359
0.181558
0.001726
0.849387
0.780225
0.929092
0.489814
0.19367
0.418612
0.245291
0.767358
0.260793
0.795586
0.275051
0.012503
0.020407
0.615294
0.771475
0.804319
0.200214
0.563109
0.907549
0.387865
0.960892
0.114803
0.299809
0.668079
0.793362
0.277716
0.599909
0.842242
0.311033
0.082043
0.69469
0.188377
0.274827
0.121912
0.881698
0.180965
0.17151
0.970762
0.806125
0.068942
0.142224
0.890246
0.104631
0.219342
0.494457
0.533502
0.818818
0.408665
0.543184
0.030736
0.598587
0.442467
0.903019
0.856779
0.255637
0.256719
0.442582
0.198176
0.846639
0.228232
0.526343
0.507133
0.595478
0.171777
0.287429
0.295567
0.226371
0.331406
0.321619
0.27297
0.645235
0.754189
0.851199
0.335611
0.75274
0.951941
0.783049
0.340578
0.119755
0.573328
0.31943
0.947801
0.96347
0.165963
0.537319
0.540165
0.16057
0.467061
0.562379
0.351187
0.048458
0.989334
0.54599
0.163036
0.933171
0.612736
0.603457
0.039706
0.324793
0.97887
0.655744
0.441171
0.489904
0.712231
0.445674
0.611064
0.486994
0.228487
0.684519
0.097072
0.766025
0.891945
0.818198
0.141637
0.241495
0.827614
0.814917
0.693114
0.335071
0.380698
0.949445
0.337606
0.288455
0.785374
0.857327
0.714769
0.937385
0.981909
0.246687
0.401271
0.389082
0.117166
0.943525
0.800948
0.56088
0.818498
0.188797
0.544588
0.057531
0.743666
0.857929
0.479663
0.057645
0.120353
0.612224
0.516433
0.309008
0.809384
0.287358
0.119184
0.575627
0.01983
0.345845
0.218399
0.399052
0.202118
0.643801
0.436954
0.775028
0.268227
0.610053
0.534626
0.197357
0.006775
0.720346
0.085307
0.785585
0.002685
0.912626
0.387846
0.311014
0.539341
0.674135
0.39217
0.163982
0.2587
0.689277
0.171604
0.256115
0.462368
0.477433
0.257489
0.088473
0.793839
0.672482
0.250734
0.482544
0.962217
0.717933
0.932526
0.446981
0.238429
0.974003
0.559495
0.572847
0.12949
0.420389
0.169056
0.221295
0.811541
0.133755
0.835918
0.889274
0.603878
0.607161
0.334187
0.509955
0.033311
0.368054
0.555017
0.415877
0.611798
0.070189
0.107052
0.673345
0.764639
0.745931
0.145515
0.316886
0.610564
0.381957
0.941815
0.083061
0.450492
0.549417
0.063843
0.262782
0.739151
0.990007
0.545031
0.150312
0.710766
0.388522
0.332852
0.969759
0.603456
0.288436
0.142167
0.893275
0.66537
0.12076
0.029757
0.110044
0.812931
0.545719
0.169717
0.200814
0.635017
0.158057
0.776774
0.354154
0.681042
0.939251
0.552611
0.787061
0.837677
0.587634
0.183098
0.374922
0.976371
0.988448
0.858865
0.890817
0.240834
0.970951
0.869191
0.297022
0.180277
0.39555
0.167235
0.876925
0.830177
0.509748
0.107944
0.767793
0.60148
0.886753
0.844231
0.790415
0.425819
0.931433
0.288449
0.533349
0.752956
0.540383
0.321906
0.754155
0.193105
0.155041
0.775766
0.754448
0.031367
0.695221
0.337574
0.86875
0.225506
0.056713
0.312289
0.181443
0.77739
0.553841
0.250896
0.906068
0.556271
0.533356
0.723117
0.179614
0.697768
0.458048
0.237442
0.549209
0.115954
0.806869
0.89506
0.591389
0.724962
0.114515
0.076893
0.068304
0.055898
0.420582
0.088891
0.165797
0.623621
0.77995
0.174267
0.205188
0.684673
0.635271
0.110226
0.957335
0.164871
0.857936
0.719799
0.402958
0.123644
0.098562
0.244289
0.639061
0.825366
0.198355
0.879827
0.924999
0.383396
0.018196
0.351325
0.167209
0.680953
0.961774
0.820868
0.491681
0.974594
0.307251
0.54077
0.395789
0.597002
0.555837
0.004296
0.063932
0.017842
0.225269
0.738079
0.668056
0.743597
0.570511
0.065435
0.597041
0.653262
0.928836
0.507402
0.23532
0.426465
0.791842
0.392519
0.600704
0.368003
0.636466
0.552436
0.885388
0.627959
0.708212
0.285998
0.327435
0.688249
0.131603
0.607713
0.362869
0.718316
0.570817
0.737707
0.070014
0.293847
0.84952
0.053727
0.94443
0.08137
0.748682
0.911045
0.002907
0.445389
0.494263
0.224631
0.479546
0.688812
0.553047
0.520614
0.324256
0.35498
0.808742
0.444178
0.210315
0.049441
0.384719
0.078267
0.362253
0.992757
0.18099
0.11501
0.706525
0.820349
0.146404
0.052829
0.707874
0.101964
0.099274
0.071525
0.91127
0.032248
0.684256
0.023294
0.309676
0.26406
0.762383
0.48521
0.761365
0.184495
0.02423
0.491655
0.005938
0.273024
0.482538
0.190486
0.025787
0.113418
0.842323
0.402388
0.802149
0.640818
0.50834
0.498524
0.795025
0.225923
0.935344
0.291007
0.730899
0.859741
0.369186
0.008974
0.227423
0.809145
0.884032
0.804986
0.90568
0.640437
0.887075
0.471073
0.683524
0.432002
0.776023
0.832007
0.066851
0.166906
0.73393
0.598474
0.154536
0.665622
0.518314
0.461868
0.969827
0.08322
0.639659
0.328667
0.484772
0.775859
0.310588
0.786198
0.956446
0.097872
0.622928
0.596213
0.034023
0.498484
0.80778
0.504062
0.119707
0.691577
0.43875
0.356197
0.510662
0.767762
0.717351
0.334383
0.754091
0.711742
0.24556
0.314446
0.745832
0.347075
0.06568
0.78045
0.346329
0.831588
0.772155
0.406298
0.929781
0.464553
0.864876
0.015104
0.848895
0.555879
0.594614
0.207808
0.35526
0.986853
0.204847
0.67167
0.645376
0.308451
0.988142
0.174488
0.450134
0.25867
0.030265
0.555837
0.237914
0.399787
0.540519
0.946941
0.19843
0.482345
0.246677
0.741735
0.705054
0.57488
0.163026
0.908899
0.610469
0.367674
0.093692
0.075169
0.673711
0.358483
0.737621
0.318851
0.270529
0.918179
0.022632
0.494164
0.057956
0.315086
0.900243
0.952606
0.027924
0.359152
0.421533
0.181231
0.654099
0.9258
0.683169
0.786975
0.761776
0.107744
0.306597
0.501143
0.197327
0.332887
0.391567
0.992635
0.084305
0.147898
0.699674
0.088036
0.268276
0.113971
0.616253
0.997318
0.405024
0.04746
0.401983
0.270507
0.23581
0.913634
0.463474
0.377562
0.826288
0.510537
0.249418
0.223807
0.919299
0.074206
0.590697
0.480289
0.129107
0.888806
0.759622
0.57655
0.280274
0.901774
0.738161
0.180547
0.849633
0.751336
0.088951
0.64205
0.864607
0.442316
0.102479
0.048173
0.496343
0.101568
0.002863
0.95298
0.053416
0.403755
0.425273
0.17263
0.945274
0.520673
0.288524
0.659586
0.449072
0.143175
0.492059
0.345113
0.143623
0.903725
0.10716
0.081932
0.005334
0.098937
0.566946
0.577909
0.194926
0.283265
0.831625
0.714334
0.777621
0.445239
0.09883
0.149172
0.417474
0.713193
0.125009
0.290831
0.78156
0.30052
0.478671
0.242102
0.76765
0.030566
0.561226
0.14376
0.641768
0.211663
0.365723
0.38497
0.895476
0.720625
0.314156
0.221289
0.847927
0.807432
0.154463
0.212536
0.866738
0.517354
0.758916
0.968846
0.498831
0.335797
0.156319
0.296247
0.773905
0.545537
0.494532
0.360153
0.954204
0.321383
0.200904
0.181458
0.479539
0.48342
0.540029
0.663104
0.768271
0.944388
0.17205
0.733612
0.677299
0.970733
0.522496
0.678586
0.646793
0.483423
0.301675
0.198441
0.944789
0.359752
0.003625
0.052291
0.598575
0.081978
0.194648
0.87776
0.865124
0.218002
0.279848
0.335291
0.457552
0.637549
0.857822
0.569321
0.698614
0.448471
0.995091
0.823243
0.66087
0.75086
0.929267
0.108426
0.883389
0.180892
0.618821
0.955985
0.524777
0.077955
0.501852
0.463927
0.668438
0.287419
0.194338
0.892513
0.356162
0.118463
0.10761
0.426565
0.367381
0.939522
0.050231
0.597235
0.973975
0.099905
0.963653
0.620872
0.860776
0.768414
0.413251
0.329845
0.268027
0.425213
0.895791
0.574598
0.717013
0.566444
0.625858
0.040817
0.998422
0.122598
0.603556
0.351255
0.618949
0.590552
0.309229
0.414209
0.02987
0.364779
0.464561
0.527262
0.605949
0.766489
0.331896
0.692399
0.681793
0.040304
0.831894
0.784237
0.050078
0.270742
0.877409
0.964512
0.945824
0.765683
0.340534
0.552974
0.715162
0.729845
0.368753
0.400326
0.033013
0.743206
0.471193
0.133368
0.245512
0.077344
0.316514
0.529617
0.601793
0.475502
0.713584
0.555301
0.507026
0.523149
0.249542
0.577397
0.074904
0.308732
0.118243
0.413488
0.929034
0.026163
0.376392
0.407258
0.861002
0.953904
0.922404
0.948233
0.023298
0.603135
0.571016
0.896546
0.149146
0.645354
0.937964
0.853201
0.702492
0.993926
0.158675
0.070907
0.334339
0.075029
0.771563
0.026419
0.579384
0.845456
0.22219
0.425209
0.274931
0.623624
0.211895
0.820648
0.835507
0.822092
0.085663
0.318008
0.030641
0.77966
0.688486
0.209008
0.663432
0.263888
0.302957
0.306722
0.555612
0.636977
0.761701
0.786154
0.395258
0.289875
0.402886
0.934614
0.027516
0.627926
0.419088
0.608463
0.680422
0.044201
0.79061
0.74212
0.355609
0.945441
0.803869
0.679939
0.458726
0.222448
0.891796
0.281077
0.199234
0.626199
0.193519
0.992601
0.332474
0.232203
0.417161
0.767763
0.661559
0.938076
0.493258
0.006529
0.620104
0.507574
0.982235
0.479707
0.17026
0.877233
0.1246
0.198905
0.621713
0.501375
0.195984
0.869381
0.014374
0.97569
0.354364
0.957179
0.678096
0.031105
0.465466
0.477269
0.371506
0.502142
0.242792
0.599749
0.957572
0.412126
0.662312
0.921779
0.771791
0.573262
0.040733
0.923605
0.278946
0.148742
0.410778
0.345439
0.877043
0.456698
0.209177
0.387392
0.597497
0.982432
0.532285
0.10718
0.679633
0.825089
0.474145
0.968676
0.234495
0.511385
0.37663
0.409043
0.05685
0.09309
0.498002
0.675065
0.078782
0.653142
0.67667
0.390531
0.05128
0.016048
0.795823
0.913052
0.868653
0.596052
0.864354
0.029592
0.904208
0.405922
0.821609
0.562286
0.371635
0.610833
0.418221
0.488691
0.648713
0.658471
0.215698
0.73749
0.855831
0.377283
0.736649
0.955717
0.094321
0.973102
0.708079
0.846149
0.575676
0.802289
0.198534
0.006419
0.736453
0.141316
0.280413
0.177397
0.493484
0.642501
0.50983
0.229785
0.267294
0.001989
0.568609
0.345286
0.005586
0.337168
0.129825
0.541978
0.45081
0.993449
0.118491
0.703378
0.907824
0.171057
0.810444
0.243034
0.048156
0.663815
0.967391
0.945775
0.665004
0.3222
0.68497
0.759078
0.241895
0.084095
0.606326
0.15362
0.836099
0.050507
0.542285
0.230339
0.490177
0.776059
0.622427
0.362567
0.697918
0.710443
0.8596
0.520153
0.004184
0.679611
0.95192
0.480066
0.132614
0.414532
0.190087
0.853716
0.784327
0.535229
0.992785
0.90537
0.448107
0.226456
0.951104
0.347392
0.968674
0.052713
0.424909
0.803554
0.639383
0.520893
0.208606
0.481094
0.198947
0.888503
0.107476
0.602645
0.15456
0.161974
0.624217
0.980563
0.656638
0.591105
0.499203
0.353883
0.610197
0.277451
0.654274
0.469309
0.56768
0.670754
0.455084
0.502036
0.5622
0.636677
0.309379
0.486361
0.649688
0.9793
0.687266
0.047581
0.802732
0.162352
0.99378
0.703733
0.221718
0.824608
0.369852
0.820733
0.712587
0.873156
0.179675
0.862318
0.732724
0.225989
0.229875
0.849895
0.643114
0.742206
0.382966
0.927873
0.034111
0.011424
0.585244
0.220133
0.452513
0.913394
0.756536
0.742886
0.966176
0.739584
0.310927
0.463431
0.12762
0.610642
0.929189
0.269235
0.336118
0.638654
0.634565
0.042653
0.31865
0.168058
0.355714
0.548005
0.699984
0.858255
0.185403
0.820222
0.284603
0.05017
0.322379
0.544914
0.115901
0.89032
0.850907
0.401575
0.015042
0.267607
0.520588
0.782298
0.329921
0.503078
0.324505
0.900445
0.245402
0.623746
0.796174
0.542591
0.18957
0.52971
0.499482
0.543488
0.779785
0.822265
0.253236
0.690321
0.858576
0.693554
0.363462
0.344044
0.167717
0.258222
0.221796
0.452177
0.812564
0.742196
0.593471
0.192737
0.712006
0.555011
0.335294
0.347562
0.977143
0.675298
0.677628
0.14793
0.986078
0.200109
0.488514
0.388716
0.344386
0.634278
0.911361
0.358099
0.74832
0.416096
0.732844
0.130576
0.156726
0.476661
0.891033
0.663636
0.284226
0.600512
0.34399
0.764682
0.212166
0.371438
0.512049
0.572986
0.835543
0.265095
0.080738
0.455083
0.631507
0.628477
0.205471
0.413165
0.545671
0.291139
0.21751
0.86779
0.181237
0.664429
0.270888
0.117383
0.124176
0.600743
0.670921
0.201241
0.029427
0.963464
0.160843
0.783663
0.919388
0.709537
0.19493
0.835827
0.72783
0.744072
0.117922
0.504239
0.20549
0.483825
0.438496
0.376601
0.111599
0.966554
0.655805
0.446385
0.763832
0.007857
0.855437
0.937036
0.55059
0.10998
0.89475
0.076999
0.366831
0.880111
0.230232
0.34412
0.003266
0.857985
0.751517
0.102792
0.836082
0.349669
0.430496
0.369313
0.535254
0.853882
0.384282
0.455677
0.04377
0.461494
0.158539
0.84914
0.544773
0.838133
0.794796
0.725813
0.085106
0.902181
0.829578
0.751305
0.907038
0.383936
0.355292
0.107613
0.045794
0.06587
0.473515
0.094336
0.26629
0.503958
0.072376
0.030013
0.526274
0.629684
0.563948
0.056792
0.074256
0.060317
0.965189
0.756334
0.356848
0.138128
0.04127
0.892283
0.699115
0.951517
0.03403
0.244473
0.890512
0.174786
0.890139
0.839085
0.050669
0.382555
0.813369
0.348956
0.351381
0.653652
0.044382
0.284846
0.356929
0.08862
0.55264
0.012571
0.300599
0.055128
0.910637
0.604837
0.558715
0.42196
0.042764
0.960186
0.808277
0.216762
0.742079
0.586028
0.856192
0.488273
0.407913
0.155864
0.542168
0.986558
0.880447
0.57162
0.814114
0.810552
0.132369
0.06676
0.552164
0.810197
0.797652
0.43029
0.516377
0.428682
0.832256
0.973905
0.474032
0.932685
0.195825
0.62007
0.379395
0.405518
0.31078
0.142918
0.036265
0.866539
0.510478
0.536574
0.008853
0.350175
0.938327
0.030271
0.336524
0.670373
0.504024
0.324397
0.772517
0.573059
0.829072
0.685211
0.864484
0.49725
0.803732
0.046734
0.871784
0.466604
0.512153
0.213627
0.026526
0.143478
0.155153
0.809278
0.382184
0.233693
0.903816
0.580138
0.341165
0.697796
0.102463
0.54495
0.510332
0.904558
0.037368
0.675514
0.339347
0.258767
0.654874
0.856215
0.985357
0.3716
0.644191
0.203713
0.305293
0.626313
0.337421
0.243098
0.661874
0.335699
0.571092
0.512023
0.416715
0.166559
0.243814
0.861376
0.026743
0.495032
0.392586
0.337205
0.028348
0.81547
0.051553
0.43191
0.205873
0.854326
0.225759
0.799918
0.401425
0.819865
0.290363
0.018566
0.870929
0.462799
0.676095
0.103175
0.635384
0.014911
0.930998
0.882858
0.162973
0.560526
0.779457
0.210842
0.958384
0.466322
0.338978
0.942124
0.005472
0.605947
0.749211
0.324906
0.267653
0.250308
0.440538
0.166673
0.41296
0.062014
0.605301
0.890827
0.601172
0.193382
0.086524
0.972648
0.498486
0.226749
0.189096
0.536766
0.732076
0.75793
0.012206
0.197717
0.448223
0.035959
0.304488
0.463962
0.506823
0.634069
0.704472
0.278493
0.878111
0.051353
0.839659
0.168786
0.147671
0.725016
0.971221
0.844534
0.831303
0.860233
0.759518
0.866274
0.213759
0.03664
0.64927
0.937833
0.828222
0.247803
0.297309
0.440585
0.596873
0.551901
0.9337
0.868212
0.768691
0.826606
0.249598
0.374768
0.989018
0.628199
0.474307
0.914476
0.18855
0.48947
0.202334
0.441553
0.94598
0.386915
0.666023
0.52259
0.349548
0.964511
0.76003
0.371417
0.277182
0.91714
0.392895
0.049874
0.493971
0.021951
0.286033
0.108049
0.46615
0.55162
0.606539
0.233308
0.095764
0.391222
0.19881
0.264867
0.842209
0.272313
0.836824
0.907812
0.134235
0.315293
0.25709
0.364775
0.05807
0.150073
0.529016
0.255394
0.677793
0.450505
0.060768
0.346652
0.181412
0.383943
0.144366
0.804793
0.70348
0.068622
0.723399
0.75408
0.823754
0.082962
0.667392
0.118583
0.359932
0.689623
0.31938
0.084285
0.548749
0.940123
0.816605
0.485907
0.26321
0.557119
0.200265
0.433938
0.768603
0.60726
0.224475
0.482299
0.357096
0.703569
0.48393
0.853312
0.220172
0.472978
0.633329
0.603982
0.346866
0.380854
0.783196
0.38339
0.160163
0.396509
0.99477
0.555992
0.267213
0.649195
0.529261
0.60572
0.569938
0.392972
0.943374
0.376067
0.603235
0.289173
0.585284
0.134622
0.916902
0.507228
0.25699
0.684432
0.560647
0.045832
0.455284
0.612915
0.837612
0.772535
0.587078
0.46121
0.597116
0.606612
0.157228
0.176237
0.580073
0.874556
0.771238
0.963606
0.382689
0.228449
0.368398
0.640372
0.733421
0.64388
0.574397
0.452707
0.968694
0.778796
0.428334
0.451193
0.262605
0.530007
0.968869
0.116628
0.634151
0.800857
0.841257
0.359243
0.289628
0.521043
0.235914
0.437476
0.849438
0.940194
0.614494
0.54951
0.080161
0.792537
0.683666
0.793665
0.006173
0.760556
0.011929
0.425472
0.039796
0.900211
0.540973
0.0861
0.677418
0.720041
0.629059
0.821192
0.390078
0.255749
0.379179
0.457302
0.456525
0.579988
0.772799
0.230312
0.979126
0.947048
0.475622
0.009672
0.15675
0.084915
0.08551
0.012402
0.37184
0.947833
0.03492
0.252575
0.435788
0.689136
0.717672
0.78329
0.422592
0.466288
0.817283
0.788353
0.610488
0.519012
0.123295
0.210874
0.671925
0.707755
0.242175
0.161156
0.948116
0.950271
0.234633
0.323254
0.841567
0.832467
0.864519
0.329556
0.93921
0.882812
0.398576
0.463867
0.099187
0.890374
0.774397
0.394655
0.838888
0.770368
0.971625
0.093111
0.258703
0.851544
0.393607
0.572009
0.151046
0.906496
0.437273
0.161954
0.355305
0.211661
0.29224
0.200966
0.974076
0.053622
0.724433
0.948336
0.689549
0.642941
0.643067
0.422535
0.142332
0.161782
0.650056
0.534112
0.395279
0.34851
0.421452
0.436554
0.370524
0.804314
0.256835
0.5434
0.540287
0.678674
0.928615
0.617041
0.587822
0.533559
0.216276
0.940883
0.056289
0.106021
0.798633
0.598602
0.598864
0.486615
0.19799
0.377137
0.565199
0.072288
0.770381
0.782159
0.481959
0.03956
0.520114
0.236293
0.482078
0.73137
0.266144
0.828476
0.446383
0.881144
0.804882
0.472163
0.723253
0.773281
0.885009
0.394662
0.970435
0.755201
0.310752
0.884741
0.149261
0.808125
0.342088
0.415219
0.983113
0.45149
0.323729
0.94655
0.044109
0.475616
0.975089
0.984484
0.696343
0.746897
0.573964
0.786816
0.789299
0.136856
0.371149
0.713033
0.868357
0.549565
0.498095
0.198399
0.35753
0.91919
0.457617
0.565712
0.084501
0.661928
0.451361
0.612799
0.654079
0.047829
0.216914
0.04881
0.698872
0.440692
0.461072
0.063693
0.996598
0.932786
0.346412
0.111403
0.967248
0.942951
0.862047
0.520442
0.104415
0.383905
0.976152
0.787755
0.311345
0.452122
0.149289
0.059089
0.404926
0.269888
0.595345
0.079
0.682837
0.160855
0.787521
0.994273
0.847631
0.76578
0.691077
0.85211
0.888882
0.106475
0.590551
0.026626
0.339717
0.127166
0.632483
0.299036
0.638692
0.673732
0.615438
0.458589
0.3105
0.942461
0.048086
0.750618
0.61831
0.989964
0.445462
0.027241
0.404792
0.467877
0.218609
0.924051
0.934034
0.326719
0.537102
0.699705
0.648669
0.089788
0.591792
0.863379
0.842135
0.597217
0.784892
0.713715
0.866596
0.574566
0.668334
0.686604
0.488284
0.97643
0.441658
0.874058
0.021019
0.28992
0.03733
0.925313
0.048526
0.842302
0.522909
0.66977
0.015045
0.698245
0.76459
0.912201
0.475486
0.743222
0.88542
0.716109
0.811321
0.699904
0.176372
0.273915
0.54588
0.743441
0.862011
0.52423
0.432978
0.945784
0.840064
0.371707
0.782695
0.886909
0.430443
0.370764
0.604757
0.665697
0.414254
0.910796
0.504341
0.848446
0.688245
0.701327
0.404811
0.456365
0.431226
0.968912
0.033668
0.151254
0.663043
0.189587
0.920756
0.401538
0.858475
0.049771
0.072738
0.132957
0.994586
0.667028
0.700498
0.647893
0.304533
0.283888
0.542441
0.118411
0.067102
0.386421
0.086671
0.409985
0.956085
0.410659
0.82427
0.14277
0.649693
0.633965
0.266805
0.156861
0.878912
0.828232
0.292776
0.944407
0.360013
0.680296
0.294159
0.330009
0.98205
0.63453
0.278945
0.360269
0.022355
0.774188
0.225631
0.989488
0.276451
0.418702
0.369185
0.820998
0.998859
0.158902
0.879537
0.480907
0.256864
0.599764
0.813832
0.096449
0.7696
0.822018
0.13663
0.479812
0.253113
0.550541
0.305383
0.374195
0.30002
0.269008
0.287438
0.524312
0.371473
0.049268
0.379321
0.832416
0.534867
0.150507
0.350093
0.777042
0.32262
0.433649
0.598543
0.615267
0.846328
0.453145
0.647549
0.028466
0.481366
0.943028
0.444957
0.732874
0.533033
0.577675
0.770586
0.575555
0.666004
0.511999
0.690353
0.807132
0.293615
0.836827
0.969521
0.590577
0.795383
0.126201
0.649628
0.813478
0.08298
0.84626
0.217869
0.036401
0.761632
0.505824
0.061751
0.695538
0.454875
0.073701
0.899909
0.17467
0.397686
0.544067
0.201817
0.406079
0.332664
0.629073
0.991182
0.673892
0.58516
0.049951
0.797799
0.847635
0.874666
0.962054
0.967763
0.314602
0.784066
0.624214
0.46007
0.905442
0.280945
0.496423
0.924626
0.833921
0.603196
0.688987
0.96344
0.814019
0.8705
0.193249
0.591702
0.842411
0.243634
0.07735
0.348016
0.912668
0.541402
0.424607
0.142523
0.998724
0.35737
0.075266
0.254704
0.785335
0.915994
0.565585
0.026045
0.65221
0.849652
0.010802
0.840221
0.929459
0.863367
0.466034
0.143103
0.995566
0.549237
0.402774
0.881458
0.101215
0.1625
0.164468
0.721767
0.202168
0.583895
0.420373
0.78011
0.090324
0.824083
0.372287
0.48888
0.541839
0.910964
0.615145
0.158454
0.991378
0.708911
0.819656
0.126355
0.923247
0.742153
0.614508
0.04551
0.99786
0.136475
0.241005
0.295851
0.579585
0.428582
0.093067
0.706394
0.996464
0.598854
0.990141
0.346776
0.432
0.036811
0.412725
0.005492
0.597844
0.36638
0.341057
0.553403
0.061431
0.006048
0.022441
0.152185
0.634022
0.609545
0.265324
0.61879
0.179269
0.650053
0.83846
0.133692
0.457431
0.441073
0.042715
0.787195
0.014742
0.85822
0.756782
0.891908
0.197259
0.485155
0.264371
0.642621
0.776706
0.505256
0.093581
0.792018
0.347693
0.265114
0.73887
0.626384
0.178593
0.023454
0.542274
0.426245
0.453294
0.413107
0.124193
0.124232
0.252187
0.428319
0.539179
0.515826
0.476643
0.923063
0.662106
0.549832
0.154529
0.418312
0.839156
0.320674
0.401924
0.108416
0.217403
0.932031
0.375001
0.130446
0.597091
0.080273
0.642874
0.495191
0.93383
0.796635
0.580745
0.440262
0.582481
0.64553
0.799507
0.613881
0.897907
0.659679
0.180184
0.794333
0.329856
0.600493
0.747015
0.892916
0.293773
0.983356
0.645423
0.09014
0.104069
0.990696
0.579122
0.47831
0.271021
0.092259
0.650448
0.590865
0.018414
0.564058
0.839463
0.932019
0.010352
0.064557
0.265989
0.617836
0.18677
0.771041
0.44388
0.026801
0.349293
0.076552
0.411598
0.557724
0.316091
0.823566
0.17715
0.558166
0.882378
0.359501
0.205921
0.63508
0.687933
0.26945
0.726412
0.655542
0.811499
0.599375
0.147667
0.336115
0.828092
0.655016
0.358719
0.527879
0.276147
0.974526
0.653616
0.596105
0.819581
0.45298
0.675245
0.353568
0.047624
0.426827
0.745744
0.949883
0.977011
0.556329
0.839643
0.61868
0.162644
0.340603
0.054972
0.260396
0.148636
0.851596
0.033733
0.495254
0.015109
0.210436
0.577089
0.148659
0.086465
0.062762
0.424419
0.280381
0.865007
0.723373
0.333217
0.106779
0.327273
0.582046
0.200184
0.007318
0.252381
0.638188
0.946478
0.131822
0.487653
0.147781
0.364211
0.373892
0.888011
0.564535
0.824865
0.313715
0.259033
0.937171
0.442855
0.217298
0.323934
0.335634
0.173147
0.222269
0.574831
0.671199
0.106412
0.030721
0.294433
0.525072
0.182525
0.97157
0.284941
0.092754
0.631606
0.073471
0.807296
0.531884
0.751963
0.215082
0.65133
0.888729
0.327658
0.208989
0.950088
0.680232
0.225413
0.947866
0.285039
0.877414
0.14928
0.224412
0.793587
0.039005
0.723666
0.174706
0.735584
0.159881
0.063575
0.385369
0.789463
0.178816
0.89306
0.323344
0.888347
0.829607
0.002936
0.260319
0.50342
0.268432
0.783341
0.888255
0.479759
0.027385
0.712006
0.263151
0.845606
0.877765
0.008104
0.524472
0.867671
0.277415
0.874444
0.628619
0.878432
0.827949
0.341992
0.082778
0.251364
0.027953
0.740926
0.465068
0.272337
0.232694
0.606227
0.024557
0.537087
0.801958
0.682497
0.032485
0.207162
0.905229
0.84482
0.921728
0.826446
0.151494
0.114216
0.633975
0.742504
0.795318
0.523046
0.525485
0.110429
0.350256
0.736558
0.14195
0.55857
0.529964
0.855234
0.606711
0.629216
0.438458
0.455353
0.501219
0.508293
0.545761
0.281042
0.566652
0.71566
0.310136
0.072233
0.642056
0.307484
0.655351
0.863619
0.438441
0.212335
0.180154
0.710435
0.346248
0.445276
0.18061
0.018847
0.141836
0.084813
0.265266
0.510692
0.557128
0.996978
0.539906
0.513041
0.380437
0.247947
0.914062
0.664061
0.69425
0.883468
0.125886
0.20111
0.184865
0.924353
0.899033
0.330527
0.974122
0.405956
0.06386
0.024776
0.586873
0.727104
0.4682
0.341551
0.81234
0.637305
0.539111
0.72931
0.60908
0.474106
0.448045
0.382283
0.24641
0.585961
0.922137
0.646353
0.570359
0.87485
0.6427
0.519061
0.262851
0.075431
0.99347
0.447195
0.852954
0.883675
0.99751
0.570572
0.808614
0.79054
0.302135
0.597387
0.56523
0.784779
0.213141
0.764295
0.950115
0.470387
0.943025
0.495666
0.685953
0.549082
0.632726
0.681829
0.436676
0.234881
0.094057
0.458221
0.186237
0.253691
0.553475
0.496405
0.725877
0.920684
0.94734
0.990009
0.106208
0.230536
0.500333
0.057799
0.228992
0.944061
0.630549
0.036898
0.46696
0.812411
0.826738
0.101917
0.106621
0.828151
0.042209
0.660758
0.476408
0.350011
0.944204
0.343622
0.820962
0.247848
0.938055
0.157547
0.156711
0.263702
0.056661
0.919772
0.289686
0.16619
0.041712
0.114799
0.310045
0.679518
0.451736
0.9067
0.916653
0.041141
0.311515
0.104096
0.821993
0.912827
0.034748
0.012486
0.749763
0.364562
0.604101
0.113518
0.828954
0.10843
0.531879
0.466824
0.007644
0.649676
0.227683
0.555722
0.050051
0.067574
0.778137
0.68492
0.176995
0.15334
0.107993
0.768287
0.402737
0.961231
0.971308
0.401291
0.858525
0.534892
0.797503
0.849007
0.910144
0.102233
0.274689
0.745885
0.446443
0.771797
0.395402
0.761118
0.565053
0.141093
0.167124
0.820962
0.396018
0.758476
0.701825
0.64169
0.830232
0.244084
0.712043
0.981649
0.523043
0.066511
0.916528
0.825861
0.203362
0.405835
0.374807
0.017801
0.453589
0.555601
0.683019
0.93777
0.478029
0.850394
0.048614
0.387217
0.698124
0.324315
0.615014
0.120182
0.290819
0.961884
0.982289
0.589457
0.788753
0.916946
0.917119
0.01783
0.397883
0.547999
0.500136
0.444497
0.385093
0.495457
0.90429
0.514289
0.042723
0.679054
0.722437
0.955245
0.824155
0.236577
0.085084
0.167433
0.231779
0.604142
0.075943
0.854726
0.314685
0.799854
0.15346
0.422519
0.800958
0.530894
0.400296
0.59752
0.658938
0.787156
0.459948
0.237605
0.42806
0.289103
0.314519
0.971164
0.96976
0.623699
0.043818
0.768322
0.496626
0.480443
0.462292
0.514293
0.05645
0.993468
0.899236
0.331167
0.103805
0.466161
0.014207
0.660703
0.424772
0.647626
0.651853
0.638363
0.744562
0.345837
0.221955
0.717847
0.095033
0.862991
0.2184
0.966976
0.688178
0.579679
0.761311
0.103417
0.641369
0.840702
0.098728
0.302514
0.688836
0.530743
0.714237
0.396365
0.654403
0.938857
0.201863
0.430331
0.843386
0.188685
0.484584
0.796531
0.934738
0.521584
0.444036
0.860135
0.535332
0.254654
0.735347
0.034786
0.058963
0.737292
0.412533
0.255983
0.35227
0.353938
0.98195
0.951719
0.793704
0.828253
0.676643
0.718874
0.062994
0.060224
0.794512
0.921231
0.194852
0.474662
0.572344
0.430121
0.718913
0.036596
0.376665
0.598619
0.536912
0.336923
0.345136
0.680309
0.396727
0.87237
0.546252
0.411522
0.504512
0.370634
0.606374
0.773314
0.662976
0.990753
0.020827
0.525244
0.715017
0.846867
0.45812
0.998706
0.36874
0.59235
0.93737
0.513961
0.820466
0.409741
0.705211
0.651841
0.015039
0.102029
0.042688
0.993613
0.520595
0.987579
0.351956
0.762882
0.326202
0.327277
0.572807
0.314205
0.055416
0.694623
0.247315
0.59839
0.99828
0.929364
0.445556
0.79841
0.665551
0.113496
0.448564
0.884307
0.200327
0.678939
0.050981
0.065794
0.90149
0.902498
0.353355
0.523139
0.749619
0.252433
0.748707
0.789574
0.153009
0.006834
0.192913
0.68375
0.308764
0.536903
0.445111
0.949853
0.555028
0.119507
0.686073
0.995049
0.910952
0.39129
0.671612
0.063395
0.887724
0.878866
0.216838
0.756454
0.614685
0.846448
0.706193
0.633181
0.350378
0.626479
0.158411
0.858412
0.234218
0.801255
0.889458
0.872347
0.810802
0.654356
0.017754
0.757656
0.521885
0.588432
0.30016
0.362553
0.002742
0.692408
0.897219
0.603639
0.799232
0.874097
0.477447
0.701125
0.06642
0.419392
0.565367
0.834048
0.681269
0.656806
0.29073
0.836974
0.424669
0.252069
0.707475
0.963199
0.727368
0.445076
0.622054
0.84862
0.986502
0.060374
0.104381
0.319037
0.635246
0.707387
0.641166
0.197631
0.466905
0.550278
0.074145
0.250411
0.694078
0.428761
0.876635
0.122465
0.849588
0.908621
0.949827
0.917506
0.33352
0.538467
0.455014
0.428585
0.738174
0.682949
0.109319
0.765571
0.231406
0.139477
0.686605
0.839001
0.18791
0.558221
0.401689
0.865213
0.331744
0.233072
0.058753
0.99832
0.136689
0.905631
0.115265
0.622126
0.330102
0.909403
0.337524
0.497354
0.130734
0.082261
0.520579
0.891095
0.453007
0.836428
0.63516
0.40342
0.063895
0.026758
0.650408
0.541081
0.298933
0.756699
0.079904
0.055986
0.587938
0.953442
0.274909
0.477043
0.841921
0.368052
0.283379
0.863801
0.090204
0.225024
0.315283
0.619731
0.714775
0.19863
0.219526
0.222152
0.42875
0.493109
0.981689
0.823127
0.349561
0.841309
0.557487
0.73989
0.567253
0.765976
0.057844
0.466209
0.309374
0.632581
0.446883
0.70137
0.822773
0.471894
0.603087
0.495953
0.396791
0.239019
0.583384
0.7962
0.395604
0.110752
0.626687
0.254843
0.755873
0.762714
0.863128
0.822436
0.07654
0.932557
0.004786
0.091413
0.068166
0.005492
0.756273
0.322346
0.560685
0.616065
0.649697
0.233373
0.476736
0.848409
0.606721
0.411876
0.032127
0.931062
0.589986
0.307973
0.837155
0.491616
0.970444
0.144238
0.494374
0.231172
0.377655
0.620417
0.226144
0.927875
0.756852
0.585027
0.453142
0.991164
0.383091
0.850339
0.559615
0.277334
0.340178
0.480539
0.401253
0.774374
0.259174
0.617921
0.714762
0.592579
0.63069
0.164289
0.252227
0.374716
0.523252
0.871926
0.870583
0.828818
0.422035
0.362618
0.108281
0.963569
0.675176
0.733555
0.208924
0.071425
0.485548
0.872343
0.753876
0.896631
0.375934
0.412669
0.699633
0.180484
0.804167
0.655305
0.101132
0.283492
0.883091
0.316397
0.693827
0.171846
0.439472
0.00244
0.545012
0.507567
0.265123
0.688789
0.595251
0.253266
0.745756
0.65192
0.50972
0.578253
0.085524
0.017073
0.413713
0.45814
0.023828
0.235211
0.39698
0.364524
0.188695
0.769557
0.836402
0.789547
0.480706
0.08848
0.469741
0.561862
0.859111
0.446779
0.778918
0.855922
0.751361
0.160476
0.999034
0.560755
0.332409
0.937197
0.962363
0.980643
0.648044
0.433614
0.118252
0.591862
0.403246
0.324321
0.199935
0.145034
0.108922
0.761141
0.555926
0.174063
0.755809
0.949137
0.864608
0.040164
0.540839
0.987848
0.545903
0.706374
0.996682
0.421391
0.466903
0.544823
0.875548
0.047015
0.714881
0.012715
0.351588
0.903612
0.200743
0.106102
0.725353
0.78111
0.149489
0.884437
0.930011
0.404884
0.861842
0.855149
0.095743
0.797147
0.315202
0.158954
0.852764
0.784641
0.065659
0.431668
0.055856
0.631318
0.397749
0.732739
0.695573
0.362284
0.531819
0.89604
0.516236
0.210708
0.773442
0.081301
0.005413
0.183411
0.427731
0.05784
0.750329
0.613423
0.047663
0.833755
0.289237
0.499223
0.390571
0.083848
0.525165
0.301594
0.318165
0.330724
0.772502
0.785823
0.849112
0.605663
0.733719
0.98386
0.710967
0.615269
0.609075
0.824183
0.911236
0.303417
0.967003
0.95002
0.315527
0.937477
0.100505
0.847205
0.190591
0.862275
0.180789
0.186141
0.439589
0.176885
0.812431
0.16517
0.183395
0.75448
0.748807
0.782874
0.12522
0.955921
0.434955
0.811223
0.313401
0.164441
0.664369
0.937324
0.413073
0.05592
0.607578
0.675852
0.981482
0.302603
0.196561
0.323579
0.315076
0.351079
0.949802
0.301889
0.145878
0.143103
0.210994
0.699117
0.051546
0.752047
0.143535
0.991668
0.05623
0.726902
0.8421
0.027349
0.888012
0.055142
0.491954
0.712455
0.565264
0.433867
0.600261
0.366869
0.220028
0.609801
0.883702
0.483707
0.545151
0.26651
0.53247
0.527474
0.022569
0.702687
0.092652
0.361441
0.625711
0.974376
0.939826
0.999411
0.858031
0.162837
0.170966
0.911308
0.959494
0.972123
0.546981
0.821669
0.613545
0.026038
0.521265
0.199968
0.108678
0.647013
0.852085
0.977794
0.41889
0.347198
0.894995
0.585178
0.821432
0.363931
0.844491
0.571388
0.213042
0.74118
0.679793
0.590867
0.068741
0.375029
0.198009
0.208375
0.069496
0.348497
0.831142
0.406072
0.238984
0.565522
0.261247
0.006449
0.88903
0.193573
0.509587
0.210752
0.493146
0.566753
0.98251
0.483128
0.700819
0.934855
0.776793
0.368431
0.631078
0.404682
0.833081
0.101168
0.111635
0.457837
0.329645
0.242655
0.766935
0.577319
0.123318
0.385757
0.290424
0.016855
0.956081
0.689704
0.309624
0.660987
0.697275
0.887478
0.639773
0.803976
0.199966
0.231783
0.862836
0.289886
0.353542
0.647139
0.893254
0.033869
0.421463
0.111399
0.608029
0.483398
0.064032
0.639748
0.89262
0.676787
0.064543
0.889781
0.125189
0.214302
0.169261
0.493287
0.624008
0.386827
0.426112
0.617762
0.028955
0.053388
0.577261
0.591236
0.322629
0.439861
0.520874
0.729855
0.708561
0.005644
0.721222
0.148177
0.578962
0.001795
0.077424
0.280973
0.93417
0.819797
0.849991
0.302172
0.951832
0.168974
0.751016
0.253427
0.751351
0.041521
0.715509
0.760467
0.231318
0.699297
0.856881
0.882331
0.397419
0.546561
0.693915
0.416643
0.575421
0.318758
0.561449
0.276664
0.686329
0.170174
0.434595
0.966932
0.962052
0.999616
0.055549
0.551803
0.458644
0.032479
0.80429
0.791827
0.347201
0.879856
0.36713
0.464147
0.856597
0.650452
0.754746
0.010723
0.076526
0.142496
0.949003
0.06343
0.655135
0.888006
0.830435
0.567212
0.261426
0.053353
0.6723
0.574228
0.92057
0.13622
0.005399
0.718772
0.148116
0.663732
0.568341
0.426498
0.328978
0.624962
0.226296
0.562295
0.38705
0.699827
0.781029
0.084219
0.68667
0.269384
0.358834
0.357995
0.516532
0.555754
0.449644
0.449108
0.907149
0.308844
0.942935
0.596685
0.447536
0.158757
0.620416
0.423056
0.313611
0.005504
0.445337
0.226305
0.714767
0.892157
0.615311
0.661416
0.085558
0.580581
0.307138
0.645002
0.940047
0.919564
0.3748
0.816353
0.939939
0.989349
0.171515
0.386702
0.857361
0.125504
0.245281
0.483305
0.44249
0.3168
0.830411
0.256315
0.002122
0.046596
0.58237
0.521875
0.973741
0.397097
0.834107
0.744743
0.20432
0.073585
0.176089
0.413799
0.82237
0.589053
0.038878
0.551614
0.862628
0.889941
0.353553
0.337564
0.588591
0.446883
0.980129
0.733704
0.860523
0.633118
0.634226
0.073176
0.026286
0.244806
0.690687
0.837908
0.608242
0.878225
0.153023
0.848236
0.386606
0.972856
0.321456
0.1569
0.106774
0.716571
0.738916
0.688138
0.380676
0.875348
0.690802
0.291577
0.396932
0.039327
0.459153
0.651134
0.689379
0.98399
0.660796
0.546537
0.10916
0.772254
0.28757
0.500636
0.424547
0.684933
0.214616
0.434266
0.3828
0.577214
0.416787
0.273
0.121356
0.026711
0.744038
0.923441
0.708775
0.294567
0.533665
0.979659
0.028891
0.039032
0.271028
0.154824
0.861959
0.456486
0.524953
0.500159
0.094397
0.48033
0.06735
0.053533
0.928447
0.459518
0.52116
0.224608
0.28181
0.435564
0.762923
0.823881
0.441002
0.784457
0.882897
0.912554
0.409106
0.421882
0.167471
0.310278
0.641502
0.433412
0.175628
0.027227
0.158716
0.979494
0.043412
0.806373
0.465969
0.145239
0.982879
0.555562
0.916518
0.803162
0.361776
0.052322
0.125478
0.639411
0.781322
0.601274
0.649044
0.044318
0.895433
0.683698
0.601894
0.50894
0.812861
0.436825
0.59893
0.154164
0.604785
0.97372
0.079477
0.282991
0.536499
0.54653
0.141681
0.816927
0.3813
0.156467
0.640057
0.611103
0.889706
0.885104
0.503359
0.743018
0.778841
0.677671
0.68303
0.475622
0.174859
0.458989
0.498687
0.727905
0.823368
0.56202
0.064354
0.113034
0.609412
0.620462
0.166738
0.173093
0.128044
0.725646
0.30937
0.453964
0.013878
0.888001
0.468148
0.702328
0.172577
0.638566
0.25968
0.426659
0.72531
0.460464
0.695245
0.391889
0.097339
0.919078
0.673085
0.068832
0.816879
0.686308
0.046173
0.31453
0.679756
0.77162
0.360714
0.436978
0.845559
0.486968
0.2664
0.377859
0.24851
0.36075
0.718309
0.191462
0.04846
0.505545
0.607964
0.686129
0.939315
0.24723
0.330175
0.398049
0.214162
0.350839
0.712218
0.178445
0.922047
0.667957
0.694335
0.202993
0.758
0.335562
0.422637
0.099614
0.364842
0.863488
0.480118
0.627925
0.76565
0.30037
0.172286
0.334118
0.726899
0.109101
0.588411
0.629797
0.55
0.729574
0.362553
0.266783
0.624143
0.021522
0.743694
0.644266
0.380201
0.789483
0.592745
0.283214
0.580357
0.11807
0.460229
0.760411
0.788327
0.224937
0.447042
0.689194
0.472698
0.196468
0.356473
0.07208
0.770787
0.101107
0.199136
0.894363
0.914109
0.920186
0.667847
0.735581
0.36955
0.962975
0.882098
0.052396
0.042478
0.436732
0.983849
0.771744
0.541717
0.926818
0.397449
0.367605
0.858379
0.228347
0.236573
0.613188
0.968943
0.712433
0.683514
0.193529
0.728055
0.567809
0.435924
0.772755
0.708625
0.840929
0.49984
0.356731
0.305027
0.614703
0.298933
0.920656
0.090024
0.235782
0.463259
0.399113
0.859046
0.869576
0.859649
0.714097
0.526936
0.037779
0.130652
0.934639
0.440351
0.776904
0.823297
0.317304
0.486178
0.158996
0.068411
0.735908
0.410666
0.468577
0.470091
0.324722
0.003095
0.609457
0.426632
0.679245
0.986004
0.858
0.352504
0.658655
0.111705
0.427121
0.563497
0.103193
0.002832
0.030015
0.613747
0.675349
0.426918
0.273994
0.769022
0.056305
0.569124
0.184529
0.089433
0.315987
0.214571
0.596182
0.484975
0.777845
0.01692
0.839913
0.968434
0.940461
0.567371
0.621654
0.093117
0.075436
0.258783
0.5129
0.543211
0.741384
0.600064
0.878287
0.760031
0.480337
0.12771
0.406308
0.458691
0.421299
0.16968
0.164637
0.255733
0.998859
0.471807
0.688707
0.94452
0.094372
0.138118
0.57589
0.467635
0.484126
0.135425
0.899849
0.093114
0.633418
0.626824
0.758897
0.602418
0.764765
0.708309
0.00817
0.096621
0.571692
0.443455
0.245172
0.484165
0.197364
0.281411
0.342676
0.723415
0.067805
0.311972
0.481548
0.979027
0.529193
0.168637
0.728299
0.481037
0.718286
0.432336
0.029682
0.257656
0.900251
0.768072
0.932755
0.341628
0.042275
0.022158
0.133882
0.384654
0.380224
0.383972
0.96474
0.385545
0.347476
0.67356
0.435756
0.262938
0.148339
0.267176
0.474876
0.566408
0.159867
0.990711
0.446147
0.879136
0.860699
0.096334
0.645654
0.699871
0.759548
0.091881
0.777359
0.323873
0.649462
0.10057
0.338912
0.388262
0.820299
0.124321
0.787707
0.834384
0.336532
0.026443
0.506585
0.496581
0.67256
0.743529
0.735694
0.738732
0.498868
0.511806
0.788326
0.380388
0.194372
0.642983
0.313734
0.564039
0.398882
0.03141
0.113068
0.607437
0.87476
0.200865
0.949037
0.421876
0.618215
0.413273
0.746839
0.098169
0.956947
0.858572
0.734828
0.846042
0.458643
0.686864
0.145779
0.466979
0.841403
0.210672
0.742057
0.067646
0.138284
0.12284
0.978742
0.398674
0.478282
0.302084
0.179427
0.343952
0.860351
0.086096
0.710895
0.22883
0.461933
0.792421
0.800798
0.842295
0.502917
0.952696
0.619637
0.1705
0.488508
0.575562
0.949802
0.472877
0.763971
0.261733
0.766362
0.024679
0.703278
0.260583
0.355437
0.145615
0.157856
0.323676
0.795013
0.099402
0.164232
0.49356
0.536697
0.555347
0.838653
0.584582
0.014785
0.959162
0.438936
0.079218
0.42553
0.600758
0.417355
0.714105
0.052176
0.974986
0.807363
0.286952
0.354893
0.953603
0.174714
0.231474
0.22249
0.509509
0.934855
0.197143
0.135705
0.807628
0.217483
0.639248
0.021543
0.639578
0.55615
0.376631
0.454039
0.531554
0.933824
0.042126
0.077359
0.310861
0.148782
0.300041
0.775421
0.036518
0.635144
0.240038
0.701733
0.558783
0.36591
0.003028
0.163247
0.452353
0.735478
0.015434
0.214711
0.013264
0.063975
0.221328
0.743534
0.625932
0.80882
0.450948
0.969564
0.925824
0.47821
0.702749
0.653947
0.195526
0.664718
0.198341
0.143105
0.882282
0.189256
0.764052
0.527383
0.586876
0.110079
0.264556
0.730349
0.46111
0.742625
0.191388
0.926034
0.390902
0.891717
0.015054
0.674089
0.568676
0.329636
0.977045
0.664675
0.770902
0.874446
0.468977
0.433988
0.902454
0.368374
0.419497
0.470941
0.139754
0.2588
0.791926
0.122322
0.060143
0.28655
0.853748
0.95679
0.798693
0.235843
0.275379
0.738327
0.772001
0.014315
0.043545
0.810568
0.607129
0.075016
0.943255
0.793633
0.335126
0.457341
0.785393
0.580044
0.667011
0.562485
0.541619
0.419836
0.155896
0.45599
0.885296
0.929691
0.317384
0.476379
0.991961
0.398183
0.172065
0.967901
0.398908
0.832369
0.612144
0.224695
0.572434
0.343248
0.902462
0.371622
0.619655
0.252268
0.150549
0.691273
0.632261
0.552761
0.350376
0.050548
0.959163
0.010105
0.07529
0.985442
0.441781
0.951985
0.638381
0.280135
0.783213
0.044817
0.660046
0.030817
0.03954
0.882185
0.26991
0.801963
0.501448
0.979533
0.576774
0.558488
0.39568
0.498231
0.447909
0.070241
0.639805
0.386662
0.09243
0.876415
0.552074
0.716615
0.927462
0.362611
0.283507
0.991629
0.827456
0.870385
0.084579
0.189982
0.591967
0.458749
0.147632
0.086418
0.715817
0.226289
0.914254
0.540403
0.825546
0.566829
0.455525
0.13755
0.667083
0.410425
0.403247
0.550389
0.680498
0.743278
0.282241
0.590955
0.081388
0.061679
0.056968
0.972974
0.292289
0.816481
0.854078
0.830115
0.740552
0.431402
0.063272
0.072005
0.615259
0.678389
0.522523
0.075747
0.157521
0.666413
0.207694
0.863774
0.303316
0.21916
0.428217
0.690832
0.75611
0.638125
0.151868
0.802005
0.077645
0.239952
0.139419
0.073903
0.903562
0.955228
0.786657
0.075797
0.021252
0.203342
0.088295
0.074707
0.063364
0.967091
0.420993
0.070617
0.279805
0.237151
0.270576
0.083191
0.952624
0.172863
0.262888
0.636297
0.205725
0.315715
0.211213
0.807156
0.365012
0.347952
0.516892
0.080141
0.49989
0.531295
0.563754
0.045707
0.701204
0.235342
0.279857
0.942258
0.369667
0.263954
0.339866
0.650126