1024 2
0
722
1018
1
245
932
2
194
447
3
834
935
4
144
580
5
69
721
6
209
979
7
586
789
8
175
394
9
394
708
10
380
627
11
265
556
12
555
997
13
312
710
14
227
980
15
727
751
16
26
941
17
131
742
18
571
954
19
73
303
20
401
889
12
21
977
22
706
875
23
697
832
24
589
765
25
806
824
26
96
141
7
27
636
28
330
975
29
258
437
30
898
940
31
510
813
32
753
1006
33
310
512
34
744
750
35
304
882
36
62
782
37
285
1023
12
38
724
39
68
974
40
368
564
41
43
440
42
569
915
43
672
732
44
910
970
12
45
454
13
46
349
47
447
659
48
293
511
49
175
689
50
76
760
51
242
792
52
571
933
2
53
71
54
111
870
55
81
315
56
697
830
57
433
605
55
58
553
59
479
627
60
273
566
61
724
870
62
199
295
63
218
704
64
613
767
65
785
1002
66
773
983
67
731
762
68
254
447
69
517
799
70
441
674
71
118
908
72
629
802
73
414
472
74
282
693
40
75
718
23
76
415
18
77
355
78
176
382
79
918
1006
80
157
174
4
81
245
82
892
910
83
88
146
84
924
935
85
388
573
86
286
506
87
142
887
88
350
465
89
316
553
74
90
646
91
428
681
84
92
539
93
281
846
94
119
778
95
263
643
96
462
940
97
113
241
98
370
553
99
257
505
8
100
735
101
897
903
102
901
980
103
266
855
104
302
841
58
105
972
106
595
881
66
107
992
108
473
564
109
447
821
93
110
880
61
111
1017
112
322
339
113
206
745
114
271
867
115
141
781
116
594
993
117
375
705
118
356
993
119
559
761
65
120
404
121
572
884
122
664
894
123
275
436
124
145
682
111
125
314
10
126
958
127
347
530
128
320
513
129
667
793
17
130
649
131
164
920
132
643
916
133
162
914
134
432
535
58
135
411
136
465
738
137
266
555
138
853
939
139
692
859
140
813
966
16
141
448
142
184
189
143
349
654
144
353
378
145
237
345
146
469
750
147
162
981
148
367
459
149
194
444
150
662
687
151
733
902
152
244
425
153
470
700
24
154
418
86
155
438
156
284
470
157
340
815
158
543
637
159
450
768
160
745
746
75
161
206
162
591
920
163
524
687
164
349
918
165
249
413
166
844
942
167
599
689
156
168
855
169
432
647
170
455
884
171
407
595
172
292
965
173
701
878
174
619
688
175
589
870
161
176
769
23
177
582
11
178
722
144
179
903
180
944
969
181
615
993
121
144
182
183
211
512
184
780
953
185
396
618
143
186
756
187
586
886
36
111
188
189
558
883
190
866
999
191
258
1016
136
192
578
193
859
998
194
576
862
53
195
754
196
215
307
194
197
984
198
743
859
199
314
598
135
200
245
162
201
271
24
202
425
203
379
931
204
269
415
205
246
687
7
206
941
68
164
207
199
208
508
209
754
916
210
348
693
122
211
1023
212
846
882
213
804
917
72
214
571
43
215
958
81
216
921
156
217
1005
218
956
964
219
306
941
135
220
263
27
221
343
222
914
931
223
848
884
120
224
801
225
714
922
226
281
912
164
227
847
228
411
812
53
229
378
230
341
880
231
253
948
232
356
644
233
548
823
234
450
545
235
342
471
236
719
892
87
132
237
161
238
441
239
420
714
240
255
487
241
667
767
153
242
543
19
243
315
244
344
773
245
271
855
81
246
760
247
601
675
248
266
615
249
266
312
250
813
939
84
251
943
89
138
252
253
876
993
254
400
618
255
278
641
152
256
496
146
257
519
146
258
900
259
547
776
71
260
775
261
310
485
262
587
1008
250
263
555
264
280
546
265
501
960
24
266
369
267
518
913
27
268
548
269
322
347
223
270
858
271
399
442
267
272
481
273
489
925
260
274
421
275
418
832
179
276
893
277
706
772
88
152
278
279
290
947
188
280
364
273
281
331
282
338
484
202
283
317
185
284
750
285
499
767
286
627
794
200
287
650
162
288
591
289
661
792
290
311
451
291
536
608
292
522
563
225
293
943
294
916
968
295
904
957
81
296
381
248
297
494
298
409
543
124
299
610
95
300
733
301
377
894
302
353
789
168
303
447
136
270
304
305
448
470
100
306
565
5
307
731
211
308
587
54
98
309
40
310
834
311
398
542
283
312
366
313
352
560
93
314
984
315
461
571
316
462
732
0
317
709
76
318
801
194
319
747
32
176
320
321
376
738
322
706
999
232
300
323
238
324
559
325
336
548
326
417
1020
327
431
757
328
400
699
263
329
643
153
330
676
217
331
373
332
460
808
333
652
1016
198
334
910
335
438
838
336
752
770
337
560
738
338
455
688
249
339
434
44
340
357
40
341
731
294
342
867
343
403
813
344
656
721
345
611
654
346
439
990
115
143
347
46
170
348
349
381
402
237
350
688
23
351
562
186
352
553
22
353
632
56
292
354
355
464
929
329
356
763
4
357
659
358
732
1011
47
359
693
360
607
608
21
361
578
362
448
575
363
680
736
122
364
649
365
748
1014
256
313
366
367
475
496
203
368
554
369
861
929
132
370
756
371
668
744
141
372
974
117
373
701
140
374
607
375
553
702
19
376
629
112
377
929
38
165
378
303
379
710
288
335
380
318
381
629
85
382
680
188
383
730
202
384
776
268
385
946
386
776
896
387
400
815
388
393
1014
321
389
767
248
278
390
391
967
994
392
619
852
393
528
633
25
182
394
395
541
927
47
396
1013
140
397
870
398
467
510
37
199
399
6
400
624
37
107
401
106
402
899
403
691
1001
259
404
677
405
827
953
386
406
664
407
633
996
37
182
408
314
409
935
223
370
410
411
481
692
11
412
559
126
413
458
414
625
732
139
415
566
339
416
621
315
417
718
292
418
1011
155
162
419
39
420
519
202
421
803
422
571
738
423
534
705
139
265
424
425
711
1007
286
426
614
427
511
880
120
428
671
109
429
1008
169
430
639
286
431
792
432
438
824
58
433
572
434
549
665
122
360
435
436
736
937
437
788
957
245
438
717
297
439
834
137
278
440
441
650
949
374
442
745
443
632
778
339
444
740
445
725
834
414
446
454
447
540
859
57
448
944
46
449
713
42
221
450
310
451
942
43
439
452
80
453
635
245
454
456
2
178
455
456
645
1022
314
457
763
228
458
524
208
459
825
159
460
614
203
233
461
462
604
855
90
463
1013
66
370
464
353
364
465
284
466
864
467
802
878
450
468
716
197
469
785
49
456
470
471
574
1019
18
243
472
473
696
709
474
765
1006
153
475
504
359
476
947
463
477
812
414
418
478
219
444
479
40
207
480
0
93
481
226
446
482
350
483
729
44
67
484
470
485
568
486
709
868
62
200
487
49
488
621
193
489
813
367
490
578
62
491
895
360
492
830
493
623
748
15
494
763
495
909
932
391
496
592
42
209
497
267
407
498
395
499
625
156
500
1009
266
438
501
36
114
502
503
736
959
362
504
736
505
617
820
380
506
1022
18
507
910
257
277
508
468
509
699
510
678
778
511
528
640
199
512
581
479
513
829
238
514
734
297
515
577
342
409
516
397
517
739
215
518
1021
244
519
702
487
520
614
190
521
622
522
727
792
234
276
523
524
695
880
208
525
837
40
421
526
226
527
609
449
528
1013
256
343
529
530
661
764
66
531
532
221
532
662
373
533
837
453
534
943
159
535
962
127
536
550
537
815
924
398
538
680
203
539
861
540
554
1014
144
349
541
179
542
556
403
543
779
305
332
544
545
794
885
546
695
768
477
547
818
136
227
548
549
579
591
231
250
550
513
551
609
125
552
1013
241
499
553
334
550
554
113
555
823
556
579
810
119
264
557
305
493
558
343
513
559
100
560
833
561
570
1003
562
582
720
90
563
1008
405
564
841
387
565
920
566
764
944
7
481
567
303
568
608
569
800
968
570
622
891
540
571
847
124
572
819
315
573
878
436
574
867
65
575
1015
209
515
576
536
577
832
9
23
578
24
579
761
487
580
686
335
581
776
582
602
721
76
583
982
345
584
843
585
804
1006
64
434
586
47
587
736
342
588
870
551
589
945
204
590
919
412
591
799
558
580
592
312
593
764
23
594
924
151
595
794
35
504
596
267
286
597
598
611
862
537
599
853
416
600
821
601
816
958
205
524
602
180
603
751
604
728
986
454
605
747
606
689
896
607
694
970
335
495
608
486
609
1004
163
565
610
190
611
786
396
568
612
226
508
613
575
614
905
615
789
845
194
616
684
186
617
1005
256
618
858
525
619
1023
227
331
620
25
621
808
549
589
622
623
869
983
624
873
1002
337
414
625
507
626
841
325
584
627
340
628
749
175
629
954
409
630
861
67
306
631
367
632
653
633
771
798
252
634
844
635
924
987
313
571
636
152
637
893
2
46
638
119
639
977
349
640
710
132
416
641
31
86
642
643
775
990
512
644
880
114
153
645
98
646
952
647
709
771
212
282
648
370
459
649
26
650
781
241
651
870
3
607
652
653
670
680
89
559
654
79
158
655
275
656
818
617
657
834
600
658
995
46
377
659
615
660
953
212
301
661
68
342
662
663
711
957
554
664
998
358
376
665
581
666
837
52
667
886
11
668
797
20
231
669
276
651
670
671
760
876
207
672
1012
246
673
774
285
390
674
192
596
675
26
101
676
273
343
677
637
678
688
679
965
973
25
501
680
191
322
681
299
682
910
675
683
985
349
484
684
599
685
869
499
686
903
474
573
687
347
688
904
542
689
864
690
708
711
277
691
765
432
692
746
222
693
1005
64
359
694
229
477
695
301
696
989
180
394
697
234
518
698
232
699
797
129
210
700
220
230
701
131
452
702
217
472
703
3
704
913
300
423
705
294
706
767
307
598
707
60
353
708
383
588
709
607
710
745
426
680
711
502
712
994
93
385
713
185
684
714
420
715
879
695
716
774
68
370
717
84
718
968
136
632
719
53
194
720
594
653
721
95
722
894
723
839
951
333
724
958
411
558
725
22
656
726
132
529
727
451
466
728
542
639
729
255
730
908
363
731
1021
30
311
732
669
733
838
385
443
734
91
595
735
412
736
738
10
207
737
160
544
738
218
362
739
455
740
753
741
752
877
189
337
742
420
644
743
744
822
947
64
744
745
250
548
746
265
747
888
490
748
783
363
588
749
12
537
750
703
751
809
169
261
752
18
259
753
465
650
754
512
755
914
436
756
1005
362
691
757
131
397
758
559
759
795
435
673
760
230
347
761
605
609
762
209
446
763
60
764
831
369
756
765
112
351
766
429
496
767
307
768
815
276
506
769
348
588
770
563
771
782
100
512
772
3
216
773
666
774
903
493
775
883
477
776
785
182
361
777
164
778
824
554
738
779
419
758
780
576
781
979
659
782
1006
608
702
783
134
784
885
38
785
905
392
786
992
543
787
964
680
788
928
235
352
789
355
790
814
198
372
791
556
792
963
660
757
793
370
741
794
96
753
795
226
733
796
505
723
797
140
337
798
329
404
799
384
800
876
256
641
801
731
802
880
273
349
803
752
804
1010
327
665
805
503
805
806
205
807
838
640
808
954
128
809
961
390
810
995
746
811
894
445
812
842
737
813
1005
191
627
814
47
94
815
162
458
816
206
817
870
572
818
850
230
539
819
220
745
820
325
821
844
217
420
822
823
896
905
72
342
824
605
825
870
477
511
826
620
827
839
828
844
979
195
728
829
471
599
830
24
229
831
366
741
832
347
725
833
573
652
834
130
456
835
267
725
836
195
837
954
418
838
891
67
839
855
346
635
840
248
312
841
565
753
842
661
843
892
485
586
844
51
629
845
217
415
846
847
859
907
62
394
848
88
611
849
303
307
850
143
851
882
852
952
1022
853
921
965
136
854
965
506
730
855
437
856
940
857
899
952
50
690
858
724
859
1008
242
746
860
433
523
861
719
862
1001
113
852
863
205
390
864
75
223
865
720
866
978
208
369
867
157
376
868
306
395
869
379
870
907
718
847
871
218
872
926
328
873
888
546
874
966
168
875
922
547
675
876
39
701
877
459
756
878
305
459
879
312
391
880
154
339
881
368
882
935
364
883
962
76
742
884
113
885
972
308
696
886
37
314
887
80
476
888
181
507
889
275
314
890
342
409
891
287
710
892
412
669
893
82
776
894
248
532
895
387
896
992
116
184
897
285
329
898
126
897
899
293
900
909
360
810
901
184
902
906
153
537
903
475
901
904
310
905
1014
59
445
906
307
440
907
268
618
908
10
357
909
109
773
910
194
648
911
149
828
912
226
290
913
372
894
914
254
887
915
384
587
916
561
797
917
43
739
918
333
628
919
626
806
920
497
515
921
296
539
922
310
918
923
563
924
960
554
925
939
35
673
926
271
803
927
280
597
928
524
720
929
347
391
930
356
845
931
282
467
932
310
636
933
267
921
934
112
764
935
34
936
1019
344
937
984
10
297
938
125
368
939
287
747
940
86
523
941
666
889
942
238
892
943
637
895
944
478
637
945
129
440
946
96
225
947
34
837
948
138
273
949
118
795
950
630
929
951
435
850
952
847
859
953
473
516
954
400
663
955
580
708
956
519
878
957
69
85
958
121
452
959
320
693
960
92
209
961
33
378
962
571
691
963
459
775
964
39
806
965
406
581
966
297
911
967
153
373
968
242
489
969
75
277
970
27
778
971
363
610
972
27
57
973
29
667
974
554
962
975
212
230
976
52
423
977
65
627
978
236
979
1015
305
409
980
381
574
981
293
888
982
257
577
983
302
378
984
318
940
985
21
458
986
207
770
987
17
883
988
642
656
989
58
438
990
478
739
991
255
629
992
18
213
993
688
869
994
162
720
995
475
625
996
408
691
997
18
832
998
96
968
999
661
729
1000
562
903
1001
220
852
1002
374
415
1003
308
590
1004
339
1005
1008
37
565
1006
82
104
1007
227
713
1008
359
940
1009
645
953
1010
254
481
1011
64
346
1012
43
203
1013
3
615
1014
911
955
1015
99
951
1016
759
864
1017
198
808
1018
9
750
1019
513
559
1020
475
1002
1021
266
770
1022
194
687
1023
0.516799
0.841132
0.15378
0.761312
0.90669
0.299159
0.754979
0.561928
0.060211
0.597727
0.091158
0.902289
0.034002
0.079242
0.766711
0.187023
0.26274
0.229003
0.96119
0.665149
0.5678
0.113111
0.008152
0.547375
0.912978
0.676404
0.421987
0.4627
0.22928
0.625194
0.812661
0.129941
0.983438
0.939955
0.49851
0.206857
0.802821
0.82563
0.579421
0.40364
0.952947
0.742743
0.82729
0.913255
0.378251
0.359868
0.877687
0.663505
0.693907
0.886496
0.464503
0.680051
0.373475
0.316118
0.752541
0.890785
0.360224
0.255732
0.075814
0.93378
0.089314
0.088618
0.673119
0.514728
0.0191
0.749878
0.51593
0.949901
0.800361
0.575316
0.93439
0.592148
0.060716
0.019336
0.957656
0.930427
0.728826
0.470111
0.652008
0.773925
0.457755
0.074615
0.523663
0.34592
0.682242
0.688649
0.440837
0.92703
0.003071
0.884877
0.891449
0.66099
0.61515
0.731609
0.814127
0.466859
0.214519
0.479379
0.002138
0.334222
0.086968
0.579577
0.956035
0.845552
0.420126
0.53504
0.177706
0.639141
0.048446
0.187594
0.270772
0.446197
0.796349
0.057375
0.764078
0.519362
0.91397
0.150073
0.350515
0.322842
0.450061
0.202466
0.146333
0.860155
0.845646
0.078851
0.085294
0.180252
0.837547
0.463067
0.519546
0.490064
0.124577
0.193557
0.923359
0.815988
0.068322
0.148125
0.926827
0.414996
0.557647
0.329266
0.47607
0.893467
0.824888
0.494523
0.146657
0.084225
0.750444
0.096984
0.772195
0.226868
0.927738
0.610609
0.666149
0.617345
0.18135
0.280278
0.962083
0.301013
0.360433
0.331065
0.80956
0.81355
0.420534
0.430407
0.069902
0.73918
0.860076
0.847123
0.98379
0.767798
0.613434
0.743299
0.27485
0.704891
0.972046
0.527516
0.66539
0.056538
0.632935
0.565821
0.501406
0.483307
0.018491
0.677559
0.30378
0.77835
0.752542
0.966179
0.939678
0.988464
0.785006
0.689679
0.300482
0.691298
0.930773
0.531511
0.887279
0.861563
0.753832
0.338383
0.583036
0.440271
0.431402
0.345644
0.158341
0.732362
0.293898
0.190155
0.093148
0.001819
0.360678
0.812851
0.858632
0.822738
0.09205
0.272004
0.403068
0.407167
0.547861
0.204954
0.293194
0.378095
0.808589
0.831966
0.661108
0.069398
0.366879
0.433391
0.199185
0.739558
0.792624
0.168227
0.691848
0.01071
0.293655
0.153974
0.170556
0.648106
0.67679
0.906367
0.139308
0.641807
0.817646
0.248336
0.556673
0.421503
0.695079
0.292291
0.110943
0.705118
0.076858
0.615493
0.638935
0.447293
0.395962
0.300395
0.089008
0.350891
0.375932
0.851949
0.817015
0.226916
0.556397
0.107167
0.046663
0.039682
0.075421
0.305067
0.334251
0.94738
0.068796
0.573104
0.424846
0.021662
0.339529
0.252607
0.167159
0.572412
0.471291
0.091579
0.160642
0.651814
0.956019
0.095639
0.888277
0.215959
0.603089
0.678678
0.289189
0.346683
0.018269
0.217545
0.545165
0.988853
0.094337
0.994483
0.240842
0.034755
0.587269
0.901758
0.843131
0.374563
0.629278
0.441622
0.618303
0.373845
0.941618
0.326206
0.742967
0.480283
0.890715
0.785404
0.986532
0.34453
0.77391
0.750297
0.218565
0.399483
0.022494
0.895315
0.659525
0.472354
0.113771
0.353091
0.203167
0.130935
0.726304
0.138218
0.746935
0.845142
0.737959
0.932411
0.190319
0.155185
0.02676
0.576577
0.056326
0.803299
0.884085
0.5975
0.7361
0.857298
0.821322
0.283689
0.515402
0.505375
0.836884
0.793517
0.00671
0.769614
0.649182
0.261376
0.019091
0.400482
0.154714
0.857784
0.221203
0.018445
0.309792
0.927643
0.727667
0.833817
0.315411
0.727633
0.269351
0.614474
0.244414
0.358616
0.579297
0.10645
0.172238
0.517568
0.844927
0.887303
0.074631
0.427981
0.444993
0.043153
0.33357
0.714763
0.310176
0.202503
0.580517
0.183778
0.156396
0.893716
0.894083
0.86515
0.47644
0.444307
0.020517
0.007813
0.310859
0.083886
0.833648
0.087282
0.982273
0.624117
0.030143
0.438115
0.26228
0.83023
0.078451
0.947065
0.595031
0.862947
0.936194
0.859988
0.111062
0.280904
0.275
0.653952
0.816285
0.751913
0.049151
0.541224
0.86307
0.632133
0.770828
0.068218
0.363487
0.559288
0.608335
0.705141
0.071265
0.757527
0.087716
0.259451
0.913154
0.308194
0.437078
0.502613
0.640381
0.907114
0.102116
0.557855
0.548516
0.494126
0.333534
0.941071
0.904128
0.824706
0.217857
0.464912
0.587618
0.129767
0.947055
0.59643
0.606557
0.290938
0.126622
0.083227
0.244899
0.257526
0.697406
0.551701
0.041024
0.484673
0.747017
0.190091
0.691168
0.527124
0.5696
0.325979
0.68467
0.749031
0.767294
0.983975
0.476785
0.398588
0.710427
0.645706
0.657576
0.610202
0.667659
0.779519
0.953132
0.146295
0.01828
0.022126
0.518914
0.198842
0.067508
0.993195
0.015783
0.699145
0.583363
0.207149
0.786352
0.778553
0.390168
0.798911
0.522862
0.811672
0.32203
0.454566
0.500654
0.419156
0.688808
0.02532
0.789156
0.916017
0.166514
0.254867
0.110743
0.011865
0.214983
0.406786
0.866944
0.260182
0.731417
0.356467
0.227201
0.197811
0.221649
0.148442
0.90013
0.495036
0.462426
0.791203
0.87203
0.104003
0.18246
0.150123
0.205093
0.889154
0.449378
0.679737
0.429416
0.66951
0.775378
0.851025
0.663454
0.633275
0.358813
0.408927
0.071098
0.245505
0.704856
0.517454
0.454171
0.404797
0.438364
0.29074
0.068195
0.572836
0.673425
0.632356
0.160336
0.4726
0.942178
0.591291
0.236859
0.653524
0.604184
0.424452
0.573507
0.59546
0.162337
0.713087
0.672043
0.30587
0.384366
0.43944
0.066658
0.080333
0.526324
0.642565
0.748657
0.014538
0.901307
0.467668
0.750665
0.19616
0.573019
0.609464
0.445487
0.838263
0.518216
0.029159
0.164035
0.841361
0.239767
0.176933
0.165605
0.269963
0.731546
0.49779
0.205312
0.877116
0.843848
0.757013
0.682693
0.643001
0.007625
0.143988
0.84079
0.03607
0.865925
0.517585
0.236804
0.744634
0.135921
0.52625
0.833749
0.569662
0.141403
0.3609
0.959895
0.739317
0.858046
0.964436
0.122378
0.884076
0.723298
0.474988
0.364958
0.940752
0.221537
0.786104
0.15401
0.775014
0.620288
0.179301
0.501724
0.164307
0.988758
0.460194
0.8597
0.814437
0.671565
0.082155
0.432945
0.714213
0.479722
0.537158
0.392573
0.800141
0.156204
0.433911
0.597905
0.99114
0.590634
0.015769
0.38275
0.206723
0.451683
0.012241
0.895605
0.200579
0.343696
0.867756
0.015916
0.360633
0.171069
0.554534
0.004555
0.710767
0.342886
0.554247
0.414662
0.049187
0.441898
0.964627
0.203404
0.768943
0.626568
0.269577
0.66246
0.992715
0.399286
0.548516
0.669394
0.392971
0.175019
0.522776
0.170566
0.633996
0.779495
0.491609
0.758215
0.491601
0.211181
0.874333
0.636298
0.558838
0.49191
0.731448
0.108292
0.405598
0.469758
0.01816
0.854067
0.192045
0.385254
0.230357
0.2001
0.2825
0.316266
0.807219
0.355933
0.181595
0.529414
0.947396
0.938834
0.900268
0.059198
0.607811
0.462717
0.288023
0.010355
0.868771
0.858307
0.888002
0.544535
0.08542
0.073684
0.618765
0.029433
0.654138
0.312839
0.053355
0.718618
0.189236
0.348818
0.36767
0.184588
0.693062
0.653929
0.246599
0.976854
0.968415
0.247646
0.700428
0.054347
0.427007
0.540209
0.769311
0.211146
0.627747
0.400041
0.383108
0.049007
0.269799
0.742672
0.526096
0.706499
0.683501
0.304205
0.867487
0.22971
0.369611
0.348431
0.250682
0.453312
0.271488
0.738421
0.126326
0.323156
0.578456
0.248369
0.892592
0.484105
0.059503
0.67873
0.377724
0.479412
0.033853
0.032191
0.51695
0.893477
0.358154
0.381631
0.422187
0.422691
0.485625
0.452775
0.382534
0.436664
0.93495
0.938623
0.80394
0.292158
0.812955
0.033021
0.640241
0.371651
0.70356
0.529535
0.569409
0.921914
0.625642
0.839352
0.648353
0.494591
0.207399
0.119586
0.295884
0.660712
0.962367
0.206433
0.075343
0.033371
0.063071
0.391739
0.285479
0.630911
0.786902
0.054664
0.049357
0.590533
0.262825
0.72339
0.894017
0.709079
0.399159
0.535219
0.780929
0.603813
0.291361
0.92208
0.452075
0.566857
0.285365
0.977203
0.651583
0.998947
0.518353
0.376708
0.985789
0.285928
0.395867
0.651801
0.399898
0.943693
0.872221
0.557283
0.209921
0.738083
0.433673
0.792946
0.179917
0.094306
0.727122
0.944429
0.883814
0.274639
0.997094
0.1621
0.61097
0.473618
0.7851
0.732588
0.457666
0.209251
0.784907
0.046538
0.354087
0.625909
0.116891
0.526909
0.17656
0.455683
0.80598
0.906412
0.406804
0.560658
0.885407
0.048455
0.954174
0.642748
0.995617
0.528597
0.057968
0.366121
0.36632
0.845591
0.434426
0.883142
0.183743
0.157212
0.696497
0.472105
0.216485
0.744115
0.57049
0.994651
0.834414
0.588128
0.239098
0.841109
0.018963
0.31892
0.166272
0.821031
0.226196
0.474249
0.389537
0.708826
0.805211
0.550492
0.385264
0.896355
0.471452
0.290184
0.113984
0.19593
0.585524
0.08476
0.275039
0.816692
0.049207
0.766705
0.467557
0.361249
0.322335
0.713525
0.327516
0.537694
0.221928
0.920896
0.248218
0.052426
0.031302
0.451355
0.45808
0.331228
0.47164
0.790832
0.249064
0.402849
0.602408
0.139334
0.852442
0.483376
0.56614
0.385486
0.32832
0.982939
0.010228
0.390199
0.640083
0.593395
0.424588
0.900898
0.533063
0.882669
0.393133
0.523617
0.198479
0.032162
0.898616
0.96958
0.959117
0.35941
0.272372
0.884802
0.484731
0.07298
0.72868
0.020117
0.64671
0.316093
0.234657
0.969839
0.256911
0.639054
0.50149
0.820641
0.781328
0.833833
0.741973
0.421223
0.334972
0.62243
0.550297
0.011018
0.07034
0.417399
0.948209
0.923656
0.514385
0.136117
0.122388
0.796999
0.714311
0.516704
0.907602
0.898642
0.545408
0.371351
0.510547
0.10857
0.928939
0.874102
0.394705
0.554064
0.992221
0.024146
0.698874
0.99587
0.017195
0.276201
0.985218
0.88914
0.390409
0.196276
0.241884
0.978343
0.751587
0.903687
0.296469
0.281859
0.489968
0.011196
0.04785
0.302595
0.714266
0.700802
0.260872
0.606082
0.218266
0.745867
0.359365
0.294768
0.544612
0.287559
0.372241
0.752534
0.820402
0.099067
0.000196
0.434453
0.820053
0.529167
0.304991
0.563328
0.917968
0.675147
0.491032
0.959576
0.123959
0.513302
0.35353
0.08654
0.001023
0.241893
0.797542
0.111529
0.260171
0.020442
0.297688
0.251213
0.724333
0.529588
0.427955
0.424015
0.596106
0.763024
0.096779
0.687741
0.971304
0.544886
0.677588
0.113896
0.70695
0.200339
0.258532
0.50106
0.607221
0.825124
0.213126
0.619999
0.020001
0.248214
0.314706
0.70533
0.650245
0.878952
0.137071
0.501853
0.403513
0.671178
0.573964
0.675799
0.791687
0.851757
0.982136
0.361545
0.327342
0.480148
0.14219
0.043808
0.598082
0.120652
0.796709
0.158616
0.347685
0.550831
0.638276
0.852194
0.608244
0.673043
0.403973
0.841147
0.600335
0.642711
0.523559
0.946538
0.988188
0.495307
0.590947
0.018619
0.150582
0.633578
0.40906
0.127528
0.378356
0.803527
0.583621
0.881673
0.021386
0.105578
0.313374
0.52266
0.969098
0.849291
0.32757
0.963095
0.904499
0.056389
0.526307
0.997725
0.757592
0.540458
0.208694
0.926903
0.528063
0.015118
0.291634
0.311446
0.035683
0.321301
0.482342
0.06914
0.78353
0.683117
0.780611
0.193059
0.445985
0.758469
0.303799
0.293669
0.367119
0.448743
0.796604
0.248809
0.159434
0.303933
0.534012
0.075614
0.865808
0.12095
0.950988
0.561261
0.447364
0.724267
0.759006
0.554427
0.820752
0.235394
0.088823
0.517545
0.248865
0.015815
0.367221
0.929203
0.859239
0.690755
0.986117
0.002573
0.928544
0.270162
0.004762
0.743985
0.587372
0.24213
0.945417
0.35183
0.038001
0.447173
0.979404
0.751975
0.491573
0.752918
0.824026
0.332574
0.374163
0.404793
0.083798
0.625714
0.004918
0.263652
0.518077
0.307511
0.206408
0.852014
0.418047
0.389244
0.84047
0.93663
0.112173
0.396515
0.863101
0.648077
0.917665
0.432329
0.301578
0.605335
0.383634
0.79511
0.082795
0.43632
0.7124
0.442406
0.865387
0.266214
0.143716
0.851513
0.680657
0.928008
0.651044
0.530407
0.202017
0.083588
0.186459
0.277257
0.124484
0.519259
0.587218
0.273473
0.37571
0.347949
0.499749
0.754782
0.269629
0.984424
0.97175
0.051934
0.737029
0.647788
0.726914
0.813943
0.147778
0.868752
0.504853
0.002395
0.652317
0.142712
0.88572
0.015844
0.347905
0.007096
0.526231
0.343952
0.375163
0.602922
0.550452
0.607939
0.748702
0.763967
0.374168
0.520801
0.756597
0.803801
0.12122
0.040731
0.829256
0.542428
0.392595
0.192054
0.057665
0.53228
0.754903
0.124487
0.754501
0.930931
0.733495
0.499249
0.124614
0.322324
0.187313
0.400444
0.290535
0.96548
0.311125
0.250352
0.770532
0.035913
0.086185
0.635362
0.313262
0.72018
0.785646
0.520555
0.756187
0.009035
0.353975
0.692441
0.553363
0.217159
0.220718
0.742997
0.212476
0.96465
0.430243
0.823688
0.406576
0.350674
0.238789
0.798234
0.395758
0.113104
0.264257
0.244616
0.177323
0.244381
0.84503
0.334269
0.343052
0.394287
0.040446
0.297424
0.98039
0.311454
0.032768
0.146946
0.156484
0.249408
0.596443
0.310464
0.504639
0.318684
0.158648
0.733138
0.829352
0.436651
0.793099
0.513005
0.410102
0.438529
0.272747
0.692827
0.701744
0.560968
0.904229
0.483633
0.369239
0.412075
0.716712
0.040158
0.760155
0.955531
0.756072
0.915609
0.008754
0.612836
0.817764
0.72712
0.24281
0.388024
0.270992
0.300688
0.630443
0.656862
0.025618
0.368029
0.69032
0.009745
0.462408
0.87822
0.31505
0.056675
0.52662
0.107168
0.246961
0.433026
0.567941
0.741203
0.411306
0.006278
0.313932
0.854739
0.4111
0.833693
0.200365
0.651982
0.153326
0.423159
0.398978
0.697559
0.77472
0.842886
0.839503
0.92798
0.34586
0.152359
0.085652
0.782858
0.963919
0.074374
0.641646
0.15125
0.274674
0.869272
0.150947
0.117428
0.082604
0.088718
0.236725
0.701386
0.552119
0.610192
0.632287
0.95735
0.955139
0.054441
0.287199
0.396714
0.154797
0.024522
0.506549
0.034253
0.324344
0.650725
0.556259
0.942371
0.862563
0.115909
0.457052
0.366138
0.327879
0.399857
0.000551
0.281466
0.990637
0.892423
0.31361
0.889232
0.751223
0.89836
0.16316
0.734677
0.008991
0.222334
0.737931
0.618316
0.952119
0.567516
0.431444
0.157595
0.7252
0.929286
0.037756
0.610479
0.263413
0.55158
0.389611
0.17102
0.497392
0.796823
0.311903
0.434479
0.904513
0.364456
0.998022
0.778012
0.477467
0.328665
0.299042
0.699954
0.247987
0.465681
0.817647
0.62795
0.138453
0.097221
0.340171
0.937114
0.104714
0.299712
0.929291
0.83866
0.926949
0.167837
0.976311
0.079509
0.831403
0.150165
0.477072
0.538054
0.43404
0.052647
0.682063
0.44571
0.759643
0.731071
0.342144
0.309151
0.998429
0.328762
0.342465
0.53234
0.368503
0.060658
0.139052
0.598495
0.809893
0.18921
0.389953
0.364207
0.474151
0.681842
0.741279
0.34274
0.53724
0.662927
0.654934
0.106531
0.812782
0.256631
0.002008
0.647943
0.584259
0.734765
0.05655
0.132019
0.12209
0.314842
0.165063
0.270154
0.157913
0.716969
0.808853
0.085718
0.709921
0.277792
0.286176
0.64472
0.14671
0.674495
0.128027
0.903405
0.711552
0.322476
0.576197
0.410846
0.628242
0.167825
0.956569
0.308527
0.166688
0.225779
0.953216
0.370851
0.472585
0.06176
0.210281
0.331429
0.322352
0.023326
0.259207
0.756073
0.628215
0.853926
0.589588
0.255155
0.626019
0.88913
0.582558
0.866355
0.268084
0.224403
0.159324
0.10186
0.900887
0.576732
0.61656
0.329423
0.395242
0.808376
0.579475
0.783246
0.368353
0.153946
0.57716
0.290053
0.023907
0.675942
0.759828
0.978308
0.751975
0.333287
0.990752
0.213162
0.750723
0.263679
0.995148
0.240353
0.038636
0.433515
0.047348
0.730466
0.929665
0.08026
0.188191
0.534935
0.031943
0.691497
0.490608
0.286766
0.655824
0.472224
0.018981
0.005441
0.962575
0.523194
0.036927
0.498396
0.601569
0.252225
0.979076
0.506324
0.817155
0.056116
0.136156
0.375373
0.005425
0.826714
0.896852
0.230942
0.667919
0.5743
0.760175
0.517841
0.062355
0.234291
0.77743
0.202213
0.326335
0.390018
0.86623
0.638354
0.337259
0.674478
0.240258
0.075386
0.126016
0.018222
0.26218
0.764423
0.582171
0.317124
0.805015
0.4994
0.9752
0.598017
0.022506
0.455305
0.963571
0.313575
0.424995
0.744094
0.285206
0.400433
0.782546
0.378135
0.226144
0.901963
0.164164
0.483706
0.161279
0.516889
0.50791
0.136835
0.305514
0.199514
0.995919
0.775055
0.428495
0.103107
0.085878
0.829683
0.687733
0.969073
0.778593
0.622543
0.66181
0.368102
0.094322
0.913737
0.068012
0.575102
0.625191
0.707769
0.463201
0.316403
0.910979
0.172341
0.157794
0.776391
0.277042
0.773817
0.906613
0.975955
0.258739
0.901734
0.414867
0.167503
0.238205
0.891376
0.977306
0.187418
0.952
0.106987
0.509028
0.032667
0.803522
0.69504
0.345233
0.516222
0.464542
0.734174
0.325913
0.441736
0.379289
0.965812
0.430293
0.71138
0.01049
0.386701
0.902769
0.027218
0.79887
0.471965
0.367799
0.017947
0.977861
0.506384
0.640513
0.496269
0.905871
0.564504
0.90481
0.400442
0.609267
0.839804
0.780593
0.441795
0.784108
0.335226
0.710563
0.87621
0.165876
0.288815
0.673082
0.879953
0.131852
0.803738
0.391904
0.72978
0.751106
0.548289
0.760074
0.103728
0.039519
0.178686
0.195544
0.900409
0.409361
0.522874
0.651585
0.244547
0.247596
0.14933
0.608265
0.094742
0.839455
0.99831
0.108167
0.125715
0.267738
0.543896
0.171167
0.659221
0.889997
0.599322
0.715218
0.471854
0.397829
0.846834
0.130835
0.432757
0.691807
0.756661
0.81832
0.866067
0.122001
0.11521
0.699482
0.729767
0.617471
0.965336
0.69227
0.140383
0.900299
0.153194
0.795408
0.825037
0.970737
0.562749
0.110469
0.798282
0.451268
0.294443
0.179917
0.11372
0.930006
0.05539
0.242851
0.480901
0.096659
0.358773
0.2847
0.626843
0.297216
0.253667
0.778151
0.718913
0.815236
0.352484
0.893212
0.420913
0.229913
0.867242
0.745199
0.017436
0.494419
0.687992
0.276285
0.554667
0.083056
0.798861
0.20908
0.549947
0.974092
0.745002
0.667635
0.218319
0.747252
0.629219
0.352948
0.616396
0.236408
0.63999
0.470629
0.136732
0.228436
0.48568
0.168963
0.663974
0.170542
0.663736
0.261547
0.873107
0.731838
0.576506
0.008764
0.194676
0.583618
0.323763
0.374769
0.030353
0.27065
0.933502
0.545774
0.684744
0.179273
0.247703
0.660095
0.919807
0.935951
0.649049
0.504022
0.4439
0.509335
0.38637
0.03652
0.778214
0.735682
0.969337
0.042269
0.547381
0.701116
0.259743
0.827391
0.849202
0.207041
0.686178
0.745972
0.33002
0.743854
0.435419
0.474695
0.41068
0.231109
0.089053
0.283674
0.42307
0.829324
0.834212
0.143561
0.50963
0.155193
0.458826
0.398415
0.594425
0.675432
0.310871
0.820191
0.833223
0.594223
0.638132
0.250048
0.410789
0.090257
0.330242
0.826639
0.371207
0.557257
0.00519
0.716889
0.289423
0.607659
0.061198
0.799364
0.93767
0.558066
0.400787
0.653286
0.72082
0.522858
0.233793
0.459749
0.97939
0.300103
0.210011
0.737115
0.426706
0.832944
0.541583
0.232844
0.420914
0.31011
0.949037
0.111852
0.824574
0.600523
0.157947
0.342369
0.059733
0.066413
0.304448
0.059387
0.855922
0.082387
0.065545
0.937904
0.647218
0.5388
0.052006
0.033723
0.038224
0.30769
0.199599
0.65013
0.014253
0.706215
0.023936
0.512294
0.98073
0.045752
0.626704
0.686274
0.703851
0.052315
0.422802
0.651616
0.626042
0.901015
0.402041
0.236336
0.798501
0.704502
0.333153
0.414502
0.291083
0.735372
0.579913
0.077505
0.341745
0.590466
0.714337
0.179759
0.88243
0.811935
0.450076
0.742929
0.05142
0.327072
0.949629
0.561912
0.78759
0.465836
0.929892
0.453498
0.05196
0.043923
0.533912
0.588444
0.656201
0.530038
0.150483
0.842931
0.468225
0.637692
0.641993
0.648476
0.42789
0.338022
0.267823
0.24519
0.594585
0.892755
0.987213
0.551411
0.809815
0.413445
0.641656
0.35884
0.955225
0.902039
0.312401
0.982901
0.160116
0.643026
0.483477
0.320628
0.802981
0.317227
0.703972
0.641869
0.441227
0.260064
0.703443
0.979923
0.038773
0.043868
0.685635
0.063577
0.887708
0.024063
0.759534
0.582602
0.92836
0.827611
0.493245
0.170063
0.852631
0.485892
0.356954
0.965254
0.179847
0.934086
0.703161
0.62168
0.606143
0.895296
0.619547
0.915183
0.52848
0.414423
0.708921
0.662576
0.821508
0.690246
0.519108
0.719048
0.549188
0.862892
0.028061
0.469345
0.582557
0.011853
0.168912
0.003089
0.469161
0.742796
0.542077
0.385335
0.784548
0.342197
0.023596
0.14048
0.687319
0.357578
0.95202
0.932624
0.414619
0.822901
0.539901
0.560266
0.577424
0.728378
0.999544
0.908315
0.413222
0.113207
0.009336
0.401922
0.859489
0.095248
0.105183
0.154188
0.893584
0.703086
0.014174
0.50094
0.380107
0.44992
0.706511
0.168736
0.539505
0.524019
0.382742
0.37914
0.729664
0.173633
0.64405
0.947868
0.696333
0.436078
0.280125
0.479089
0.07955
0.539218
0.049057
0.179689
0.251024
0.635824
0.634023
0.67678
0.757977
0.973043
0.054493
0.377494
0.07224
0.773287
0.281204
0.170374
0.62886
0.731217
0.573852
0.242804
0.920962
0.074896
0.492657
0.870736
0.258751
0.092241
0.811314
0.69664
0.226608
0.615117
0.229514
0.426842
0.560919
0.1759
0.399707
0.037298
0.713449
0.240795
0.046938
0.238976
0.937653
0.255791
0.598273
0.410765
0.402507
0.845465
0.555822
0.026797
0.27759
0.851985
0.483495
0.281659
0.135306
0.865129
0.042467
0.25629
0.184306
0.038103
0.542164
0.846127
0.394217
0.708198
0.373887
0.138002
0.756492
0.928582
0.455363
0.67108
0.991832
0.225322
0.757581
0.246417
0.775734
0.305345
0.944148
0.377349
0.398678
0.682197
0.736292
0.682395
0.579869
0.794335
0.344233
0.690812
0.95055
0.097762
0.767923
0.145816
0.090194
0.114868
0.273395
0.342808
0.89149
0.170493
0.411645
0.405788
0.103856
0.570953
0.285277
0.775877
0.663807
0.854151
0.002484
0.386014
0.666416
0.365418
0.415495
0.326118
0.390326
0.179493
0.051274
0.843072
0.433546
0.518988
0.499728
0.407756
0.503535
0.516085
0.71041
0.833966
0.5889
0.717622
0.368521
0.887035
0.835249
0.634502
0.973202
0.934526
0.911358
0.902241
0.760208
0.900565
0.912201
0.574733
0.064519
0.874028
0.346206
0.88288
0.85843
0.066313
0.556645
0.598407
0.638747
0.827403
0.154941
0.564031
0.764107
0.646683
0.458665
0.360268
0.535117
0.794929
0.867223
0.442905
0.918574
0.699864
0.675572
0.173156
0.589082
0.229151
0.982526
0.585994
0.103921
0.03669
0.937668
0.66358
0.727564
0.11456
0.977695
0.454926
0.019567
0.790877
0.541478
0.332868
0.861709
0.407584
0.163322
0.886113
0.100165
0.045323
0.26851
0.050982
0.164695
0.860035
0.287221
0.164105
0.502154
0.86286
0.125503
0.682527
0.703664
0.956084
0.880645
0.936318
0.59373
0.789641
0.383915
0.501578
0.698651
0.962816
0.680198
0.824174
0.237303
0.744916
0.446838
0.61597
0.705251
0.431815
0.284299
0.83084
0.622995
0.363163
0.761725
0.243456
0.489712
0.883032
0.159745
0.102744
0.591234
0.299593
0.872074
0.494573
0.284193
0.684672
0.97173
0.98012
0.898739
0.226538
0.8148
0.056366
0.818961
0.402295
0.732135
0.810847
0.742641
0.46824
0.396801
0.028469
0.236906
0.238654
0.236448
0.516464
0.288963
0.398414
0.364705
0.439835
0.254531
0.92847
0.376876
0.419725
0.323909
0.256355
0.107728
0.256258
0.616359
0.646476
0.448739
0.427146
0.319296
0.577569
0.701621
0.92737
0.026099
0.018411
0.584482
0.40169
0.238117
0.38518
0.734348
0.23829
0.299798
0.132251
0.544
0.297096
0.944681
0.920456
0.035622
0.904067
0.649406
0.379266
0.795814
0.771772
0.382505
0.154044
0.234819
0.516177
0.493473
0.471097
0.063824
0.072385
0.717057
0.665836
0.722677
0.545551
0.269159
0.364784
0.119416
0.461702
0.023738
0.022541
0.300975
0.450073
0.222412
0.916644
0.145505
0.011841
0.589414
0.680098
0.426688
0.88741
0.274094
0.924625
0.055059
0.612976
0.998869
0.490777
0.645714
0.055953
0.580224
0.557367
0.981027
0.935675
0.046496
0.582537
0.178384
0.105929
0.710013
0.369972
0.085964
0.334425
0.717622
0.881944
0.537537
0.959944
0.99461
0.007631
0.291098
0.8675
0.969556
0.75514
0.170264
0.280767
0.990901
0.686337
0.639748
0.651665
0.416159
0.069157
0.388476
0.782985
0.443816
0.433118
0.388399
0.736601
0.940596
0.055003
0.719668
0.687314
0.063259
0.860145
0.333287
0.360501
0.306287
0.538042
0.559964
0.001113
0.50039
0.383612
0.789609
0.130661
0.238961
0.064128
0.925926
0.588688
0.994126
0.27018
0.526193
0.156446
0.775007
0.649708
0.561272
0.349475
0.940752
0.521829
0.713832
0.232722
0.950581
0.971554
0.798334
0.012224
0.565176
0.506417
0.617586
0.706607
0.1179
0.479653
0.800124
0.14904
0.022042
0.100936
0.064303
0.78587
0.497493
0.224402
0.081435
0.136477
0.224494
0.597315
0.244253
0.03184
0.657523
0.286753
0.362497
0.77937
0.786678
0.497221
0.573846
0.880332
0.69423
0.67816
0.959218
0.842293
0.059972
0.371303
0.480902
0.200262
0.152444
0.061909
0.989883
0.589916
0.200108
0.117709
0.365125
0.176024
0.425033
0.076019
0.86102
0.161644
0.45952
0.055626
0.692872
0.15011
0.215407
0.14938
0.45451
0.281846
0.106548
0.386748
0.279349
0.356113
0.274258
0.476661
0.915113
0.726027
0.956534
0.666107
0.993094
0.735727
0.359516
0.690028
0.919323
0.655084
0.257052
0.84696
0.33714
0.45077
0.827554
0.796324
0.91446
0.469372
0.825426
0.070414
0.969051
0.011775
0.779779
0.914124
0.060143
0.527966
0.280291
0.819855
0.388088
0.797239
0.764356
0.044608
0.805491
0.296254
0.109631
0.886563
0.266001
0.49725
0.076425
0.726439
0.172175
0.899846
0.215037
0.129967
0.355135
0.751033
0.314445
0.105402
0.008131
0.699887
0.155744
0.828382
0.606808
0.936788
0.411517
0.392046
0.98746
0.134953
0.030198
0.421344
0.065189
0.751306
0.661456
0.767443
0.883138
0.788993
0.296687
0.557896
0.38733
0.061479
0.95138
0.871635
0.605394
0.996545
0.357396
0.70986
0.787132
0.885307
0.516762
0.602324
0.858648
0.031861
0.120652
0.581065
0.214914
0.967758
0.174766
0.29367
0.813903
0.1654
0.56484
0.982578
0.767107
0.726723
0.923153
0.603158
0.26473
0.736516
0.026255
0.124837
0.149189
0.199525
0.349053
0.237174
0.717995
0.658904
0.792103
0.379045
0.682965
0.71728
0.055567
0.38703
0.615244
0.528375
0.19391
0.848018
0.613132
0.964281
0.901323
0.086146
0.53477
0.452688
0.939838
0.984179
0.437194
0.142391
0.648578
0.151906
0.597972
0.045758
0.914076
0.713142
0.350081
0.293919
0.727252
0.70872
0.508298
0.943692
0.534016
0.512887
0.531973
0.568922
0.345702
0.075761
0.891036
0.902281
0.198718
0.427002
0.565764
0.032011
0.762197
0.215436
0.319383
0.409045
0.271256
0.542464
0.77529
0.352522
0.921316
0.485962
0.560335
0.653494
0.47615
0.385078
0.322531
0.986987
0.823182
0.570744
0.049419
0.816327
0.084537
0.569861
0.154463
0.458988
0.89385
0.1071
0.87653
0.888562
0.237373
0.661829
0.299111
0.710579
0.314114
0.449055
0.34112
0.509335
0.765303
0.227933
0.178268
0.981088
0.557614
0.145958
0.641891
0.01627
0.263848
0.428219
0.844983
0.150143
0.802054
0.302304
0.62893
0.446126
0.483466
0.496206
0.56218
0.089887
0.272289
0.07407
0.304448
0.434161
0.958723
0.465899
0.531342
0.649417
0.463792
0.972815
0.670829
0.178055
0.218672
0.564232
0.158908
0.739102
0.696356
0.032279
0.522713
0.977168
0.084747
0.085684
0.351864
0.139111
0.96383
0.128373
0.652321
0.12773
0.584792
0.815158
0.174786
0.859073
0.70585
0.812768
0.450033
0.477654
0.165666
0.328736
0.776845
0.979574
0.432793
0.421962
0.78238
0.412983
0.412413
0.33627
0.280881
0.822998
0.855001
0.861087
0.567466
0.693909
0.616166
0.664015
0.597937
0.385378
0.506684
0.072488
0.067491
0.856255
0.682194
0.891263
0.465752
0.364556
0.569977
0.500138
0.520048
0.031095
0.989804
0.611778
0.794846
0.506573
0.18886
0.960793
0.556303
0.881512
0.706315
0.144183
0.177609
0.830119
0.299912
0.41137
0.269787
0.20744
0.698106
0.500267
0.793036
0.266742
0.945657
0.346461
0.778634
0.316174
0.596515
0.578525
0.650701
0.333166
0.403385
0.662479
0.239082
0.247008
0.590437
0.463059
0.296254
0.394314
0.484206
0.347021
0.965784
0.932192
0.51844
0.566634
0.387379
0.622743
0.866199
0.544027
0.676489
0.515294
0.265487
0.48916
0.970201
0.855247
0.08474
0.214397
0.907098
0.733226
0.86727
0.171564
0.748567
0.348165
0.554044
0.878678
0.475362
0.493234
0.798095
0.268147
0.549337
0.391142
0.449806
0.663333
0.191208
0.193177
0.237484
0.515749
0.08479
0.635539
0.623432
0.042072
0.789303
0.089128
0.860709
0.12146
0.261684
0.748227
0.346825
0.813921
0.863417
0.283158
0.250415
0.418359
0.436818
0.161032
0.262356
0.006894
0.852868
0.706959
0.128815
0.124303
0.337832
0.306898
0.674186
0.180129
0.242137
0.012908
0.419186
0.550107
0.237569
0.337364
0.263395
0.459817
0.244689
0.18725
0.400087
0.062773
0.342364
0.738775
0.863367
0.166205
0.140137
0.276136
0.623447
0.914528
0.209656
0.097893
0.267903
0.72887
0.042473
0.040579
0.956679
0.017416
0.81478
0.264343
0.420195
0.591775
0.459558
0.25876
0.456101
0.837906
0.68452
0.091344
0.949973
0.951566
0.597909
0.535057
0.084586
0.256449
0.652342
0.573796
0.124272
0.572328
0.485223
0.815087
0.60382
0.711292
0.281541
0.436107
0.482928
0.886266
0.698165
0.617875
0.414083
0.096056
0.268752
0.522248
0.417627
0.50448
0.251338
0.380225
0.436996
0.660515
0.069038
0.68389
0.854942
0.487309
0.892851
0.303742
0.639271
0.864461
0.211837
0.900982
0.243184
0.965179
0.327928
0.716836
0.242159
0.674338
0.029713
0.201375
0.049519
0.096342
0.568205
0.619666
0.459911
0.98358
0.478383
0.39003
0.303018
0.736412
0.352333
0.17414
0.199295
0.52756
0.210545
0.774608
0.424777
0.509178
0.117219
0.729169
0.63021
0.615676
0.159559
0.278234
0.634661
0.248632
0.453719
0.61244
0.420707
0.382133
0.212195
0.577889
0.65387
0.848103
0.164353
0.912218
0.320885
0.427509
0.923422
0.127109
0.012979
0.011379
0.268472
0.4207
0.799333
0.266963
0.523642
0.535444
0.879901
0.415692
0.098993
0.21543
0.863568
0.17912
0.689469
0.689144
0.972397
0.584116
0.700301
0.149476
0.389612
0.370052
0.720102
0.962846
0.334738
0.649442
0.960824
0.999812
0.769158
0.793744
0.860213
0.445473
0.536016
0.755406
0.618687
0.285619
0.657912
0.320694
0.626071
0.04761
0.04386
0.110058
0.358126
0.514431
0.666644
0.84882
0.981024
0.848711
0.764156
0.876548
0.571441
0.853275
0.803111
0.651741
0.084332
0.11598
0.471588
0.087339
0.132645
0.493584
0.959845
0.683539
0.762923
0.096682
0.87277
0.434799
0.567751
0.032048
0.627462
0.987977
0.892416
0.962016
0.151853
0.781098
0.021028
0.53371
0.583468
0.541965
0.398212
0.997799
0.432917
0.41377
0.571773
0.927275
0.973444
0.945283
0.303898
0.714036
0.274898
0.786734
0.069336
0.327771
0.019103
0.519781
0.970984
0.814142
0.249891
0.394284
0.602316
0.863032
0.375243
0.646202
0.90216
0.246383
0.832158
0.168788
0.708018
0.316277
0.66508
0.170248
0.024474
0.25519
0.514747
0.481447
0.394397
0.429368
0.850966
0.15291
0.75423
0.720681
0.030261
0.313744
0.790497
0.016229
0.670651
0.512621
0.881096
0.94733
0.754145
0.457243
0.396303
0.690983
0.914678
0.258044
0.412088
0.127502
0.192909
0.531013
0.124144
0.487496
0.964633
0.989752
0.493965
0.411058
0.907346
0.879311
0.189107
0.714091
0.205206
0.889074
0.697956
0.54868
0.952015
0.494098
0.314722
0.328072
0.640132
0.586778
0.486165
0.517923
0.936087
0.36981
0.029032
0.886882
0.548983
0.261718
0.154077
0.911036
0.178109
0.815479
0.15839
0.914147
0.24464
0.572086
0.608833
0.737974
0.288042
0.145572
0.82019
0.179711
0.060482
0.419552
0.921812
0.813343
0.781917
0.986667
0.619536
0.680253
0.455442
0.056115
0.409909
0.259899
0.743816
0.292897
0.324461
0.650058
0.142133
0.349389
0.515031
0.368993
0.340552
0.535049
0.462041
0.443569
0.446646
0.317115
0.086014
0.422788
0.313186
0.985214
0.723612
0.886122
0.593394
0.626668
0.450209
0.811058
0.886604
0.844339
0.186396
0.486192
0.464489
0.032724
0.414459
0.182422
0.6096
0.664424
0.004876
0.46142
0.233133
0.641153
0.04597
0.932757
0.619606
0.486136
0.598576
0.907238
0.35895
0.057892
0.537676
0.582476
0.325427
0.862255
0.102614
0.260284
0.542167
0.638166
0.485011
0.372884
0.043655
0.15439
0.539751
0.707062
0.972733
0.324185
0.20858
0.618172
0.474831
0.503109
0.622783
0.479966
0.6436
0.79022
0.388408
0.405627
0.887114
0.215328
0.994174
0.884537
0.720083
0.496117
0.121719
0.971682
0.537588
0.223657
0.285973
0.629218
0.464957
0.899477
0.210602
0.824084
0.71795
0.482466
0.303891
0.371308
0.07723
0.652827
0.792126
0.492723
0.628921
0.882883
0.439804
0.116847
0.611446
0.560907
0.517973
0.851781
0.747661
0.028514
0.781243
0.314066
0.719077
0.434531
0.128635
0.707944
0.205388
0.913607
0.026791
0.841929
0.055511
0.775036
0.341962
0.471945
0.467028
0.938172
0.91541
0.294485
0.852445
0.875101
0.304829
0.028022
0.633174
0.278748
0.393938
0.335816
0.447691
0.037429
0.544548
0.51094
0.378502
0.137474
0.885556
0.814864
0.418037
0.021555
0.294343
0.524951
0.48152
0.779195
0.504048
0.444743
0.88028
0.644177
0.119053
0.985561
0.076794
0.773404
0.164247
0.369783
0.182656
0.707542
0.436087
0.554129
0.849074
0.451151
0.84675
0.906502
0.569917
0.451891
0.605249
0.37946
0.091944
0.706527
0.349645
0.370199
0.892563
0.655149
0.193041
0.597535
0.625218
0.647615
0.276139
0.955642
0.145792
0.323386
0.23857
0.016338
0.446743
0.587099
0.438916
0.921577
0.787352
0.781862
0.045762
0.493843
0.664099
0.661921
0.664198
0.991557
0.667802
0.670642
0.690629
0.441365
0.806375
0.029074
0.564629
0.342104
0.696319
0.43885
0.044046
0.648652
0.340478
0.210513
0.453776
0.740934
0.069739
0.40153
0.237396
0.871426
0.750027
0.426204
0.982834
0.042817
0.528001
0.953829
0.745831
0.347426
0.962895
0.314448
0.959501
0.152714
0.597006
0.411229
0.369481
0.953517
0.888011
0.83012
0.395278
0.024602
0.175
0.436464
0.337784
0.377481
0.942425
0.733058
0.063233
0.119609
0.129417
0.898419
0.735103
0.594608
0.829621
0.069723
0.845287
0.235853
0.004922
0.362502
0.336659
0.272619
0.182597
0.596199
0.707491
0.376274
0.671875
0.019589
0.476193
0.531172
0.533253
0.162058
0.787065
0.032487
0.867112
0.244423
0.279445
0.750512
0.15918
0.687607
0.476866
0.417493
0.922302
0.25221
0.993297
0.260057
0.674969
0.84492
0.888412
0.951962
0.205098
0.175802
0.990415
0.135712
0.454979
0.862141
0.737829
0.351224
0.888549
0.029981
0.332971
0.114242
0.839679
0.7889
0.792813
0.737194
0.238524
0.225148
0.524818
0.159688
0.097651
0.482343
0.025305
0.725614
0.272254
0.929848
0.065335
0.397988
0.787278
0.002297
0.696813
0.094963
0.154547
0.947142
0.590548
0.195445
0.740104
0.295757
0.3955
0.695357
0.97169
0.413531
0.685169
0.736976
0.598316
0.991383
0.651735
0.700422
0.44795
0.830921
0.69503
0.576432
0.182039
0.524394
0.275771
0.992965
0.408339
0.16596
0.915388
0.236884
0.869727
0.752085
0.587646
0.883466
0.01817
0.886123
0.666717
0.144561
0.036903
0.248937
0.318369
0.542653
0.741497
0.01796
0.858201
0.413388
0.117206
0.426744
0.880893
0.478096
0.465757
0.620674
0.835864
0.068925
0.616033
0.036399
0.618685
0.523648
0.322882
0.429114
0.300147
0.353674
0.677884
0.955566
0.52127
0.659336
0.735848
0.012388
0.419433
0.546791
0.551365
0.04346
0.349708
0.448232
0.478019
0.137943
0.769388
0.145236
0.803533
0.302632
0.821894
0.66086
0.895173
0.079328
0.231828
0.218612
0.24589
0.330591
0.696198
0.228127
0.555006
0.959601
0.357264
0.30203
0.146095
0.201716
0.552859
0.645134
0.572404
0.065963
0.394468
0.322289
0.321041
0.516988
0.716279
0.666316
0.456953
0.652037
0.37001
0.207347
0.185667
0.82695
0.882514
0.596416
0.599062
0.447676
0.209026
0.334671
0.347173
0.75863
0.033805
0.040979
0.108678
0.133505
0.73109
0.807564
0.682342
0.576542
0.454942
0.543899
0.534756
0.222237
0.181698
0.252352
0.474525
0.790408
0.502796
0.793674
0.645949
0.155668
0.478875
0.588878
0.60482
0.023718
0.895158
0.606976
0.29625
0.007204
0.973846
0.50727
0.807021
0.082364
0.242108
0.510685
0.215593
0.784972
0.453647
0.2653
0.370613
0.729204
0.22456
0.185713
0.469745
0.037984
0.272223
0.467494
0.033157
0.958726
0.552676
0.518592
0.95024
0.88078
0.393524
0.364697
0.556097
0.178624
0.93448
0.942532
0.956949
0.322763
0.84412
0.032098
0.828411
0.603876
0.077194
0.840339
0.755645
0.834409
0.647149
0.923859
0.412743
0.741439
0.715755
0.317641
0.984562
0.435745
0.441992
0.562032
0.484135
0.260724
0.132861
0.830576
0.558815
0.964201
0.741954
0.785371
0.45366
0.946582
0.897613
0.488482
0.299737
0.750741
0.425631
0.209153
0.141631
0.933638
0.172957
0.554393
0.879356
0.673697
0.317418
0.069801
0.981706
0.133498
0.96346
0.778381
0.415319
0.574444
0.909272
0.439324
0.135363
0.606135
0.285682
0.257429
0.326141
0.46894
0.083415
0.284329
0.684539
0.919951
0.061213
0.231412
0.027129
0.601487
0.129379
0.796367
0.669784
0.513622
0.890816
0.88668
0.654071
0.075863
0.455013
0.935896
0.51039
0.925176
0.718425
0.298608
0.667672
0.938804
0.302837
0.057762
0.738225
0.863277
0.751731
0.61004
0.561239
0.525234
0.037691
0.116863
0.875634
0.283495
0.191622
0.235658
0.639396
0.411217
0.2788
0.254093
0.40185
0.837662
0.020411
0.949449
0.484178
0.759912
0.882128
0.616937
0.378058
0.187167
0.503986
0.657546
0.424546
0.455986
0.99299
0.819733
0.53579
0.395028
0.800339
0.830454
0.84619
0.185452
0.375779
0.120888
0.273464
0.053902
0.959298
0.945655
0.018265
0.421451
0.946555
0.912796
0.305169
0.02006
0.767693
0.265408
0.871963
0.512091
0.567351
0.648045
0.777967
0.601156
0.773865
0.482169
0.65482
0.209948
0.90634
0.251588
0.162141
0.253607
0.754724
0.44544
0.340892
0.469659
0.68455
0.843273
0.763219
0.644351
0.832101
0.527494
0.523817
0.903605
0.66931
0.356694
0.425732
0.027097
0.827071
0.116962
0.974563
0.39877
0.184324
0.454128
0.208758
0.312875
0.681179
0.890967
0.700076
0.615917
0.228337
0.363996
0.008235
0.63082
0.660861
0.107894
0.19577
0.625056
0.948162
0.97812
0.91682
0.396028
0.231079
0.465685
0.400858
0.531109
0.901644
0.04103
0.97217
0.150168
0.908042
0.122718
0.367828
0.376808
0.061806
0.311451
0.203863
0.559209
0.808279
0.325311
0.873829
0.763248
0.428523
0.674489
0.936276
0.022381
0.171085
0.091196
0.423072
0.194789
0.326394
0.608492
0.60141
0.619299
0.223919
0.541414
0.415638
0.082627
0.003696
0.351431
0.533283
0.767939
0.983297
0.39822
0.100427
0.246884
0.028508
0.430629
0.105543
0.52008
0.499729
0.100457
0.852993
0.270097
0.983362
0.17236
0.162038
0.543859
0.46378
0.549592
0.930188
0.442957
0.92745
0.631589
0.618058
0.215666
0.735425
0.371352
0.840913
0.491209
0.11243
0.182834
0.110024
0.988312
0.787586
0.985446
0.959314
0.127247
0.156028
0.466341
0.225714
0.17388
0.741756
0.502339
0.758487
0.857811
0.351812
0.232154
0.972134
0.795945
0.31243
0.539131
0.468356
0.49378
0.377714
0.718619
0.827101
0.32006
0.250848
0.418189
0.276501
0.276874
0.141305
0.745243
0.315876
0.945113
0.754316
0.735793
0.115648
0.058054
0.358189
0.282427
0.062839
0.489914
0.811468
0.382133
0.437162
0.443265
0.772684
0.323745
0.86019
0.811215
0.580664
0.7172
0.588007
0.874792
0.677482
0.178642
0.322514
0.536474
0.727909
0.094048
0.12571
0.434886
0.713631
0.979986
0.542748
0.393682
0.908719
0.64359
0.992959
0.705213
0.222892
0.149009
0.001708
0.348732
0.45494
0.032231
0.550771
0.226546
0.520858
0.48892
0.722591
0.903243
0.069967
0.402205
0.148718
0.149011
0.782938
0.262859
0.139648
0.900098
0.928538
0.758939
0.034985
0.997051
0.538575
0.330036
0.861445
0.443857
0.602465
0.159452
0.992741
0.154849
0.025528
0.665222
0.114873
0.392775
0.919309
0.266049
0.869595
0.940189
0.807093
0.153676
0.447812
0.356447
0.87613
0.502558
0.865916
0.783199
0.976324
0.637734
0.162423
0.245433
0.584367
0.078625
0.439281
0.626135
0.063228
0.274109
0.550332
0.313379
0.691766
0.076635
0.698247
0.077644
0.50849
0.808497
0.146171
0.647339
0.546697
0.267025
0.182043
0.516858
0.554822
0.649557
0.859659
0.478607
0.013901
0.725393
0.908742
0.112136
0.249496
0.405393
0.295832
0.913973
0.786109
0.810663
0.639995
0.18905
0.952779
0.141245
0.583258
0.880932
0.223149
0.261934
0.881739
0.847096
0.84965
0.897935
0.923454
0.285503
0.954382
0.847499
0.726366
0.523686
0.513992
0.398591
0.643814
0.613744
0.484639
0.701612
0.383374
0.559813
0.758498
0.795045
0.532825
0.912726
0.762653
0.689918
0.585107
0.808395
0.575079
0.550142
0.3646
0.861176
0.222403
0.644758
0.971954
0.09379
0.355389
0.210939
0.069291
0.895771
0.106976
0.122332
0.394072
0.853779
0.405404
0.828062
0.621029
0.620465
0.824155
0.302828
0.581792
0.020511
0.084334
0.948015
0.044283
0.010208
0.438473
0.781567
0.89961
0.439153
0.262964
0.847914
0.612437
0.255261
0.491444
0.131382
0.678264
0.72745
0.600575
0.766058
0.521513
0.995862
0.440828
0.730468
0.591091
0.020947
0.107443
0.31999
0.184467
0.076367
0.014475
0.15818
0.404869
0.19002
0.177422
0.857666
0.221647
0.23754
0.753074
0.476993
0.25939
0.322857
0.474284
0.40194
0.102893
0.82138
0.896125
0.157223
0.393239
0.932154
0.012653
0.377561
0.451413
0.483698
0.002071
0.904405
0.411812
0.696267
0.103432
0.427664
0.282287
0.937038
0.92015
0.965886
0.098095
0.962908
0.673368
0.01318
0.382756
0.793002
0.900161
0.126393
0.552986
0.157323
0.337096
0.931886
0.184924
0.442622
0.380126
0.836256
0.108943
0.676326
0.916629
0.203446
0.091322
0.242435
0.439126
0.94252
0.022484
0.788534
0.135112
0.57816
0.359357
0.102689
0.513969
0.932963
0.027978
0.554765
0.127775
0.546851
0.586054
0.263888
0.317098
0.391549
0.583464
0.554852
0.519746
0.635504
0.967451
0.249712
0.585897
0.743031
0.347386
0.661306
0.637247
0.288166
0.986801
0.574079
0.853229
0.157345
0.198328
0.692336
0.412773
0.410154
0.445783
0.172905
0.706504
0.958979
0.706995
0.081946
0.068927
0.993809
0.08447
0.783894
0.781474
0.724811
0.438117
0.964753
0.219321
0.704063
0.144012
0.084124
0.214011
0.361748
0.171824
0.437378
0.589238
0.173262
0.803353
0.691704
0.600285
0.039273
0.177269
0.408031
0.360363
0.150404
0.806788
0.290535
0.368043
0.618156
0.637583
0.571235
0.997082
0.866126
0.074014
0.261118
0.277579
0.941162
0.017974
0.311685
0.160299
0.420205
0.594987
0.399784
0.77059
0.2214
0.169517
0.134924
0.114221
0.006586
0.499699
0.419883
0.04372
0.974647
0.378613
0.897063
0.724788
0.033367
0.043275
0.145079
0.663972
0.866628
0.653318
0.327389
0.657952
0.144318
0.289402
0.167012
0.183217
0.227932
0.923463
0.933907
0.115641
0.664102
0.213076
0.871313
0.122929
0.681151
0.223677
0.504257
0.947319
0.545968
0.557513
0.36552
0.306232
0.016021
0.409234
0.505052
0.588474
0.037227
0.188139
0.684625
0.617186
0.283366
0.037888
0.627001
0.593306
0.300973
0.351749
0.734729
0.111477
0.322259
0.418347
0.673887
0.484776
0.046108
0.191058
0.035344
0.702323
0.558681
0.52083
0.360461
0.293343
0.402533
0.128991
0.626362
0.027475
0.961303
0.950954
0.054292
0.60641
0.791503
0.268461
0.701621
0.495786
0.057296
0.246547
0.93679
0.88382
0.310222
0.259589
0.678356
0.047747
0.356481
0.803965
0.618238
0.517136
0.855408
0.37169
0.900204
0.911903
0.392767
0.368717
0.88711
0.032595
0.535154
0.097301
0.808511
0.288693
0.072509
0.720822
0.740895
0.39208
0.008148
0.154095
0.840516
0.957718
0.855163
0.011193
0.700505
0.176433
0.693534
0.027869
0.379863
0.397104
0.851044
0.891158
0.786011
0.24613
0.699678
0.079973
0.117538
0.279261
0.123307
0.556881
0.534747
0.114874
0.975285
0.999426
0.021483
0.19263
0.76813
0.75878
0.702433
0.978491
0.508785
0.508458
0.394975
0.310905
0.243658
0.994085
0.460533
0.989385
0.557742
0.100144
0.394672
0.018338
0.360943
0.839523
0.114326
0.413291
0.326575
0.193535
0.152199
0.045902
0.147891
0.878109
0.634325
0.074165
0.757359
0.135008
0.621776
0.088472
0.859966
0.732959
0.199785
0.330963
0.974751
0.641269
0.602915
0.13012
0.791189
0.223906
0.25614
0.252301
0.308948
0.004878
0.769059
0.554781
0.325932
0.473682
0.409152
0.260396
0.83398
0.688376
0.239714
0.921433
0.898073
0.583262
0.353498
0.80445
0.322457
0.359158
0.221031
0.494128
0.109229
0.743663
0.870221
0.935553
0.174335
0.296746
0.541385
0.936155
0.210776
0.913571
0.865046
0.081793
0.642514
0.213344
0.976891
0.168932
0.150218
0.501414
0.662799
0.552711
0.162997
0.770792
0.874313
0.087083
0.299379
0.078702
0.868728
0.282604
0.404163
0.313859
0.473269
0.916787
0.26985
0.678916
0.309428
0.759013
0.590425
0.223745
0.479123
0.748503
0.997174
0.962251
0.272849
0.68282
0.598482
0.109013
0.466405
0.663783
0.276882
0.847386
0.316881
0.692152
0.854777
0.638853
0.590386
0.455501
0.496107
0.131551
0.61084
0.90073
0.203463
0.643317
0.287503
0.333029
0.72402
0.469142
0.544283
0.827835
0.320725
0.300019
0.649034
0.573348
0.673824
0.731112
0.315981
0.855087
0.404423
0.385161
0.31088
0.138886
0.429947
0.167652
0.137176
0.978082
0.823386
0.632586
0.536891
0.020157
0.998344
0.711184
0.127701
0.818922
0.088759
0.380355
0.476696
0.418412
0.743864
0.140276
0.760104
0.549116
0.515984
0.191602
0.315428
0.099751
0.457073
0.94045
0.327355
0.284618
0.00258
0.673197
0.33687
0.271406
0.758614
0.500661
0.970641
0.647007
0.635019
0.304628
0.550061
0.600761
0.648982
0.438169
0.986148
0.214492
0.547153
0.701333
0.039208
0.555976
0.264581
0.904228
0.3013
0.797757
0.657802
0.591552
0.716185
0.587561
0.998805
0.786297
0.061485
0.934898
0.746294
0.039487
0.939642
0.953272
0.123372
0.854256
0.098018
0.837649
0.254287
0.513233
0.768127
0.863402
0.942769
0.664018
0.722558
0.314918
0.361647
0.862752
0.27085
0.97235
0.381344
0.109224
0.130356
0.322856
0.359378
0.111032
0.404267
0.417194
0.279635
0.333791
0.098082
0.933818
0.092688
0.431767
0.268962
0.740781
0.598407
0.027363
0.300783
0.709521
0.364596
0.262832
0.21883
0.939474
0.946168
0.315915
0.03166
0.683898
0.050163
0.791023
0.267833
0.375665
0.705404
0.106232
0.722786
0.640164
0.334238
0.769403
0.311439
0.931824
0.587208
0.009519
0.198337
0.49351
0.316286
0.291081
0.390778
0.410458
0.007354
0.792348
0.521318
0.855289
0.6844
0.718488
0.651855
0.345121
0.208201
0.538569
0.443123
0.260413
0.476213
0.795645
0.036912
0.545535
0.671727
0.076754
0.782014
0.535939
0.575579
0.937238
0.008039
0.103838
0.186072
0.260806
0.018469
0.4775
0.625539
0.176939
0.099714
0.222246
0.489723
0.788826
0.679779
0.54299
0.966664
0.683306
0.796373
0.522488
0.769309
0.806629
0.360733
0.062462
0.274521
0.98585
0.536626
0.117791
0.462508
0.251189
0.296373
0.063963
0.697224
0.460046
0.821158
0.503202
0.63741
0.566593
0.347416
0.834951
0.239949
0.603328
0.10676
0.777167
0.125404
0.388293
0.533302
0.663925
0.283095
0.079052
0.636118
0.36343
0.237445
0.009113
0.908549
0.886131
0.299819
0.973977
0.277604
0.975059
0.20986
0.440047
0.743301
0.197248
0.613535
0.068378
0.11928
0.80008
0.100969
0.791713
0.583117
0.11088
0.834524
0.15266
0.462662
0.22917
0.29242
0.000335
0.131931
0.911662
0.984614
0.941902
0.65999
0.1951
0.551891
0.682154
0.526771
0.329658
0.760966
0.70978
0.991906
0.577878
0.344792
0.491502
0.046336
0.571527
0.374657
0.430552
0.653116
0.463296
0.601015
0.570346
0.240082
0.897806
0.405461
0.419568
0.501862
0.700468
0.295215
0.211831
0.432421
0.416515
0.904991
0.720677
0.677685
0.647491
0.056582
0.663472
0.512728
0.439123
0.125105
0.619899
0.259357
0.355974
0.635386
0.414249
0.649638
0.000981
0.154482
0.064141
0.513315
0.451673
0.343309
0.502071
0.40525
0.644553
0.318094
0.161537
0.805559
0.963868
0.782266
0.229698
0.493264
0.278697
0.79013
0.642975
0.513877
0.748877
0.657889
0.794714
0.153149
0.084971
0.394109
0.981867
0.07015
0.070639
0.028277
0.775085
0.760771
0.428199
0.687209
0.172921
0.602556
0.874091
0.346961
0.69397
0.290141
0.372507
0.86054
0.284304
0.905719
0.341584
0.477991
0.936385
0.901275
0.163265
0.20362
0.550325
0.039884
0.522553
0.729671
0.489827
0.692713
0.843084
0.098666
0.327777
0.864586
0.670514
0.359454
0.167169
0.232575
0.26329
0.160636
0.964035
0.695371
0.201217
0.688534
0.023761
0.037781
0.040581
0.094358
0.853582
0.069885
0.296734
0.44593
0.056785
0.109537
0.310524
0.03702
0.970637
0.2063
0.509893
0.12774
0.037193
0.536151
0.67357
0.570524
0.885813
0.471305
0.702329
0.260743
0.268904
0.889611
0.336798
0.510606
0.038878
0.806919
0.698442
0.710131
0.829145
0.898896
0.254709
0.662842
0.520957
0.746069
0.39565
0.193588
0.319761
0.142506
0.997426
0.763009
0.013312
0.220874
0.292661
0.335852
0.232618
0.564651
0.610993
0.646712
0.622259
0.575795
0.709978
0.950784
0.483765
0.301056
0.387422
0.079966
0.628128
0.776915
0.986376
0.571841
0.552879
0.206987
0.028735
0.546959
0.505629
0.178743
0.198916
0.19873
0.037548
0.370223
0.105572
0.613117
0.398495
0.051806
0.282006
0.610774
0.554605
0.951177
0.459267
0.691658
0.74719
0.588221
0.794964
0.298254
0.723302
0.151539
0.250916
0.53896
0.538939
0.157558
0.55541
0.436343
0.008031
0.164923
0.946816
0.821233
0.672711
0.349826
0.223114
0.949756
0.407972
0.93645
0.140788
0.32047
0.528936
0.284946
0.70583
0.232295
0.336809
0.121467
0.089506
0.892002
0.754956
0.184636
0.576211
0.117506
0.730173
0.50757
0.442105
0.313504
0.372063
0.622044
0.532343
0.498812
0.270987
0.875907
0.595926
0.794608
0.054587
0.539528
0.652446
0.884204
0.602521
0.527362
0.247896
0.664183
0.684283
0.570176
0.110909
0.864457
0.740244
0.339174
0.554566
0.410456
0.177928
0.448321
0.211633
0.691488
0.2184
0.425159
0.239019
0.642282
0.866881
0.577769
0.916032
0.711907
0.592672
0.969158
0.30645
0.427325
0.09428
0.535524
0.949923
0.428902
0.483495
0.831244
0.806137
0.331664
0.751423
0.79618
0.923447
0.666937
0.992485
0.575762
0.594782
0.424308
0.687792
0.699846
0.451847
0.851594
0.258981
0.930195
0.731612
0.948636
0.169517
0.581887
0.372018
0.832876
0.314355
0.535349
0.374933
0.76482
0.766726
0.440224
0.371765
0.690959
0.076168
0.787029
0.648879
0.850472
0.891392
0.155975
0.380293
0.67086
0.619062
0.896546
0.225574
0.501504
0.890143
0.759935
0.751186
0.36763
0.917037
0.333895
0.522496
0.259077
0.849347
0.504883
0.917841
0.216045
0.314569
0.607738
0.789101
0.114985
0.346624
0.084998
0.790703
0.247863
0.152878
0.484176
0.038017
0.420264
0.930144
0.366455
0.816211
0.603718
0.006726
0.86445
0.837314
0.524796
0.246853
0.522212
0.514863
0.453725
0.920133
0.104561
0.683862
0.935378
0.438954
0.058352
0.601371
0.947106
0.190005
0.280742
0.491342
0.922929
0.542548
0.232633
0.793107
0.13095
0.154943
0.245518
0.160049
0.463166
0.652848
0.602309
0.431069
0.117415
0.349784
0.002248
0.464935
0.044842
0.905945
0.785467
0.659767
0.56989
0.055367
0.730559
0.324455
0.503261
0.906609
0.947885
0.371494
0.133154
0.113484
0.587797
0.135756
0.461977
0.158066
0.443523
0.79573
0.840473
0.020913
0.491646
0.263173
0.025162
0.228214
0.845392
0.337379
0.884711
0.24756
0.321792
0.687656
0.892981
0.574902
0.896889
0.521731
0.190712
0.204344
0.200724
0.122654
0.785653
0.99587
0.412766
0.209851
0.014076
0.712677
0.420336
0.492511
0.486068
0.645625
0.840474
0.922588
0.712796
0.232951
0.549565
0.509523
0.911885
0.890451
0.271693
0.48793
0.062703
0.616677
0.830651
0.344371
0.150389
0.950574
0.825485
0.613299
0.389729
0.584375
0.744386
0.246427
0.908222
0.030172
0.331622
0.032941
0.391425
0.03817
0.389497
0.043917
0.339171
0.375874
0.449368
0.153812
0.577718
0.185757
0.04668
0.642368
0.956637
0.596278
0.009198
0.277798
0.974726
0.639602
0.405353
0.102283
0.946024
0.639089
0.229684
0.202872
0.219353
0.368114
0.554846
0.513394
0.891336
0.166534
0.470902
0.933671
0.149704
0.95186
0.653552
0.633248
0.431263
0.074764
0.198515
0.972638
0.942322
0.492322
0.021898
0.337653
0.557241
0.678653
0.467261
0.590424
0.847282
0.054253
0.026072
0.875662
0.629096
0.7388
0.845505
0.363702
0.207798
0.11069
0.587462
0.571341
0.773278
0.164392
0.927369
0.278325
0.346883
0.016732
0.702746
0.924257
0.822596
0.93265
0.581611
0.359618
0.262746
0.269952
0.008563
0.669315
0.09958
0.16487
0.599707
0.271384
0.323148
0.497919
0.832154
0.956491
0.310067
0.261324
0.274356
0.232033
0.901976
0.55873
0.654842
0.744849
0.6544
0.864343
0.624271
0.917058
0.64396
0.230416
0.423795
0.028548
0.627366
0.675289
0.860087
0.96701
0.232834
0.83355
0.312075
0.292606
0.189417
0.147128
0.381555
0.219862
0.063047
0.778151
0.054693
0.4115
0.466289
0.182706
0.447576
0.609185
0.333898
0.937735
0.166096
0.873006
0.542171
0.679073
0.751201
0.468236
0.468893
0.3052
0.550859
0.228088
0.451589
0.323623
0.061422
0.916475
0.592369
0.493479
0.079175
0.423245
0.328682
0.757342
0.895174
0.196119
0.852504
0.740165
0.710157
0.684628
0.073808
0.322286
0.005769
0.474953
0.687464
0.325061
0.976411
0.125768
0.044782
0.225342
0.933332
0.036148
0.740943
0.533162
0.498873
0.755326
0.834991
0.639663
0.138838
0.88839
0.910825
0.430925
0.146991
0.279853
0.318946
0.207309
0.242511
0.176446
0.92197
0.016637
0.680064
0.152359
0.48086
0.75558
0.471858
0.901355
0.64482
0.204134
0.188095
0.828222
0.946537
0.005287
0.114205
0.453994
0.482917
0.345822
0.884426
0.513261
0.425533
0.498876
0.586518
0.308472
0.447587
0.323529
0.846762
0.695448
0.844414
0.397984
0.102867
0.436289
0.539157
0.871278
0.130961
0.136473
0.772941
0.921304
0.544706
0.740742
0.915838
0.674656
0.709326
0.444845
0.637388
0.864167
0.301991
0.239227
0.133232
0.419462
0.035778
0.587495
0.411405
0.280557
0.053966
0.736401
0.338327
0.87238
0.631784
0.19431
0.914463
0.778852
0.821654
0.70227
0.408077
0.309185
0.606115
0.540546
0.30766
0.0983
0.732926
0.079935
0.906684
0.073433
0.173955
0.29908
0.520574
0.065695
0.941545
0.305714
0.164962
0.925591
0.203459
0.061221
0.373438
0.115131
0.428011
0.887055
0.981594
0.590563
0.52056
0.86895
0.483318
0.053669
0.718337
0.252542
0.299248
0.993788
0.190484
0.145342
0.662657
0.232835
0.568402
0.310631
0.591199
0.818054
0.049654
0.989769
0.1843
0.768951
0.686835
0.743109
0.677531
0.302836
0.792033
0.278605
0.668618
0.414556
0.333379
0.885066
0.917645
0.32223
0.586846
0.966411
0.915177
0.372634
0.068123
0.925487
0.51179
0.780802
0.243189
0.577342
0.946884
0.367842
0.442985
0.581232
0.524602
0.375007
0.267597
0.088492
0.408932
0.831804
0.101207
0.539444
0.946994
0.171653
0.045463
0.176186
0.641665
0.649551
0.960778
0.278928
0.01204
0.009252
0.663684
0.815967
0.221917
0.027801
0.884903
0.706312
0.25117
0.642513
0.999635
0.514821
0.729662
0.787071
0.419595
0.441942
0.676858
0.428955
0.886752
0.415169
0.272747
0.774345
0.906497
0.739827
0.797225
0.613825
0.774628
0.050689
0.7822
0.867341
0.513508
0.677959
0.220009
0.516414
0.274951
0.134017
0.416956
0.509191
0.115057
0.193797
0.514315
0.335398
0.71248
0.612223
0.320728
0.603303
0.417331
0.929268
0.672036
0.477987
0.853081
0.689048
0.97139
0.31837
0.565017
0.892995
0.711082
0.796421
0.448011
0.055134
0.316499
0.433348
0.17783
0.184489
0.264419
0.900542
0.378762
0.029157
0.552527
0.586568
0.58116
0.21715
0.816792
0.176444
0.942327
0.31337
0.922198
0.206782
0.358558
0.084259
0.731382
0.893834
0.444544
0.24111
0.10702
0.01535
0.467831
0.928887
0.277939
0.770161
0.846764
0.657546
0.768692
0.191689
0.326024
0.848975
0.452592
0.688455
0.37275
0.537564
0.673067
0.274246
0.501741
0.024131
0.410035
0.103674
0.663012
0.446435
0.733538
0.546846
0.877793
0.245509
0.775745
0.494895
0.357086
0.346937
0.619118
0.180872
0.127232
0.928258
0.186217
0.790047
0.996395
0.720653
0.849993
0.534448
0.236011
0.904961
0.547112
0.455035
0.551604
0.837938
0.278751
0.579421
0.761549
0.309419
0.854739
0.412658
0.124023
0.487182
0.441234
0.374959
0.792089
0.729375
0.750431
0.065794
0.970551
0.887906
0.507572
0.383859
0.235852
0.107949
0.281457
0.096744
0.780017
0.362729
0.803444
0.524717
0.028276
0.810303
0.677361
0.690581
0.333969
0.313327
0.73275
0.263342
0.88864
0.682724
0.603784
0.884297
0.878431
0.806409
0.921965
0.837928
0.972278
0.306033
0.81737
0.68571
0.646395
0.100436
0.33039
0.561775
0.694098
0.979529
0.625321
0.182036
0.415823
0.020048
0.904491
0.56381
0.276766
0.040428
0.540311
0.602242
0.429129
0.817096
0.899446
0.6443
0.934867
0.814033
0.282149
0.544118
0.189021
0.808238
0.908938
0.823423
0.353886
0.963236
0.251132
0.968961
0.024183
0.756327
0.402159
0.436923
0.341565
0.019961
0.390576
0.306167
0.163592
0.862554
0.514948
0.170069
0.819201
0.280859
0.267658
0.633792
0.345089
0.836679
0.938684
0.437404
0.287857
0.236722
0.681817
0.684338
0.711547
0.282866
0.759973
0.24604
0.366025
0.495664
0.906568
0.699323
0.777981
0.467655
0.742036
0.719486
0.614332
0.414344
0.393259
0.979349
0.132392
0.904658
0.884264
0.896251
0.798684
0.115963
0.723522
0.048237
0.51464
0.016202
0.433408
0.273695
0.843242
0.777586
0.10879
0.203935
0.153518
0.384711
0.564986
0.782113
0.511678
0.159482
0.859397
0.178093
0.723243
0.623868
0.446628
0.840621
0.86294
0.927937
0.574356
0.740037
0.747615
0.077038
0.313019
0.403705
0.353762
0.574618
0.129743
0.771026
0.908751
0.352823
0.236649
0.284315
0.259649
0.474722
0.132509
0.974764
0.71325
0.330034
0.337417
0.042906
0.375176
0.588444
0.766056
0.365412
0.379599
0.68565
0.933685
0.682966
0.118608
0.02797
0.681163
0.608951
0.574167
0.413327
0.447179
0.095567
0.415551
0.141562
0.934316
0.024686
0.223453
0.268732
0.522148
0.80303
0.809297
0.209168
0.763779
0.48728
0.099732
0.552955
0.780657
0.737996
0.934316
0.455246
0.556269
0.630627
0.384314
0.606511
0.835767
0.678515
0.592445
0.027953
0.294957
0.115363
0.970563
0.970644
0.882873
0.950309
0.010985
0.848223
0.630429
0.329529
0.370435
0.702418
0.709228
0.750336
0.017779
0.336341
0.593176
0.442595
0.007696
0.042735
0.920693
0.587068
0.054589
0.811593
0.122866
0.044139
0.872609
0.117403
0.560395
0.028881
0.4365
0.828864
0.838285
0.987796
0.164955
0.555799
0.173919
0.149041
0.778691
0.43009
0.418
0.675703
0.32159
0.25832
0.647698
0.966255
0.3661
0.532419
0.003184
0.123015
0.942823
0.958756
0.423905
0.377175
0.87084
0.40717
0.770597
0.548961
0.998338
0.017654
0.13627
0.476863
0.674883
0.234467
0.506551
0.970359
0.833076
0.722548
0.892524
0.885073
0.942941
0.507975
0.371532
0.522198
0.516682
0.70035
0.598067
0.454777
0.92486
0.907338
0.051866
0.65348
0.514895
0.088293
0.333851
0.008414
0.429932
0.494571
0.488519
0.316043
0.394764
0.877951
0.297519
0.207716
0.108284
0.050435
0.258659
0.911969
0.947886
0.672514
0.637074
0.755723
0.505168
0.122896
0.861078
0.083074
0.839687
0.482849
0.103081
0.557301
0.31814
0.338726
0.565132
0.61632
0.609753
0.375822
0.484115
0.614933
0.8213
0.444296
0.689937
0.306881
0.117746
0.216452
0.398371
0.798923
0.746996
0.727185
0.775965
0.693563
0.722813
0.769478
0.967383
0.400334
0.251053
0.582034
0.416822
0.972704
0.966668
0.92646
0.923112
0.363944
0.736378
0.886608
0.804385
0.274947
0.876618
0.313264
0.59006
0.122875
0.277785
0.047013
0.011774
0.236076
0.073646
0.196758
0.66663
0.095383
0.377771
0.535196
0.280701
0.059011
0.659954
0.770628
0.2776
0.037208
0.302986
0.55194
0.129535
0.006127
0.198247
0.184853
0.902885
0.823563
0.486
0.150748
0.812474
0.299409
0.280717
0.767905
0.249061
0.851584
0.575243
0.755381
0.068894
0.812066
0.495828
0.37994
0.014584
0.659134
0.65502
0.344546
0.967521
0.520133
0.13974
0.656967
0.616298
0.73819
0.973204
0.666899
0.582255
0.212452
0.307281
0.68459
0.010568
0.665692
0.351916
0.642545
0.377859
0.736251
0.106782
0.809077
0.741612
0.742637
0.464463
0.202186
0.596875
0.146731
0.141662
0.469668
0.043083
0.83482
0.935108
0.47525
0.305843
0.023429
0.991299
0.338123
0.812478
0.68444
0.252072
0.67323
0.264704
0.297819
0.929454
0.399287
0.106544
0.331026
0.558088
0.11838
0.303928
0.567553
0.772335
0.030279
0.168017
0.145288
0.785221
0.560088
0.253083
0.930424
0.47104
0.719774
0.942679
0.685709
0.780964
0.211519
0.23372
0.557307
0.202108
0.383373
0.075507
0.853601
0.836323
0.771879
0.045513
0.493778
0.043339
0.874502
0.590017
0.546432
0.632482
0.509222
0.443973
0.635366
0.803054
0.067915
0.235947
0.557051
0.880217
0.843584
0.295373
0.342508
0.570339
0.072526
0.32999
0.713857
0.991866
0.231406
0.989371
0.21166
0.283735
0.744279
0.111985
0.743859
0.513484
0.925279
0.986084
0.773317
0.570653
0.45078
0.546834
0.168022
0.676895
0.528485
0.577676
0.271883
0.297994
0.76203
0.426187
0.985499
0.266293
0.394135
0.677047
0.70964
0.339182
0.307562
0.640248
0.677726
0.977072
0.90649
0.177009
0.286324
0.839624
0.424987
0.46112
0.817869
0.419415
0.507456
0.171645
0.172607
0.748623
0.101324
0.454142
0.388563
0.915183
0.596556
0.011184
0.623934
0.8281
0.686804
0.698441
0.774326
0.099437
0.484871
0.195455
0.174922
0.806787
0.754202
0.992705
0.492854
0.092127
0.324053
0.946921
0.441331
0.833791
0.86588
0.199613
0.113956
0.299398
0.318793
0.511771
0.65418
0.8487
0.93403
0.657716
0.518099
0.684895
0.507472
0.460223
0.946266
0.835958
0.091244
0.306225
0.828747
0.835254
0.132782
0.498578
0.923998
0.493784
0.807826
0.652831
0.363814
0.064797
0.910126
0.868768
0.649585
0.983173
0.233644
0.48274
0.193826
0.400382
0.901698
0.717957
0.552194
0.495765
0.879988
0.60486
0.499033
0.95934
0.127864
0.856586
0.349989
0.851368
0.181918
0.791177
0.053491
0.320515
0.507132
0.839026
0.17333
0.726974
0.133523
0.367689
0.358631
0.405999
0.066312
0.755162
0.74585
0.914122
0.771794
0.534643
0.919201
0.673302
0.936084
0.978893
0.79131
0.971833
0.826677
0.799519
0.883533
0.529197
0.612977
0.005828
0.237793
0.321058
0.544162
0.743001
0.851008
0.085007
0.687972
0.284701
0.267783
0.52944
0.377058
0.382601
0.762065
0.040174
0.29257
0.169244
0.517332
0.915101
0.521072
0.742804
0.188044
0.234771
0.116205
0.952904
0.790752
0.64074
0.237727
0.196918
0.186089
0.768693
0.290369
0.480755
0.698204
0.313256
0.528888
0.471454
0.860962
0.144624
0.449666
0.16371
0.475552
0.463631
0.189305
0.117871
0.023351
0.101691
0.438292
0.860377
0.17835
0.403326
0.372178
0.568277
0.851582
0.950166
0.921102
0.128479
0.553827
0.304754
0.073455
0.875119
0.814198
0.943985
0.625458
0.81373
0.899761
0.600624
0.640144
0.561671
0.261407
0.397044
0.438245
0.613867
0.493293
0.906091
0.078494
0.680891
0.551723
0.18386
0.805464
0.561801
0.208735
0.975468
0.622159
0.190428
0.301982
0.153371
0.589555
0.154458
0.788098
0.737523
0.581933
0.215491
0.382238
0.822689
0.430867
0.409489
0.151956
0.908263
0.616804
0.261913
0.233099
0.616777
0.622166
0.654582
0.601427
0.848493
0.249072
0.998868
0.281845
0.4324
0.519126
0.936679
0.20719
0.210678
0.698757
0.879792
0.943326
0.300778
0.595158
0.360304
0.792566
0.008445
0.207449
0.906875
0.744203
0.599187
0.75592
0.933076
0.028465
0.329322
0.61292
0.456866
0.485378
0.378509
0.65024
0.529642
0.924994
0.170417
0.916618
0.627788
0.933117
0.222439
0.271706
0.004046
0.525627
0.791168
0.378126
0.591565
0.532673
0.826627
0.150368
0.891451
0.957607
0.901492
0.244193
0.829298
0.875411
0.38938
0.729942
0.705768
0.581198
0.650258
0.08887
0.976111
0.280133
0.721984
0.786022
0.687427
0.484334
0.655617
0.470879
0.293184
0.598634
0.254013
0.341088
0.847031
0.325605
0.619385
0.336371
0.751346
0.352177
0.660682
0.368572
0.118526
0.853363
0.749171
0.385278
0.79839
0.693319
0.745858
0.977875
0.867866
0.050683
0.113166
0.74785
0.868718
0.44733
0.941567
0.256416
0.334549
0.409624
0.529316
0.217124
0.253551
0.108673
0.223141
0.929226
0.244492
0.201742
0.411846
0.563101
0.579812
0.768537
0.183243
0.782984
0.245509
0.516316
0.51992
0.063523
0.960552
0.972089
0.2328
0.474275
0.022733
0.943533
0.696739
0.554034
0.832278
0.675818
0.39227
0.842733
0.155258
0.402877
0.784274
0.681064
0.715332
0.407984
0.71242
0.088208
0.235496
0.921731
0.994079
0.653162
0.591133
0.005131
0.424458
0.055249
0.062702
0.612485
0.88254
0.028374
0.005873
0.317187
0.550912
0.829762
0.681625
0.698792
0.034364
0.329867
0.488572
0.048152
0.712404
0.65707
0.96287
0.602539
0.226052
0.542235
0.353115
0.070807
0.890292
0.504245
0.746394
0.973321
0.748715
0.394495
0.706984
0.117762
0.910499
0.244561
0.140133
0.258978
0.278449
0.255125
0.430624
0.851174
0.410953
0.622514
0.017434
0.202005
0.098563
0.125571
0.918539
0.911864
0.787532
0.576424
0.598514
0.997321
0.698768
0.548054
0.873643
0.628393
0.806259
0.204971
0.943904
0.316153
0.559594
0.892515
0.333663
0.849393
0.635336
0.243084
0.303757
0.429507
0.558702
0.13269
0.478115
0.998303
0.118462
0.290306
0.78173
0.611094
0.99416
0.861991
0.292603
0.534732
0.071281
0.144884
0.644186
0.868605
0.516282
0.270035
0.018758
0.234928
0.279878
0.3409
0.794128
0.787143
0.26875
0.868773
0.788988
0.830753
0.215356
0.127378
0.614994
0.379147
0.855078
0.542106
0.120247
0.702133
0.020387
0.079546
0.72072
0.612086
0.155276
0.612743
0.758871
0.601036
0.350323
0.164046
0.705028
0.526364
0.772017
0.225006
0.212711
0.368931
0.237618
0.646404
0.355636
0.35338
0.889683
0.841131
0.892642
0.832998
0.870377
0.551934
0.538881
0.625137
0.991494
0.401736
0.083377
0.984131
0.841793
0.381647
0.249104
0.678891
0.828871
0.604969
0.457391
0.733772
0.472379
0.404693
0.874361
0.970159
0.659857
0.404456
0.285797
0.332897
0.345046
0.591541
0.867495
0.458101
0.589146
0.509263
0.123418
0.670091
0.250128
0.077051
0.21732
0.547186
0.277144
0.106417
0.265778
0.66783
0.846228
0.273858
0.835363
0.439888
0.314189
0.880277
0.971359
0.409474
0.595378
0.186239
0.327664
0.176892
0.585275
0.326382
0.116202
0.912897
0.785768
0.159126
0.937617
0.606805
0.666068
0.418123
0.171886
0.572148
0.840917
0.025015
0.835663
0.925714
0.543505
0.047949
0.76099
0.549511
0.749554
0.989444
0.568491
0.748626
0.166385
0.396452
0.485771
0.687801
0.446834
0.874742
0.433041
0.115209
0.95686
0.133074
0.657989
0.60789
0.829135
0.878497
0.742763
0.997385
0.191832
0.428969
0.129147
0.304754
0.075945
0.641065
0.205464
0.777313
0.37682
0.153557
0.247325
0.391096
0.007305
0.124572
0.78645
0.557144
0.040561
0.584648
0.325017
0.099852
0.012396
0.196268
0.765843
0.830197
0.058203
0.297954
0.697657
0.884175
0.987907
0.480605
0.723957
0.249506
0.171942
0.854734
0.965495
0.101113
0.278524
0.632436
0.906582
0.21585
0.77362
0.720578
0.060707
0.820165
0.944258
0.488423
0.5508
0.042416
0.404198
0.244071
0.201965
0.1303
0.916297
0.914335
0.694845
0.814755
0.999036
0.265936
0.507714
0.962229
0.088216
0.736945
0.583401
0.869666
0.303028
0.240872
0.162492
0.738849
0.187401
0.192264
0.569633
0.630107
0.045377
0.240138
0.966784
0.691832
0.810174
0.036613
0.138044
0.145227
0.024143
0.121306
0.568049
0.606107
0.088846
0.136227
0.527514
0.360057
0.575375
0.819292
0.906616
0.108515
0.855915
0.762011
0.373355
0.907976
0.014816
0.051967
0.399833
0.316502
0.753043
0.133765
0.775764
0.472773
0.988453
0.147442
0.813676
0.823049
0.585475
0.479597
0.144281
0.646723
0.118592
0.860148
0.717224
0.003349
0.986931
0.956788
0.126486
0.038979
0.45974
0.552382
0.645038
0.441709
0.681654
0.720815
0.940923
0.496496
0.540305
0.917204
0.191012
0.7644
0.288788
0.506865
0.050762
0.616257
0.782622
0.910091
0.464367
0.151623
0.399231
0.567147
0.712109
0.397591
0.330052
0.251732
0.282101
0.348491
0.071223
0.916462
0.161031
0.188011
0.120315
0.895137
0.572632
0.801361
0.550606
0.341669
0.913363
0.071896
0.184426
0.662276
0.943959
0.514467
0.981899
0.687263
0.456392
0.734308
0.205679
0.31297
0.792457
0.917999
0.054578
0.252742
0.315569
0.394758
0.582439
0.287437
0.698392
0.525378
0.38524
0.685494
0.100379
0.054667
0.360632
0.741854
0.082237
0.047111
0.272021
0.660247
0.551798
0.19172
0.963895
0.661322
0.726955
0.049623
0.209604
0.780314
0.221925
0.938881
0.244266
0.46156
0.642333
0.807246
0.116484
0.480487
0.786425
0.622546
0.256218
0.852297
0.321081
0.489952
0.256409
0.696556
0.571187
0.537843
0.693355
0.681236
0.33614
0.444907
0.42177
0.743107
0.188724
0.743512
0.215798
0.597855
0.427522
0.842463
0.111069
0.753008
0.570351
0.049212
0.16556
0.273959
0.210851
0.079126
0.519185
0.652413
0.184522
0.945365
0.198587
0.296567
0.023768
0.031718
0.416349
0.041317
0.284395
0.102156
0.719251
0.219959
0.929371
0.638147
0.111735
0.288399
0.158681
0.616207
0.772391
0.111679
0.750456
0.620293
0.736444
0.115912
0.779155
0.78882
0.573094
0.08375
0.914825
0.3143
0.217422
0.605928
0.52213
0.079267
0.29872
0.379395
0.519032
0.377269
0.183524
0.464279
0.321136
0.558074
0.792136
0.87458
0.9641
0.114413
0.352085
0.636915
0.638496
0.96461
0.92058
0.505919
0.087546
0.556879
0.437272
0.757516
0.188985
0.951137
0.895089
0.082755
0.681192
0.495211
0.982807
0.149278
0.974337
0.43928
0.676993
0.024868
0.791969
0.822014
0.763786
0.507769
0.446939
0.920729
0.099499
0.653329
0.531679
0.715635
0.079828
0.6352
0.446696
0.292072
0.802284
0.190365
0.640848
0.104095
0.764514
0.022617
0.586673
0.695745
0.186368
0.889545
0.232425
0.219791
0.312804
0.489131
0.435205
0.273661
0.106103
0.805641
0.160553
0.787814
0.560433
0.686164
0.203059
0.507865
0.553191
0.790392
0.309243
0.666386
0.068422
0.466873
0.143416
0.793055
0.902092
0.827871
0.90784
0.432333
0.725751
0.326797
0.957279
0.504693
0.162737
0.54442
0.698194
0.156815
0.163723
0.622721
0.369947
0.8425
0.366932
0.032084
0.912068
0.322506
0.057743
0.349695
0.292464
0.285285
0.041798
0.415145
0.925912
0.955295
0.745722
0.132282
0.013852
0.220386
0.160249
0.67963
0.537181
0.540619
0.781382
0.536804
0.975978
0.039804
0.558109
0.220204
0.617896
0.330403
0.838361
0.131817
0.250182
0.677937
0.865672
0.363582
0.892806
0.015357
0.969569
0.214552
0.035216
0.20178
0.833506
0.457528
0.640263
0.459981
0.940818
0.908865
0.178564
0.39901
0.65879
0.699348
0.843671
0.740839
0.445437
0.275733
0.004097
0.425379
0.298609
0.621064
0.922495
0.219046
0.392271
0.135607
0.214964
0.956875
0.772568
0.012992
0.509767
0.259508
0.97373
0.082533
0.210304
0.341485
0.786371
0.721631
0.255972
0.966537
0.752686
0.615094
0.625441
0.075314
0.206363
0.256587
0.088166
0.716275
0.468766
0.418785
0.606117
0.431436
0.510917
0.383362
0.353626
0.545939
0.005825
0.771611
0.184019
0.82191
0.591244
0.120437
0.941021
0.528529
0.318477
0.218879
0.638944
0.403967
0.083463
0.543237
0.683967
0.582346
0.761996
0.33388
0.363412
0.180404
0.597156
0.579688
0.10881
0.166245
0.502688
0.020585
0.641575
0.633656
0.963793
0.619636
0.40069
0.281745
0.843747
0.904321
0.370288
0.300595
0.18255
0.67363
0.394209
0.487489
0.972849
0.150817
0.379987
0.617925
0.454472
0.468516
0.395445
0.962226
0.895416
0.416251
0.663607
0.868522
0.565643
0.690219
0.465586
0.951509
0.854691
0.799975
0.041245
0.774084
0.381279
0.808185
0.977176
0.142958
0.539306
0.52584
0.002708
0.533791
0.885997
0.153516
0.945687
0.193291
0.226615
0.80645
0.146378
0.610376
0.274121
0.497479
0.584839
0.938637
0.406121
0.635115
0.092354
0.132512
0.616396
0.107897
0.236316
0.310862
0.452695
0.638281
0.029025
0.553474
0.116297
0.674416
0.372113
0.061381
0.923582
0.744202
0.190581
0.752366
0.731709
0.086209
0.867884
0.68231
0.001209
0.755832
0.120641
0.287892
0.679427
0.67111
0.46125
0.913573
0.133506
0.329538
0.760207
0.403056
0.180785
0.257424
0.737112
0.393206
0.119654
0.21619
0.008919
0.745151
0.097124
0.551432
0.672125
0.401167
0.814238
0.733722
0.273385
0.936777
0.954809
0.024253
0.543287
0.582028
0.977448
0.958231
0.05332
0.657941
0.886704
0.610608
0.078957
0.618224
0.436495
0.347349
0.145858
0.019616
0.18164
0.411233
0.036122
0.251703
0.780772
0.687603
0.914129
0.754551
0.206075
0.099704
0.442401
0.738803
0.165281
0.332737
0.80452
0.119977
0.641736
0.452915
0.329056
0.856719
0.958811
0.540183
0.562645
0.36445
0.875461
0.252523
0.835255
0.303657
0.088062
0.115522
0.590069
0.505154
0.574049
0.690931
0.653018
0.332959
0.860456
0.428431
0.999263
0.234824
0.375356
0.68378
0.112552
0.621329
0.691238
0.725891
0.834791
0.052849
0.202142
0.479207
0.436525
0.461659
0.769048
0.859904
0.93121
0.64589
0.337689
0.327468
0.80701
0.080173
0.127822
0.273617
0.698758
0.902404
0.070738
0.962643
0.166646
0.796212
0.982505
0.938675
0.882197
0.353369
0.666308
0.156901
0.338679
0.530806
0.65606
0.260565
0.177393
0.019351
0.346841
0.062158
0.845447
0.661434
0.254238
0.361747
0.862805
0.952381
0.65807
0.107874
0.355972
0.284846
0.395259
0.499678
0.383929
0.523749
0.876868
0.571286
0.504352
0.610836
0.642542
0.775958
0.992719
0.293628
0.331056
0.087933
0.889595
0.52636
0.529261
0.06969
0.6693
0.453875
0.827339
0.886258
0.089952
0.285569
0.86683
0.242588
0.492618
0.330765
0.852893
0.825323
0.621454
0.389567
0.490662
0.736087
0.315452
0.466763
0.432164
0.050065
0.173223
0.175842
0.605872
0.811426
0.270405
0.204113
0.886224
0.604758
0.873191
0.468341
0.802054
0.370572
0.760295
0.865454
0.61565
0.792273
0.244372
0.35324
0.375679
0.292161
0.451153
0.749172
0.679924
0.979466
0.86563
0.017354
0.643575
0.187733
0.817348
0.976242
0.760998
0.671693
0.635388
0.537191
0.831363
0.974737
0.737052
0.096519
0.689814
0.79286
0.850979
0.439885
0.630618
0.528339
0.624348
0.948785
0.88824
0.533781
0.604707
0.223695
0.113149
0.962989
0.987225
0.452514
0.924845
0.724693
0.183262
0.81538
0.599795
0.706456
0.811762
0.036606
0.416611
0.389324
0.952645
0.064597
0.646393
0.092858
0.602436
0.814713
0.079753
0.182866
0.038576
0.354368
0.330642
0.271685
0.083643
0.697426
0.559681
0.986603
0.350521
0.802395
0.550501
0.735002
0.11375
0.767347
0.847255
0.447472
0.046979
0.759612
0.153179
0.315868
0.842283
0.40339
0.409758
0.489901
0.693816
0.335144
0.733236
0.871555
0.756963
0.997781
0.287817
0.179339
0.045078
0.333429
0.552529
0.537267
0.231737
0.829592
0.384791
0.160708
0.564015
0.944043
0.658378
0.006634
0.916403
0.440462
0.60609
0.131606
0.12229
0.801287
0.760015
0.891268
0.818787
0.399397
0.328673
0.166855
0.277766
0.521986
0.530921
0.546805
0.743226
0.696899
0.359229
0.331212
0.5643
0.93076
0.409407
0.305397
0.007796
0.990867
0.041787
0.723181
0.303334
0.991025
0.058191
0.230617
0.982212
0.733678
0.968943
0.720203
0.415681
0.729334
0.094965
0.233183
0.928214
0.416108
0.077634
0.624929
0.536135
0.344032
0.029288
0.9651
0.519125
0.855712
0.273495
0.960947
0.165489
0.18583
0.070447
0.202872
0.731996
0.682394
0.373703
0.7974
0.416042
0.901443
0.518883
0.559497
0.256776
0.254003
0.091986
0.210088
0.871325
0.315374
0.763182
0.540974
0.85533
0.39434
0.157773
0.757027
0.826493
0.702903
0.123561
0.927117
0.752346
0.620147
0.340773
0.100161
0.30748
0.443386
0.5755
0.850073
0.683312
0.145382
0.20081
0.917178
0.714245
0.326307
0.404373
0.393082
0.02046
0.948805
0.077013
0.305674
0.838326
0.275947
0.92682
0.527151
0.0948
0.541868
0.503962
0.76902
0.863784
0.506215
0.99925
0.80772
0.024359
0.194376
0.610699
0.003689
0.610053
0.000964
0.566257
0.791482
0.56052
0.72902
0.554686
0.526313
0.983206
0.214829
0.163362
0.511335
0.917597
0.865315
0.190691
0.537447
0.320983
0.354379
0.276578
0.635934
0.123147
0.254619
0.616002
0.473024
0.968797
0.341784
0.317422
0.75793
0.816231
0.940893
0.342504
0.730459
0.186202
0.97929
0.279232
0.440106
0.573852
0.976554
0.432766
0.55555
0.349963
0.61326
0.350201
0.134321
0.053252
0.596561
0.570212
0.165809
0.823102
0.795062
0.137866
0.481137
0.758303
0.230594
0.532317
0.407174
0.140171
0.112662
0.89244
0.817603
0.06678
0.089693
0.020946
0.012146
0.220172
0.914246
0.882652
0.443456
0.674922
0.150271
0.18672
0.418435
0.787651
0.043374
0.071898
0.429591
0.156644
0.615941
0.559277
0.509696
0.389175
0.061999
0.658428
0.045666
0.901116
0.156747
0.397263
0.256109
0.808028
0.5124
0.629763
0.8795
0.433361
0.10296
0.095793
0.057018
0.595214
0.102223
0.929275
0.814132
0.57353
0.725186
0.84534
0.186961
0.186628
0.714256
0.361192
0.320408
0.460835
0.662818
0.852478
0.980819
0.734662
0.648221
0.262943
0.569983
0.615784
0.781172
0.199919
0.606924
0.126426
0.300091
0.376306
0.092973
0.83619
0.801621
0.172683
0.401423
0.525532
0.93755
0.998324
0.471244
0.668738
0.096709
0.281916
0.191275
0.869617
0.045746
0.464614
0.735321
0.613434
0.46536
0.682297
0.287318
0.386443
0.261071
0.659234
0.411367
0.96487
0.09898
0.09884
0.737817
0.737606
0.825249
0.561271
0.996838
0.182521
0.24457
0.258451
0.882146
0.679573
0.312843
0.613998
0.919649
0.255552
0.154479
0.919035
0.840468
0.120819
0.664784
0.899218
0.848262
0.113255
0.069436
0.295666
0.359296
0.181872
0.872841
0.813628
0.809589
0.538699
0.229321
0.110551
0.445158
0.556131
0.172663
0.120426
0.622461
0.385225
0.76446
0.486025
0.884581
0.104406
0.746471
0.221155
0.260973
0.842263
0.377375
0.300285
0.711988
0.460399
0.316737
0.727043
0.871287
0.950224
0.295682
0.870694
0.29174
0.363593
0.717973
0.437488
0.390672
0.551731
0.867673
0.578014
0.318305
0.02482
0.193105
0.144011
0.723647
0.393892
0.891122
0.324861
0.370932
0.776237
0.275383
0.664294
0.40031
0.314198
0.722902
0.990981
0.471349
0.743509
0.008471
0.55838